2810	4	1.0
3230	5	1.0
1674	3	1.0
1319	5	1.0
252	4	1.0
1321	3	1.0
845	4	1.0
1671	6	1.0
2812	2	1.0
2814	1	1.0
1318	6	1.0
1668	4	1.0
2803	5	1.0
1681	5	1.0
243	1	1.0
1679	4	1.0
2806	2	1.0
1309	6	1.0
2150	4	1.0
1308	3	1.0
2807	2	1.0
1677	6	1.0
2808	2	1.0
3218	4	1.0
248	1	1.0
2809	1	1.0
3219	5	1.0
2151	4	1.0
1305	5	1.0
2125	6	1.0
3217	5	1.0
264	2	1.0
831	3	1.0
2126	3	1.0
266	4	1.0
2127	6	1.0
1307	6	1.0
2128	6	1.0
837	1	1.0
2129	4	1.0
268	4	1.0
2131	5	1.0
1655	2	1.0
1298	2	1.0
2132	5	1.0
2789	5	1.0
2133	5	1.0
258	4	1.0
824	5	1.0
2134	5	1.0
1665	4	1.0
260	4	1.0
830	4	1.0
261	1	1.0
1296	3	1.0
2137	3	1.0
262	4	1.0
2794	4	1.0
2113	6	1.0
875	1	1.0
222	4	1.0
1291	4	1.0
877	4	1.0
1696	3	1.0
1289	5	1.0
2115	6	1.0
2785	6	1.0
226	6	1.0
2786	6	1.0
2114	6	1.0
225	4	1.0
1287	3	1.0
217	4	1.0
216	5	1.0
3251	5	1.0
1708	3	1.0
2776	6	1.0
2124	6	1.0
2123	6	1.0
219	5	1.0
3247	5	1.0
1281	6	1.0
3243	2	1.0
3242	2	1.0
3245	5	1.0
2768	4	1.0
2774	4	1.0
2102	3	1.0
1275	5	1.0
3239	3	1.0
2100	6	1.0
3241	1	1.0
3240	3	1.0
1692	5	1.0
1272	5	1.0
2764	4	1.0
3236	5	1.0
852	6	1.0
1693	2	1.0
1273	4	1.0
1694	3	1.0
855	1	1.0
2766	3	1.0
1690	5	1.0
2107	3	1.0
2108	3	1.0
1268	4	1.0
858	6	1.0
2868	5	1.0
795	1	1.0
3280	3	1.0
310	6	1.0
2865	6	1.0
789	1	1.0
2862	3	1.0
2863	6	1.0
1731	3	1.0
1730	2	1.0
2864	6	1.0
785	3	1.0
2201	1	1.0
2859	4	1.0
784	3	1.0
3277	4	1.0
3278	1	1.0
782	3	1.0
781	3	1.0
3268	3	1.0
1712	6	1.0
1248	4	1.0
1710	6	1.0
325	3	1.0
780	4	1.0
3272	5	1.0
778	4	1.0
2851	1	1.0
3262	3	1.0
774	4	1.0
317	1	1.0
318	4	1.0
2193	5	1.0
3259	3	1.0
1722	5	1.0
2845	5	1.0
1243	3	1.0
2847	6	1.0
3263	1	1.0
821	6	1.0
1752	3	1.0
823	1	1.0
1754	4	1.0
2841	1	1.0
1232	4	1.0
2842	5	1.0
818	1	1.0
2169	3	1.0
3312	5	1.0
1757	3	1.0
820	4	1.0
1759	1	1.0
3301	4	1.0
276	4	1.0
1758	2	1.0
275	5	1.0
1226	3	1.0
2177	5	1.0
1760	5	1.0
274	2	1.0
811	6	1.0
810	1	1.0
3305	5	1.0
272	1	1.0
2833	3	1.0
2174	5	1.0
1763	3	1.0
297	4	1.0
808	1	1.0
2828	6	1.0
295	2	1.0
3297	1	1.0
1739	5	1.0
2156	3	1.0
1219	6	1.0
1224	6	1.0
804	4	1.0
2825	6	1.0
291	2	1.0
1743	5	1.0
800	4	1.0
1745	5	1.0
2163	4	1.0
1746	5	1.0
2820	3	1.0
2819	3	1.0
3291	1	1.0
798	4	1.0
1215	6	1.0
3113	2	1.0
1202	6	1.0
2692	5	1.0
355	3	1.0
1203	6	1.0
3110	5	1.0
1567	1	1.0
1199	6	1.0
731	1	1.0
2028	5	1.0
2700	1	1.0
3120	6	1.0
2701	3	1.0
3118	2	1.0
1562	5	1.0
735	1	1.0
3117	4	1.0
2703	5	1.0
3116	4	1.0
2033	6	1.0
1557	3	1.0
1206	1	1.0
2034	6	1.0
366	4	1.0
2704	1	1.0
368	1	1.0
2022	3	1.0
716	6	1.0
715	4	1.0
714	5	1.0
1189	6	1.0
372	3	1.0
2682	3	1.0
718	4	1.0
2024	6	1.0
3093	5	1.0
1551	6	1.0
2027	5	1.0
1185	4	1.0
2026	6	1.0
2685	1	1.0
2014	2	1.0
1197	3	1.0
2687	4	1.0
1548	3	1.0
2688	3	1.0
1196	5	1.0
376	3	1.0
1547	3	1.0
3102	6	1.0
3100	5	1.0
3101	6	1.0
2019	4	1.0
2009	6	1.0
755	5	1.0
328	3	1.0
2666	3	1.0
1176	5	1.0
756	4	1.0
3141	3	1.0
2664	4	1.0
1174	3	1.0
2008	5	1.0
758	1	1.0
1593	4	1.0
1594	4	1.0
1170	4	1.0
1171	3	1.0
761	1	1.0
764	4	1.0
1181	3	1.0
766	3	1.0
2006	6	1.0
2004	6	1.0
342	1	1.0
1995	6	1.0
1160	3	1.0
3126	5	1.0
1994	2	1.0
743	4	1.0
744	3	1.0
1158	5	1.0
2654	2	1.0
343	4	1.0
349	1	1.0
748	4	1.0
1988	3	1.0
2660	3	1.0
3132	6	1.0
750	4	1.0
1577	1	1.0
3134	6	1.0
1166	4	1.0
353	3	1.0
1572	6	1.0
752	1	1.0
352	1	1.0
3129	5	1.0
751	1	1.0
2662	3	1.0
1163	5	1.0
350	4	1.0
753	1	1.0
412	1	1.0
1144	5	1.0
2753	6	1.0
3163	4	1.0
2095	2	1.0
1145	4	1.0
2096	6	1.0
1146	5	1.0
2090	1	1.0
673	5	1.0
2093	6	1.0
1624	3	1.0
1614	3	1.0
420	4	1.0
1151	3	1.0
1619	6	1.0
3173	4	1.0
2737	3	1.0
663	6	1.0
2738	3	1.0
2081	6	1.0
1612	3	1.0
3155	5	1.0
425	1	1.0
3158	2	1.0
670	4	1.0
433	6	1.0
1601	3	1.0
2075	3	1.0
1600	3	1.0
430	5	1.0
3161	3	1.0
1139	3	1.0
667	1	1.0
1604	6	1.0
432	2	1.0
2072	6	1.0
1602	3	1.0
2068	1	1.0
1117	3	1.0
2066	4	1.0
1649	6	1.0
1650	4	1.0
705	6	1.0
1651	4	1.0
384	3	1.0
1121	2	1.0
382	6	1.0
2063	6	1.0
710	3	1.0
2061	6	1.0
1124	5	1.0
2732	2	1.0
3200	5	1.0
2730	3	1.0
712	4	1.0
2060	3	1.0
707	4	1.0
3201	3	1.0
1645	4	1.0
2055	6	1.0
2056	6	1.0
3202	3	1.0
1646	6	1.0
709	4	1.0
2727	3	1.0
401	1	1.0
2712	5	1.0
2710	3	1.0
1635	3	1.0
2052	3	1.0
3180	3	1.0
1107	3	1.0
686	4	1.0
2051	6	1.0
3181	1	1.0
2050	6	1.0
2708	6	1.0
2049	6	1.0
1110	3	1.0
1109	6	1.0
2047	3	1.0
3185	2	1.0
1629	4	1.0
2717	1	1.0
1108	3	1.0
693	1	1.0
1114	6	1.0
3187	6	1.0
2715	3	1.0
2043	4	1.0
1633	3	1.0
487	1	1.0
2996	3	1.0
2575	4	1.0
2347	6	1.0
14	4	1.0
488	1	1.0
1877	5	1.0
16	4	1.0
17	3	1.0
2987	1	1.0
1045	2	1.0
480	5	1.0
11	4	1.0
2355	1	1.0
1886	3	1.0
2569	2	1.0
1522	4	1.0
2568	3	1.0
478	4	1.0
2988	1	1.0
2983	6	1.0
2985	1	1.0
3007	6	1.0
1894	3	1.0
1067	5	1.0
1893	2	1.0
2361	1	1.0
2360	4	1.0
471	4	1.0
1890	6	1.0
1070	1	1.0
3004	1	1.0
3005	6	1.0
2363	5	1.0
1901	6	1.0
1060	5	1.0
1059	3	1.0
2584	3	1.0
1535	2	1.0
464	4	1.0
1061	3	1.0
1897	3	1.0
470	4	1.0
2372	3	1.0
2998	2	1.0
2586	3	1.0
1530	3	1.0
2548	3	1.0
1082	3	1.0
47	1	1.0
457	4	1.0
2319	2	1.0
48	1	1.0
459	5	1.0
1080	1	1.0
1500	3	1.0
2320	3	1.0
2321	5	1.0
461	4	1.0
44	1	1.0
1085	1	1.0
1906	5	1.0
2550	6	1.0
462	3	1.0
1903	3	1.0
1498	3	1.0
2552	2	1.0
450	3	1.0
2325	5	1.0
2541	1	1.0
2326	3	1.0
451	3	1.0
1076	4	1.0
2542	4	1.0
3015	4	1.0
1494	5	1.0
1074	4	1.0
2328	5	1.0
453	5	1.0
2544	1	1.0
2329	4	1.0
454	1	1.0
2330	5	1.0
1913	3	1.0
35	4	1.0
2545	1	1.0
1077	3	1.0
1096	5	1.0
444	3	1.0
1513	5	1.0
2333	3	1.0
1922	4	1.0
1095	6	1.0
2561	5	1.0
2562	3	1.0
445	4	1.0
448	4	1.0
2336	3	1.0
30	5	1.0
1099	3	1.0
1918	6	1.0
3031	3	1.0
449	1	1.0
3032	6	1.0
28	1	1.0
437	1	1.0
3029	4	1.0
1089	3	1.0
1088	1	1.0
3028	3	1.0
1927	6	1.0
1507	3	1.0
25	4	1.0
1926	6	1.0
440	4	1.0
2558	3	1.0
2559	4	1.0
1931	3	1.0
70	4	1.0
546	3	1.0
3045	3	1.0
2633	3	1.0
545	2	1.0
3049	1	1.0
73	1	1.0
1473	3	1.0
74	3	1.0
998	5	1.0
1936	1	1.0
3051	1	1.0
2401	4	1.0
75	5	1.0
541	2	1.0
1938	4	1.0
3038	3	1.0
1463	2	1.0
2412	6	1.0
538	5	1.0
2626	3	1.0
996	1	1.0
990	1	1.0
2410	3	1.0
535	5	1.0
3042	5	1.0
2624	5	1.0
992	5	1.0
2623	2	1.0
3043	6	1.0
2421	5	1.0
3059	4	1.0
1483	6	1.0
56	3	1.0
1947	5	1.0
2647	1	1.0
1017	3	1.0
2419	6	1.0
58	3	1.0
1949	4	1.0
1487	5	1.0
2646	5	1.0
1485	6	1.0
1477	2	1.0
49	4	1.0
3053	3	1.0
1010	1	1.0
2424	3	1.0
1955	6	1.0
1958	5	1.0
2423	3	1.0
1478	1	1.0
2422	1	1.0
99	4	1.0
100	1	1.0
97	5	1.0
1029	3	1.0
1443	3	1.0
1444	2	1.0
3077	2	1.0
102	1	1.0
1963	5	1.0
3068	5	1.0
3067	2	1.0
1966	2	1.0
511	4	1.0
1435	6	1.0
91	5	1.0
1436	6	1.0
1020	5	1.0
1437	6	1.0
94	4	1.0
1969	5	1.0
1438	1	1.0
1970	4	1.0
86	4	1.0
3086	5	1.0
84	5	1.0
1043	3	1.0
2394	6	1.0
1972	5	1.0
3087	3	1.0
2622	3	1.0
1042	3	1.0
1458	6	1.0
90	1	1.0
500	1	1.0
1978	2	1.0
1976	5	1.0
1459	5	1.0
2619	1	1.0
2399	6	1.0
1447	6	1.0
2398	5	1.0
1981	6	1.0
495	1	1.0
78	5	1.0
1036	3	1.0
1980	4	1.0
77	1	1.0
1448	6	1.0
2395	5	1.0
2610	3	1.0
492	6	1.0
1450	3	1.0
3083	6	1.0
1032	6	1.0
494	1	1.0
80	4	1.0
2245	3	1.0
1775	6	1.0
2459	6	1.0
2877	4	1.0
1778	6	1.0
936	1	1.0
123	4	1.0
2242	5	1.0
2458	5	1.0
119	4	1.0
2462	6	1.0
2872	4	1.0
1773	6	1.0
594	1	1.0
593	4	1.0
2874	6	1.0
2247	4	1.0
1405	3	1.0
2461	4	1.0
940	1	1.0
2882	4	1.0
2883	6	1.0
1417	3	1.0
2466	1	1.0
131	5	1.0
1771	1	1.0
1416	2	1.0
2236	3	1.0
596	1	1.0
2885	1	1.0
2469	5	1.0
946	1	1.0
1765	6	1.0
2470	1	1.0
2467	4	1.0
947	4	1.0
599	4	1.0
2889	6	1.0
109	3	1.0
1422	6	1.0
1421	1	1.0
581	4	1.0
2260	4	1.0
579	3	1.0
1788	5	1.0
1420	4	1.0
2251	5	1.0
115	1	1.0
2479	3	1.0
584	1	1.0
957	4	1.0
2249	3	1.0
2478	5	1.0
2484	3	1.0
961	3	1.0
585	1	1.0
1781	5	1.0
2894	4	1.0
2429	6	1.0
965	1	1.0
152	4	1.0
151	3	1.0
964	5	1.0
1805	3	1.0
2216	5	1.0
2432	5	1.0
1802	3	1.0
2218	3	1.0
1377	5	1.0
1380	2	1.0
1800	4	1.0
2435	1	1.0
2220	1	1.0
972	3	1.0
2912	3	1.0
2437	6	1.0
2208	5	1.0
2212	5	1.0
155	4	1.0
2211	5	1.0
2440	6	1.0
574	4	1.0
153	4	1.0
1386	5	1.0
547	1	1.0
2229	3	1.0
2443	4	1.0
979	3	1.0
549	1	1.0
1818	3	1.0
2232	3	1.0
2915	4	1.0
982	1	1.0
1816	5	1.0
132	1	1.0
2449	2	1.0
1814	3	1.0
1394	3	1.0
133	1	1.0
555	4	1.0
986	2	1.0
1812	6	1.0
2925	5	1.0
984	1	1.0
2923	5	1.0
987	1	1.0
139	1	1.0
559	4	1.0
140	1	1.0
2455	1	1.0
1807	4	1.0
1828	6	1.0
2517	2	1.0
650	1	1.0
174	2	1.0
649	4	1.0
2302	5	1.0
1830	4	1.0
648	1	1.0
176	5	1.0
1829	3	1.0
175	1	1.0
647	4	1.0
2514	4	1.0
178	1	1.0
1355	5	1.0
2299	4	1.0
1833	4	1.0
181	4	1.0
2297	6	1.0
890	2	1.0
183	4	1.0
2295	4	1.0
2936	3	1.0
182	1	1.0
2938	3	1.0
1824	5	1.0
1826	6	1.0
1841	5	1.0
2942	5	1.0
1842	6	1.0
1366	5	1.0
2941	5	1.0
2944	3	1.0
2316	5	1.0
893	1	1.0
2313	1	1.0
895	3	1.0
630	3	1.0
1847	6	1.0
2946	4	1.0
904	4	1.0
2538	6	1.0
2951	5	1.0
641	4	1.0
2309	5	1.0
1837	6	1.0
640	4	1.0
2954	5	1.0
637	4	1.0
902	4	1.0
2534	1	1.0
903	4	1.0
173	5	1.0
2533	1	1.0
621	1	1.0
204	1	1.0
2488	1	1.0
1857	4	1.0
2274	6	1.0
1325	6	1.0
1324	5	1.0
1861	3	1.0
2960	3	1.0
2485	1	1.0
616	2	1.0
206	4	1.0
1860	2	1.0
2486	3	1.0
1330	5	1.0
1329	1	1.0
1850	1	1.0
627	3	1.0
918	3	1.0
209	1	1.0
1849	1	1.0
2268	5	1.0
1331	4	1.0
2264	3	1.0
2968	4	1.0
2493	5	1.0
2266	5	1.0
625	1	1.0
2265	3	1.0
2494	4	1.0
212	1	1.0
2503	4	1.0
190	4	1.0
1869	1	1.0
2290	5	1.0
2284	3	1.0
1339	6	1.0
1341	6	1.0
1342	6	1.0
2500	2	1.0
933	1	1.0
2509	5	1.0
1862	6	1.0
932	1	1.0
2283	1	1.0
2277	3	1.0
1867	3	1.0
610	4	1.0
2981	5	1.0
2980	5	1.0
198	1	1.0
2979	5	1.0
1349	2	1.0
199	1	1.0
