2810	4	1.0
487	1	1.0
1201	3	1.0
2348	6	1.0
251	1	1.0
1411	4	1.0
3113	2	1.0
3230	5	1.0
1528	1	1.0
18	5	1.0
1879	6	1.0
591	4	1.0
1674	3	1.0
2245	3	1.0
847	1	1.0
1319	5	1.0
2876	5	1.0
1775	6	1.0
2459	6	1.0
2036	4	1.0
1202	6	1.0
1673	3	1.0
2692	5	1.0
846	3	1.0
20	1	1.0
727	1	1.0
2996	3	1.0
355	3	1.0
2877	4	1.0
1409	5	1.0
3111	6	1.0
1881	3	1.0
2141	3	1.0
3228	6	1.0
590	1	1.0
1203	6	1.0
2811	4	1.0
252	4	1.0
1778	6	1.0
2575	4	1.0
1321	3	1.0
845	4	1.0
936	1	1.0
123	4	1.0
2347	6	1.0
2242	5	1.0
2694	4	1.0
3229	3	1.0
1204	4	1.0
1527	4	1.0
2458	5	1.0
2878	3	1.0
1671	6	1.0
2574	6	1.0
2812	2	1.0
2696	5	1.0
2248	5	1.0
2143	2	1.0
1316	5	1.0
119	4	1.0
14	4	1.0
2462	6	1.0
2872	4	1.0
595	1	1.0
1773	6	1.0
2813	4	1.0
490	1	1.0
3110	5	1.0
850	1	1.0
1198	4	1.0
2142	5	1.0
2580	3	1.0
733	5	1.0
1670	6	1.0
2039	1	1.0
1772	1	1.0
594	1	1.0
1567	1	1.0
2814	1	1.0
2352	1	1.0
1315	5	1.0
1669	4	1.0
2698	2	1.0
1199	6	1.0
1318	6	1.0
2145	2	1.0
256	1	1.0
593	4	1.0
488	1	1.0
2040	6	1.0
1877	5	1.0
2874	6	1.0
2247	4	1.0
731	1	1.0
16	4	1.0
1405	3	1.0
1565	2	1.0
2461	4	1.0
3226	6	1.0
940	1	1.0
17	3	1.0
1668	4	1.0
2987	1	1.0
2028	5	1.0
736	1	1.0
2700	1	1.0
2146	6	1.0
1045	2	1.0
1208	4	1.0
3120	6	1.0
598	4	1.0
2803	5	1.0
480	5	1.0
11	4	1.0
2882	4	1.0
2355	1	1.0
1886	3	1.0
1681	5	1.0
2569	2	1.0
2356	4	1.0
2883	6	1.0
3119	6	1.0
1522	4	1.0
1768	5	1.0
1417	3	1.0
12	1	1.0
2466	1	1.0
243	1	1.0
1519	6	1.0
2353	3	1.0
245	4	1.0
2568	3	1.0
1679	4	1.0
131	5	1.0
2989	5	1.0
1771	1	1.0
1416	2	1.0
478	4	1.0
2236	3	1.0
596	1	1.0
3222	5	1.0
2701	3	1.0
3118	2	1.0
1562	5	1.0
1313	5	1.0
2885	1	1.0
1678	4	1.0
735	1	1.0
244	5	1.0
2805	5	1.0
2354	2	1.0
1048	3	1.0
2988	1	1.0
838	1	1.0
2469	5	1.0
2806	2	1.0
2358	1	1.0
2983	6	1.0
946	1	1.0
247	1	1.0
1309	6	1.0
3117	4	1.0
602	5	1.0
844	1	1.0
2031	5	1.0
2703	5	1.0
739	4	1.0
2150	4	1.0
1765	6	1.0
3116	4	1.0
2470	1	1.0
1308	3	1.0
601	1	1.0
1560	2	1.0
246	1	1.0
3220	6	1.0
2807	2	1.0
2359	6	1.0
843	4	1.0
2702	3	1.0
740	2	1.0
1677	6	1.0
2033	6	1.0
2985	1	1.0
842	4	1.0
2808	2	1.0
1557	3	1.0
3218	4	1.0
1311	5	1.0
1206	1	1.0
1676	1	1.0
2467	4	1.0
2705	3	1.0
2357	3	1.0
482	4	1.0
2984	4	1.0
2034	6	1.0
947	4	1.0
1310	3	1.0
738	1	1.0
2881	4	1.0
248	1	1.0
366	4	1.0
2809	1	1.0
3219	5	1.0
3114	2	1.0
1558	5	1.0
2704	1	1.0
599	4	1.0
2151	4	1.0
1207	3	1.0
1412	3	1.0
3007	6	1.0
1894	3	1.0
1305	5	1.0
2473	6	1.0
368	1	1.0
2125	6	1.0
1067	5	1.0
3217	5	1.0
2022	3	1.0
716	6	1.0
2889	6	1.0
1542	6	1.0
1306	4	1.0
3008	5	1.0
2362	4	1.0
1893	2	1.0
473	1	1.0
2472	2	1.0
367	4	1.0
949	2	1.0
577	4	1.0
109	3	1.0
1425	4	1.0
833	5	1.0
2679	6	1.0
715	4	1.0
264	2	1.0
2021	5	1.0
714	5	1.0
7	1	1.0
1658	5	1.0
2361	1	1.0
1541	6	1.0
831	3	1.0
1422	6	1.0
1555	6	1.0
370	1	1.0
2892	3	1.0
575	4	1.0
2126	3	1.0
2680	4	1.0
2798	2	1.0
2360	4	1.0
6	2	1.0
3098	6	1.0
2023	3	1.0
576	4	1.0
1540	3	1.0
266	4	1.0
471	4	1.0
2127	6	1.0
1307	6	1.0
1554	4	1.0
1189	6	1.0
3214	5	1.0
3009	4	1.0
104	4	1.0
2261	6	1.0
2025	4	1.0
1890	6	1.0
372	3	1.0
2477	3	1.0
1421	1	1.0
2128	6	1.0
2682	3	1.0
2366	2	1.0
105	1	1.0
837	1	1.0
718	4	1.0
2129	4	1.0
268	4	1.0
2024	6	1.0
3213	2	1.0
1070	1	1.0
581	4	1.0
3004	1	1.0
3096	6	1.0
371	6	1.0
2476	6	1.0
2799	6	1.0
1184	6	1.0
3093	5	1.0
2802	6	1.0
373	4	1.0
1551	6	1.0
2475	3	1.0
2027	5	1.0
3005	6	1.0
2260	4	1.0
1892	4	1.0
1654	5	1.0
1304	6	1.0
1185	4	1.0
2887	6	1.0
2026	6	1.0
579	3	1.0
2131	5	1.0
1788	5	1.0
1420	4	1.0
2363	5	1.0
1891	6	1.0
1655	2	1.0
717	6	1.0
2251	5	1.0
115	1	1.0
723	1	1.0
2685	1	1.0
2790	3	1.0
826	4	1.0
1901	6	1.0
1431	4	1.0
1060	5	1.0
1298	2	1.0
1059	3	1.0
1549	5	1.0
2132	5	1.0
2252	3	1.0
2014	2	1.0
466	6	1.0
3106	2	1.0
2584	3	1.0
2479	3	1.0
2789	5	1.0
1535	2	1.0
584	1	1.0
582	4	1.0
2899	5	1.0
465	1	1.0
1197	3	1.0
2687	4	1.0
1548	3	1.0
2133	5	1.0
258	4	1.0
957	4	1.0
3002	3	1.0
1062	4	1.0
2249	3	1.0
824	5	1.0
1429	5	1.0
2478	5	1.0
2016	5	1.0
464	4	1.0
1533	3	1.0
2688	3	1.0
2134	5	1.0
1196	5	1.0
376	3	1.0
1547	3	1.0
259	1	1.0
1665	4	1.0
1430	5	1.0
720	1	1.0
117	1	1.0
1061	3	1.0
3102	6	1.0
1294	6	1.0
1897	3	1.0
2135	1	1.0
1779	5	1.0
260	4	1.0
2689	3	1.0
470	4	1.0
2484	3	1.0
2254	3	1.0
111	1	1.0
2997	1	1.0
1295	3	1.0
2483	4	1.0
378	3	1.0
2372	3	1.0
1191	3	1.0
830	4	1.0
261	1	1.0
3206	5	1.0
1664	5	1.0
1426	3	1.0
2482	5	1.0
2998	2	1.0
961	3	1.0
2371	5	1.0
2253	3	1.0
1296	3	1.0
2137	3	1.0
3205	5	1.0
2690	3	1.0
1544	4	1.0
1899	4	1.0
585	1	1.0
2795	5	1.0
262	4	1.0
113	3	1.0
3100	5	1.0
828	4	1.0
114	2	1.0
2481	4	1.0
2794	4	1.0
2999	2	1.0
724	2	1.0
1781	5	1.0
2894	4	1.0
1192	4	1.0
1543	6	1.0
2586	3	1.0
3101	6	1.0
1530	3	1.0
263	5	1.0
2019	4	1.0
1595	5	1.0
2667	1	1.0
2548	3	1.0
2429	6	1.0
1082	3	1.0
2113	6	1.0
965	1	1.0
47	1	1.0
152	4	1.0
1382	4	1.0
2009	6	1.0
755	5	1.0
457	4	1.0
3138	3	1.0
328	3	1.0
1596	5	1.0
151	3	1.0
2666	3	1.0
964	5	1.0
1499	3	1.0
2319	2	1.0
561	4	1.0
1176	5	1.0
1805	3	1.0
2906	3	1.0
756	4	1.0
48	1	1.0
1173	5	1.0
459	5	1.0
1383	6	1.0
1080	1	1.0
150	3	1.0
1907	6	1.0
2665	6	1.0
1702	3	1.0
1500	3	1.0
3141	3	1.0
875	1	1.0
2320	3	1.0
1804	5	1.0
962	6	1.0
2216	5	1.0
2783	2	1.0
222	4	1.0
1291	4	1.0
2321	5	1.0
2664	4	1.0
3021	1	1.0
1174	3	1.0
2008	5	1.0
1803	3	1.0
2904	4	1.0
2432	5	1.0
874	4	1.0
1501	3	1.0
461	4	1.0
3020	5	1.0
877	4	1.0
1802	3	1.0
44	1	1.0
2551	6	1.0
565	1	1.0
2322	6	1.0
758	1	1.0
1085	1	1.0
228	4	1.0
1290	3	1.0
1495	3	1.0
2219	3	1.0
3252	5	1.0
2787	1	1.0
331	2	1.0
2013	1	1.0
1696	3	1.0
2323	5	1.0
2218	3	1.0
1086	5	1.0
2433	6	1.0
1377	5	1.0
1172	5	1.0
564	6	1.0
1906	5	1.0
1801	2	1.0
1593	4	1.0
2550	6	1.0
1289	5	1.0
2116	3	1.0
227	1	1.0
1380	2	1.0
1497	1	1.0
1800	4	1.0
2900	3	1.0
3018	4	1.0
2115	6	1.0
1594	4	1.0
1170	4	1.0
462	3	1.0
1903	3	1.0
1288	1	1.0
760	1	1.0
2785	6	1.0
1083	5	1.0
226	6	1.0
147	1	1.0
1498	3	1.0
1379	5	1.0
2435	1	1.0
2552	2	1.0
2011	3	1.0
3137	3	1.0
1171	3	1.0
2220	1	1.0
761	1	1.0
3017	2	1.0
2114	6	1.0
2786	6	1.0
225	4	1.0
1915	3	1.0
450	3	1.0
2120	3	1.0
569	1	1.0
972	3	1.0
2325	5	1.0
40	1	1.0
1389	1	1.0
2912	3	1.0
1707	6	1.0
2541	1	1.0
1075	2	1.0
218	2	1.0
1182	2	1.0
1287	3	1.0
2437	6	1.0
1916	3	1.0
1798	5	1.0
2326	3	1.0
451	3	1.0
2208	5	1.0
3145	3	1.0
2540	2	1.0
217	4	1.0
971	1	1.0
1076	4	1.0
3148	1	1.0
1797	4	1.0
2542	4	1.0
2327	5	1.0
2438	5	1.0
763	3	1.0
216	5	1.0
970	6	1.0
3015	4	1.0
2910	1	1.0
3251	5	1.0
1796	5	1.0
1494	5	1.0
1708	3	1.0
1074	4	1.0
764	4	1.0
2776	6	1.0
2328	5	1.0
453	5	1.0
156	4	1.0
1181	3	1.0
1283	4	1.0
2544	1	1.0
3143	2	1.0
1488	6	1.0
2212	5	1.0
1585	5	1.0
1078	1	1.0
2329	4	1.0
2124	6	1.0
765	1	1.0
1795	6	1.0
454	1	1.0
1912	3	1.0
155	4	1.0
2005	6	1.0
339	5	1.0
2781	4	1.0
3246	5	1.0
766	3	1.0
220	4	1.0
2211	5	1.0
2006	6	1.0
38	4	1.0
2330	5	1.0
869	1	1.0
2676	5	1.0
1384	4	1.0
1913	3	1.0
1179	6	1.0
2123	6	1.0
2440	6	1.0
35	4	1.0
3011	6	1.0
1587	4	1.0
219	5	1.0
574	4	1.0
3247	5	1.0
1281	6	1.0
1387	2	1.0
871	6	1.0
336	4	1.0
1490	2	1.0
2546	2	1.0
153	4	1.0
1178	4	1.0
1588	4	1.0
2545	1	1.0
36	1	1.0
768	1	1.0
456	4	1.0
3010	4	1.0
1704	6	1.0
2779	4	1.0
1077	3	1.0
1491	6	1.0
1386	5	1.0
2004	6	1.0
1279	5	1.0
3243	2	1.0
547	1	1.0
2228	5	1.0
342	1	1.0
1582	5	1.0
137	1	1.0
2099	6	1.0
1162	3	1.0
238	1	1.0
2444	1	1.0
34	1	1.0
1096	5	1.0
3036	4	1.0
444	3	1.0
1923	6	1.0
1513	5	1.0
1395	3	1.0
2333	3	1.0
2229	3	1.0
138	1	1.0
1922	4	1.0
1995	6	1.0
2332	2	1.0
1095	6	1.0
2443	4	1.0
2561	5	1.0
1396	4	1.0
3242	2	1.0
979	3	1.0
1686	3	1.0
1160	3	1.0
2097	5	1.0
1515	2	1.0
1994	2	1.0
3126	5	1.0
3245	5	1.0
2562	3	1.0
549	1	1.0
860	5	1.0
2918	5	1.0
1687	5	1.0
2446	1	1.0
2651	3	1.0
2334	3	1.0
1993	2	1.0
3127	1	1.0
1094	5	1.0
3035	4	1.0
2917	6	1.0
445	4	1.0
340	1	1.0
2768	4	1.0
861	1	1.0
743	4	1.0
1818	3	1.0
1514	5	1.0
448	4	1.0
745	4	1.0
1510	3	1.0
3033	6	1.0
2447	4	1.0
1391	3	1.0
1999	4	1.0
981	1	1.0
2656	5	1.0
2774	4	1.0
2102	3	1.0
551	4	1.0
241	1	1.0
1275	5	1.0
2232	3	1.0
3239	3	1.0
2336	3	1.0
2915	4	1.0
242	1	1.0
982	1	1.0
863	5	1.0
30	5	1.0
1099	3	1.0
1509	3	1.0
744	3	1.0
135	2	1.0
1158	5	1.0
1816	5	1.0
1276	3	1.0
864	1	1.0
132	1	1.0
2449	2	1.0
1274	4	1.0
2654	2	1.0
1918	6	1.0
3031	3	1.0
2100	6	1.0
239	3	1.0
3241	1	1.0
2338	6	1.0
2448	3	1.0
449	1	1.0
343	4	1.0
1814	3	1.0
2772	1	1.0
3032	6	1.0
1997	5	1.0
3240	3	1.0
28	1	1.0
1580	3	1.0
1394	3	1.0
133	1	1.0
27	3	1.0
437	1	1.0
985	1	1.0
3029	4	1.0
1989	3	1.0
1692	5	1.0
2764	4	1.0
1272	5	1.0
3236	5	1.0
349	1	1.0
231	1	1.0
2659	3	1.0
555	4	1.0
748	4	1.0
2450	1	1.0
852	6	1.0
986	2	1.0
1693	2	1.0
2222	3	1.0
1812	6	1.0
348	1	1.0
1089	3	1.0
1988	3	1.0
2660	3	1.0
1168	4	1.0
3132	6	1.0
1273	4	1.0
556	4	1.0
853	6	1.0
1270	5	1.0
2925	5	1.0
750	4	1.0
1694	3	1.0
2223	3	1.0
1577	1	1.0
1088	1	1.0
3028	3	1.0
1927	6	1.0
984	1	1.0
3134	6	1.0
2556	6	1.0
854	6	1.0
2924	5	1.0
1507	3	1.0
1811	5	1.0
557	3	1.0
1166	4	1.0
1576	6	1.0
2658	3	1.0
2341	4	1.0
25	4	1.0
234	4	1.0
2557	3	1.0
855	1	1.0
353	3	1.0
2923	5	1.0
1572	6	1.0
441	4	1.0
3233	1	1.0
1398	4	1.0
752	1	1.0
24	3	1.0
1992	4	1.0
352	1	1.0
3129	5	1.0
2226	5	1.0
2766	3	1.0
1809	3	1.0
1690	5	1.0
1926	6	1.0
989	1	1.0
235	4	1.0
440	4	1.0
2453	6	1.0
2558	3	1.0
1502	6	1.0
751	1	1.0
1091	3	1.0
987	1	1.0
3234	1	1.0
2661	3	1.0
2107	3	1.0
2456	1	1.0
754	1	1.0
2345	3	1.0
232	4	1.0
351	1	1.0
139	1	1.0
1925	3	1.0
1806	6	1.0
559	4	1.0
2559	4	1.0
2662	3	1.0
1163	5	1.0
140	1	1.0
2344	3	1.0
350	4	1.0
2108	3	1.0
442	3	1.0
2455	1	1.0
1268	4	1.0
2560	6	1.0
858	6	1.0
753	1	1.0
2920	5	1.0
1807	4	1.0
1000	4	1.0
1828	6	1.0
2868	5	1.0
2304	5	1.0
1469	3	1.0
2927	4	1.0
2517	2	1.0
412	1	1.0
1931	3	1.0
70	4	1.0
2407	4	1.0
650	1	1.0
2869	4	1.0
546	3	1.0
174	2	1.0
1470	6	1.0
3045	3	1.0
71	1	1.0
795	1	1.0
649	4	1.0
1827	5	1.0
3283	4	1.0
1262	3	1.0
2302	5	1.0
1467	3	1.0
1724	3	1.0
1144	5	1.0
2870	1	1.0
414	6	1.0
3280	3	1.0
1830	4	1.0
2634	4	1.0
1351	5	1.0
2753	6	1.0
3163	4	1.0
648	1	1.0
885	5	1.0
2095	2	1.0
2405	5	1.0
1933	3	1.0
176	5	1.0
544	6	1.0
1829	3	1.0
2633	3	1.0
1145	4	1.0
310	6	1.0
2199	2	1.0
2516	6	1.0
175	1	1.0
793	1	1.0
545	2	1.0
2096	6	1.0
2403	6	1.0
1146	5	1.0
647	4	1.0
3285	5	1.0
3049	1	1.0
178	1	1.0
2514	4	1.0
73	1	1.0
1473	3	1.0
2090	1	1.0
542	4	1.0
673	5	1.0
2865	6	1.0
792	4	1.0
410	1	1.0
1626	5	1.0
2404	4	1.0
791	1	1.0
2515	4	1.0
74	3	1.0
1263	3	1.0
1935	5	1.0
1355	5	1.0
2631	6	1.0
998	5	1.0
2866	4	1.0
674	4	1.0
2299	4	1.0
672	1	1.0
1936	1	1.0
3051	1	1.0
2401	4	1.0
2092	4	1.0
882	5	1.0
2867	5	1.0
1833	4	1.0
1354	2	1.0
1728	5	1.0
75	5	1.0
541	2	1.0
1937	1	1.0
2093	6	1.0
2298	5	1.0
2513	5	1.0
1624	3	1.0
789	1	1.0
2402	4	1.0
1148	5	1.0
881	3	1.0
2749	6	1.0
76	1	1.0
1353	3	1.0
1938	4	1.0
2629	5	1.0
1359	2	1.0
63	4	1.0
1614	3	1.0
181	4	1.0
3039	6	1.0
2934	6	1.0
1254	3	1.0
302	3	1.0
2759	3	1.0
2297	6	1.0
1358	5	1.0
3038	3	1.0
788	1	1.0
656	4	1.0
420	4	1.0
994	5	1.0
2862	3	1.0
1150	6	1.0
1463	2	1.0
890	2	1.0
787	1	1.0
2412	6	1.0
183	4	1.0
2295	4	1.0
2936	3	1.0
995	1	1.0
1151	3	1.0
1731	3	1.0
2863	6	1.0
304	4	1.0
1613	6	1.0
786	1	1.0
182	1	1.0
654	6	1.0
538	5	1.0
1255	5	1.0
3040	6	1.0
683	1	1.0
1730	2	1.0
2626	3	1.0
1357	2	1.0
996	1	1.0
1152	6	1.0
2864	6	1.0
299	2	1.0
2293	6	1.0
2410	3	1.0
990	1	1.0
2938	3	1.0
785	3	1.0
185	4	1.0
535	5	1.0
416	6	1.0
1618	6	1.0
3042	5	1.0
2521	3	1.0
2625	3	1.0
536	4	1.0
2201	1	1.0
2859	4	1.0
2411	2	1.0
1619	6	1.0
1824	5	1.0
2522	4	1.0
417	1	1.0
1942	5	1.0
298	5	1.0
784	3	1.0
3041	5	1.0
1256	3	1.0
301	6	1.0
3277	4	1.0
2624	5	1.0
992	5	1.0
1826	6	1.0
187	1	1.0
68	4	1.0
3044	2	1.0
2292	3	1.0
652	1	1.0
2085	5	1.0
783	5	1.0
2757	6	1.0
533	1	1.0
1734	5	1.0
3278	1	1.0
1617	3	1.0
2861	6	1.0
1944	3	1.0
1825	5	1.0
2623	2	1.0
69	3	1.0
418	1	1.0
2086	4	1.0
1258	4	1.0
186	1	1.0
3043	6	1.0
782	3	1.0
3173	4	1.0
1841	5	1.0
2942	5	1.0
2421	5	1.0
897	3	1.0
1608	3	1.0
427	1	1.0
781	3	1.0
3059	4	1.0
2532	1	1.0
57	5	1.0
2737	3	1.0
663	6	1.0
2420	5	1.0
1842	6	1.0
2738	3	1.0
161	1	1.0
3268	3	1.0
1712	6	1.0
3151	1	1.0
1128	3	1.0
1483	6	1.0
56	3	1.0
1945	6	1.0
1366	5	1.0
2855	4	1.0
2941	5	1.0
2857	2	1.0
1947	5	1.0
2944	3	1.0
2647	1	1.0
429	4	1.0
1017	3	1.0
2082	5	1.0
531	1	1.0
1248	4	1.0
3061	2	1.0
1710	6	1.0
428	4	1.0
2856	2	1.0
3150	1	1.0
1844	1	1.0
2186	1	1.0
1606	3	1.0
2316	5	1.0
780	4	1.0
325	3	1.0
2081	6	1.0
1016	3	1.0
2419	6	1.0
58	3	1.0
1949	4	1.0
60	1	1.0
1487	5	1.0
3272	5	1.0
1369	2	1.0
1612	3	1.0
893	1	1.0
2313	1	1.0
3155	5	1.0
2646	5	1.0
778	4	1.0
2528	5	1.0
633	1	1.0
2851	1	1.0
1132	4	1.0
2076	6	1.0
2314	5	1.0
2417	5	1.0
527	1	1.0
895	3	1.0
2079	1	1.0
630	3	1.0
2182	4	1.0
1846	6	1.0
1713	6	1.0
425	1	1.0
61	3	1.0
1252	3	1.0
526	4	1.0
776	1	1.0
1012	5	1.0
2078	5	1.0
3153	6	1.0
1847	6	1.0
1485	6	1.0
631	1	1.0
2736	6	1.0
2183	2	1.0
1609	3	1.0
2946	4	1.0
2312	5	1.0
2853	3	1.0
1477	2	1.0
3262	3	1.0
1372	3	1.0
774	4	1.0
1136	3	1.0
2744	5	1.0
671	4	1.0
2310	3	1.0
167	1	1.0
1240	4	1.0
904	4	1.0
3158	2	1.0
49	4	1.0
1135	2	1.0
3053	3	1.0
2538	6	1.0
670	4	1.0
433	6	1.0
2191	6	1.0
2073	6	1.0
1719	4	1.0
1601	3	1.0
1241	1	1.0
168	4	1.0
1010	1	1.0
2075	3	1.0
2308	3	1.0
905	4	1.0
52	4	1.0
1716	5	1.0
317	1	1.0
2951	5	1.0
772	4	1.0
3156	1	1.0
1600	3	1.0
773	4	1.0
641	4	1.0
318	4	1.0
2193	5	1.0
1009	4	1.0
51	4	1.0
2309	5	1.0
1717	5	1.0
3259	3	1.0
1837	6	1.0
2950	3	1.0
1722	5	1.0
2952	3	1.0
2740	6	1.0
2187	2	1.0
430	5	1.0
2306	3	1.0
1376	5	1.0
2845	5	1.0
1605	3	1.0
3161	3	1.0
1723	1	1.0
2424	3	1.0
1004	1	1.0
1139	3	1.0
1955	6	1.0
640	4	1.0
667	1	1.0
1604	6	1.0
1243	3	1.0
901	1	1.0
2844	2	1.0
2639	4	1.0
432	2	1.0
2954	5	1.0
314	1	1.0
1958	5	1.0
637	4	1.0
2847	6	1.0
1603	3	1.0
1720	6	1.0
2305	3	1.0
2423	3	1.0
1244	6	1.0
902	4	1.0
2534	1	1.0
2072	6	1.0
2743	3	1.0
2071	5	1.0
1602	3	1.0
1478	1	1.0
431	5	1.0
3058	1	1.0
3263	1	1.0
903	4	1.0
54	6	1.0
1245	4	1.0
173	5	1.0
665	5	1.0
2422	1	1.0
2533	1	1.0
516	1	1.0
2172	5	1.0
621	1	1.0
99	4	1.0
2957	5	1.0
2068	1	1.0
1960	3	1.0
204	1	1.0
2488	1	1.0
703	3	1.0
821	6	1.0
1440	3	1.0
1752	3	1.0
1857	4	1.0
3308	3	1.0
2274	6	1.0
100	1	1.0
1751	3	1.0
2843	5	1.0
1117	3	1.0
203	1	1.0
3309	5	1.0
1322	3	1.0
1325	6	1.0
823	1	1.0
97	5	1.0
3193	3	1.0
2066	4	1.0
1649	6	1.0
3073	5	1.0
2955	3	1.0
1754	4	1.0
1959	3	1.0
202	2	1.0
2724	2	1.0
2841	1	1.0
1855	6	1.0
1232	4	1.0
622	1	1.0
1324	5	1.0
1650	4	1.0
2956	3	1.0
2842	5	1.0
705	6	1.0
1029	3	1.0
1861	3	1.0
383	4	1.0
1443	3	1.0
1651	4	1.0
1120	3	1.0
2722	1	1.0
699	4	1.0
2839	6	1.0
1326	6	1.0
818	1	1.0
2169	3	1.0
2960	3	1.0
1964	5	1.0
3079	4	1.0
617	4	1.0
2065	4	1.0
2270	5	1.0
1027	5	1.0
384	3	1.0
3194	4	1.0
1121	2	1.0
3312	5	1.0
1444	2	1.0
817	1	1.0
2485	1	1.0
2168	3	1.0
616	2	1.0
206	4	1.0
1860	2	1.0
1757	3	1.0
3077	2	1.0
1445	3	1.0
1328	5	1.0
701	4	1.0
820	4	1.0
1859	2	1.0
2486	3	1.0
382	6	1.0
702	4	1.0
3076	1	1.0
2272	3	1.0
102	1	1.0
3195	3	1.0
1963	5	1.0
2063	6	1.0
618	5	1.0
1228	5	1.0
393	4	1.0
1759	1	1.0
3301	4	1.0
3068	5	1.0
2179	2	1.0
628	2	1.0
211	6	1.0
710	3	1.0
2061	6	1.0
1330	5	1.0
1967	5	1.0
1641	5	1.0
3302	4	1.0
276	4	1.0
1329	1	1.0
1434	6	1.0
2599	3	1.0
1227	4	1.0
1850	1	1.0
627	3	1.0
1758	2	1.0
93	1	1.0
1124	5	1.0
3067	2	1.0
2178	5	1.0
2732	2	1.0
3303	3	1.0
275	5	1.0
2269	5	1.0
1966	2	1.0
1642	5	1.0
918	3	1.0
209	1	1.0
629	6	1.0
511	4	1.0
3200	5	1.0
1226	3	1.0
2601	5	1.0
816	1	1.0
1849	1	1.0
2731	6	1.0
2962	6	1.0
2177	5	1.0
2835	6	1.0
2730	3	1.0
1760	5	1.0
2268	5	1.0
274	2	1.0
712	4	1.0
2963	2	1.0
1331	4	1.0
1435	6	1.0
2060	3	1.0
3199	2	1.0
2600	5	1.0
91	5	1.0
815	1	1.0
273	5	1.0
811	6	1.0
1971	5	1.0
2057	6	1.0
2264	3	1.0
1644	5	1.0
1436	6	1.0
507	1	1.0
707	4	1.0
2058	3	1.0
2968	4	1.0
1761	6	1.0
1020	5	1.0
3305	5	1.0
810	1	1.0
272	1	1.0
3201	3	1.0
2833	3	1.0
1437	6	1.0
1645	4	1.0
94	4	1.0
1969	5	1.0
2055	6	1.0
2965	3	1.0
2174	5	1.0
2493	5	1.0
813	4	1.0
2598	4	1.0
1018	2	1.0
1438	1	1.0
3306	3	1.0
2266	5	1.0
812	1	1.0
3202	3	1.0
2056	6	1.0
1439	5	1.0
1970	4	1.0
1851	4	1.0
1646	6	1.0
625	1	1.0
709	4	1.0
389	1	1.0
2265	3	1.0
914	5	1.0
2494	4	1.0
2173	5	1.0
2727	3	1.0
212	1	1.0
1763	3	1.0
2503	4	1.0
86	4	1.0
503	4	1.0
296	4	1.0
926	1	1.0
606	1	1.0
401	1	1.0
1634	3	1.0
3295	5	1.0
2971	3	1.0
1870	5	1.0
297	4	1.0
2054	3	1.0
2502	2	1.0
190	4	1.0
85	1	1.0
607	1	1.0
2620	1	1.0
2712	5	1.0
2158	4	1.0
2829	6	1.0
1102	3	1.0
3294	3	1.0
1869	1	1.0
2621	3	1.0
692	1	1.0
1456	6	1.0
3086	5	1.0
808	1	1.0
1973	5	1.0
84	5	1.0
2053	6	1.0
2828	6	1.0
295	2	1.0
1043	3	1.0
3297	1	1.0
1636	4	1.0
2394	6	1.0
1739	5	1.0
505	1	1.0
2709	5	1.0
2156	3	1.0
1219	6	1.0
1972	5	1.0
2290	5	1.0
1455	4	1.0
3087	3	1.0
1635	3	1.0
2710	3	1.0
2052	3	1.0
2157	5	1.0
188	1	1.0
2622	3	1.0
1042	3	1.0
398	6	1.0
2284	3	1.0
3180	3	1.0
1041	3	1.0
1107	3	1.0
193	1	1.0
1638	5	1.0
1458	6	1.0
1339	6	1.0
686	4	1.0
293	4	1.0
90	1	1.0
2051	6	1.0
500	1	1.0
1224	6	1.0
1106	3	1.0
1040	5	1.0
804	4	1.0
2825	6	1.0
3181	1	1.0
2050	6	1.0
2498	5	1.0
603	4	1.0
2708	6	1.0
1457	6	1.0
923	4	1.0
2974	2	1.0
294	6	1.0
1978	2	1.0
501	1	1.0
291	2	1.0
2049	6	1.0
1977	4	1.0
688	4	1.0
2973	2	1.0
1105	2	1.0
1341	6	1.0
2389	3	1.0
1873	6	1.0
1342	6	1.0
1743	5	1.0
3299	5	1.0
87	3	1.0
2153	4	1.0
922	4	1.0
1976	5	1.0
1104	1	1.0
3091	5	1.0
395	1	1.0
1459	5	1.0
2619	1	1.0
2500	2	1.0
2718	1	1.0
1110	3	1.0
2399	6	1.0
800	4	1.0
2978	6	1.0
496	1	1.0
1343	5	1.0
1447	6	1.0
933	1	1.0
2822	3	1.0
407	4	1.0
1109	6	1.0
2281	3	1.0
1745	5	1.0
2398	5	1.0
2509	5	1.0
1981	6	1.0
3082	6	1.0
3287	5	1.0
2719	6	1.0
1344	1	1.0
495	1	1.0
2047	3	1.0
78	5	1.0
934	1	1.0
197	1	1.0
2613	3	1.0
2163	4	1.0
3185	2	1.0
3290	4	1.0
1629	4	1.0
1746	5	1.0
1036	3	1.0
194	1	1.0
1862	6	1.0
1449	6	1.0
1980	4	1.0
1628	5	1.0
2717	1	1.0
195	4	1.0
2164	3	1.0
932	1	1.0
77	1	1.0
2283	1	1.0
1035	5	1.0
1108	3	1.0
698	4	1.0
2820	3	1.0
3186	1	1.0
1212	1	1.0
1448	6	1.0
693	1	1.0
1451	3	1.0
1748	3	1.0
3085	6	1.0
1217	1	1.0
2044	5	1.0
2277	3	1.0
2395	5	1.0
1867	3	1.0
1114	6	1.0
2609	1	1.0
3187	6	1.0
2982	6	1.0
796	6	1.0
2819	3	1.0
2610	3	1.0
2505	2	1.0
2715	3	1.0
287	5	1.0
610	4	1.0
2043	4	1.0
492	6	1.0
3291	1	1.0
1985	3	1.0
2981	5	1.0
1033	1	1.0
1630	5	1.0
1450	3	1.0
2278	5	1.0
404	1	1.0
797	1	1.0
798	4	1.0
3083	6	1.0
1215	6	1.0
611	6	1.0
695	4	1.0
2159	1	1.0
198	1	1.0
2980	5	1.0
1032	6	1.0
1112	5	1.0
1749	4	1.0
81	3	1.0
1633	3	1.0
494	1	1.0
2979	5	1.0
1866	5	1.0
1349	2	1.0
402	1	1.0
2396	2	1.0
2160	5	1.0
199	1	1.0
80	4	1.0
