2810	6
2810	5
2810	3
2810	2
2810	1
251	1
3230	7
3230	6
1674	7
3230	3
3230	4
1674	6
3230	2
1674	5
3230	1
1674	4
847	6
1674	2
847	7
1674	1
847	2
847	3
847	4
847	5
1319	7
1319	6
847	1
1319	4
1319	2
2811	1
1319	3
1319	1
1673	5
1673	4
1673	7
1673	6
1673	1
846	7
1673	3
1673	2
846	5
2810	7
846	6
846	3
846	4
846	2
846	1
1321	5
2141	2
1321	4
3228	7
2141	3
1321	7
3228	6
1321	6
3228	5
2141	1
252	5
2141	6
252	6
2141	7
252	7
2141	4
2141	5
252	1
2811	4
252	2
2811	5
252	3
2811	2
2811	3
1321	1
3228	4
3228	3
2811	6
3228	2
1321	2
2811	7
3228	1
845	3
845	2
845	1
845	7
845	6
845	5
2812	5
3229	1
2812	6
2812	7
3229	3
3229	2
3229	5
3229	4
3229	7
3229	6
1671	7
251	6
251	7
251	4
2812	1
251	5
251	2
2812	3
251	3
2812	4
2143	4
2143	5
2143	2
2143	3
1316	6
1316	5
2143	1
1316	7
1671	5
1671	4
1671	3
1671	2
1671	1
2143	6
2143	7
3226	7
1316	1
2813	7
1316	2
2813	6
1316	3
2813	5
1316	4
2813	4
2813	3
2813	2
2813	1
850	5
2814	7
2142	7
850	6
850	3
1670	2
850	4
1670	1
850	1
2814	3
2142	3
850	2
2814	4
2142	4
2814	5
2142	5
2814	6
2142	6
1670	7
1670	4
1670	3
850	7
1670	6
1670	5
1315	1
1315	6
2814	2
2142	2
1315	7
2142	1
1315	4
1315	5
1315	2
1315	3
1669	3
1669	2
1669	1
1669	7
1669	6
1318	2
1669	5
1318	1
1669	4
1318	4
256	5
1318	3
256	6
256	7
1318	5
256	1
2145	2
1318	7
256	2
2145	3
256	3
256	4
2145	1
1668	6
1668	5
1668	7
3226	2
3226	1
3226	4
3226	3
3226	6
3226	5
1668	1
1668	2
1668	3
1681	1
1681	3
1681	2
2146	7
2146	3
2146	4
2146	5
2146	6
2146	1
2146	2
1313	2
2803	7
1313	3
2803	6
1313	1
244	4
2803	3
244	3
2803	2
244	2
244	1
2803	4
2803	1
1681	4
1681	6
1681	7
2145	6
2145	7
2145	4
2145	5
243	3
243	2
243	5
243	4
243	7
243	6
1679	7
1679	6
245	6
245	7
245	4
1679	1
245	5
245	2
1679	3
245	3
1679	2
1679	5
245	1
3222	6
3222	5
3222	4
3222	3
3222	7
1313	5
2805	2
1678	6
1313	4
2805	3
1678	5
1313	7
1678	4
1313	6
2805	1
1678	3
244	5
2805	6
3222	2
244	6
2805	7
3222	1
244	7
2805	4
2805	5
1678	7
838	4
838	3
838	6
838	5
838	7
838	2
838	1
2806	1
247	1
1309	7
2806	7
1309	4
1309	5
1309	2
247	5
2806	4
1309	3
247	4
2806	3
247	3
2806	6
1309	1
247	2
2806	5
844	3
844	4
844	1
247	6
2150	1
844	2
247	7
2150	2
3220	2
2150	7
3220	1
1678	2
3220	4
1678	1
3220	3
844	7
2150	3
844	5
2150	5
844	6
2150	6
1308	1
1308	2
1308	4
3220	7
246	2
3220	5
246	1
3220	6
246	4
2807	5
246	3
2807	4
843	1
246	6
2807	3
246	5
1308	5
2807	1
1308	6
246	7
1308	7
843	6
843	7
843	2
843	3
843	4
2807	6
843	5
2807	7
1677	7
1677	5
1677	4
1677	3
1677	2
1677	1
2151	7
2151	6
842	2
842	1
842	6
842	5
842	4
842	3
1311	1
2808	1
842	7
2808	3
3218	2
2808	4
3218	1
1311	5
2808	5
1676	2
1311	4
2808	6
1676	1
3218	3
1311	3
2808	7
1676	4
3218	6
1311	2
1676	3
3218	5
1676	6
1676	5
3218	7
1311	7
1311	6
1676	7
1310	1
1310	2
1310	4
248	5
1310	3
248	6
1310	6
248	7
1310	5
2809	2
3219	1
1310	7
248	2
2809	3
248	3
248	4
2809	6
2809	7
3219	4
2151	1
2809	4
3219	3
2809	5
3219	2
2151	5
3219	7
2151	2
3219	6
2151	3
1305	6
2125	1
1305	7
1305	4
2125	3
2125	2
833	3
2125	5
833	2
2125	4
833	1
2125	7
3217	4
3217	6
3217	7
1305	2
1305	3
1305	1
3217	1
3217	3
3217	2
263	6
263	7
1306	1
1306	2
1306	3
2126	2
1306	4
2126	1
1306	5
1306	6
833	4
264	5
833	5
264	6
833	6
264	7
833	7
264	1
264	3
264	4
1658	3
1307	1
1658	4
1658	5
1658	6
831	7
1658	1
831	6
1658	2
831	5
831	4
831	2
831	1
2798	7
2126	7
2798	3
2798	4
2126	4
2798	5
2126	5
1306	7
2798	6
2126	6
2798	2
2798	1
266	7
266	1
266	2
266	3
266	5
266	6
2127	7
1307	7
2127	4
2127	5
2127	2
3214	7
2127	3
1307	3
3214	6
1307	2
3214	5
2127	1
1307	5
3214	4
1307	4
1658	7
3214	3
3214	2
3214	1
2128	2
2128	1
2128	4
2128	3
2128	5
2128	7
268	1
2129	6
268	2
2129	7
837	2
268	3
837	3
2129	5
837	4
837	5
837	6
837	7
3213	3
3213	2
3213	1
268	5
3213	7
268	6
3213	6
268	7
3213	5
3213	4
2799	1
2799	5
2799	4
2799	3
2799	2
2799	7
2799	6
2129	3
2129	2
2129	1
2802	3
2802	4
2802	5
2802	6
2802	1
2802	2
2802	7
1654	1
1654	2
1654	7
1654	3
1654	4
1654	5
1654	6
1304	6
1304	5
2131	1
1304	7
1304	2
1304	1
1304	4
1655	7
1304	3
1655	6
2131	6
2131	7
2131	4
2131	2
2131	3
1655	4
1655	5
1655	3
1655	1
1298	7
2790	6
2790	5
826	2
2790	4
826	1
2790	3
826	4
2132	4
826	3
2132	3
826	6
2132	2
826	5
2790	7
2132	1
1298	1
1298	3
2790	2
1298	4
2790	1
1298	5
1298	6
2132	6
826	7
2132	7
2789	1
2789	3
2789	2
2789	4
2789	7
2789	6
258	7
2133	6
2133	7
258	1
2133	4
258	2
258	3
2133	2
2133	3
258	5
258	6
2133	1
1665	2
1665	3
1665	1
824	6
824	7
824	2
824	1
824	4
824	3
259	4
2134	7
259	5
259	2
259	3
2134	3
2134	4
259	6
259	7
2134	6
2134	1
2134	2
1665	5
259	1
1665	7
1665	6
1294	3
1294	4
1294	5
1294	6
1294	7
260	2
2135	1
260	1
260	3
2135	5
2135	4
2135	3
2135	2
2135	6
2135	7
260	5
260	6
260	7
1295	1
1295	4
1295	5
1295	2
1295	3
1295	6
1295	7
830	2
830	1
830	5
261	6
830	6
261	7
830	3
261	4
261	5
261	2
261	3
830	7
3206	2
3206	1
1664	2
3206	4
1664	1
3206	3
1664	4
3206	6
1664	3
3206	5
1664	6
1664	5
3206	7
1664	7
1296	5
2795	1
1296	6
1296	7
1296	1
1296	2
1296	4
3205	7
2137	2
3205	6
2795	6
3205	5
2795	7
3205	4
2137	1
2795	4
3205	3
2795	5
3205	2
262	1
2795	2
3205	1
262	2
2795	3
262	3
262	5
262	6
262	7
2137	6
2137	7
2137	4
2137	5
828	4
828	3
828	2
828	1
2794	3
2794	6
2794	5
828	7
828	6
2794	2
828	5
2794	1
2794	7
263	1
263	4
263	5
263	2
263	3
225	1
225	3
225	2
1294	1
1294	2
2113	7
2113	4
2113	5
2785	1
2113	1
2785	3
2113	3
2785	2
2113	2
875	7
1702	1
875	6
1702	2
875	3
875	2
875	5
875	4
1702	7
1702	5
1702	6
1702	3
1702	4
222	6
2783	3
222	5
2783	2
1291	6
2783	5
1291	7
222	3
2783	4
1291	5
1291	2
2783	1
874	7
1291	3
222	7
3259	1
2783	7
2783	6
874	5
1291	1
874	6
874	3
874	4
874	1
222	1
874	2
222	2
877	1
877	2
877	3
877	5
877	6
877	7
1290	7
228	5
228	6
228	7
228	2
2787	5
228	1
2787	4
1290	1
228	4
2787	3
1290	2
228	3
2787	2
1290	3
1290	4
1290	5
2787	7
1290	6
2787	6
3252	7
3252	5
3252	6
2787	1
1696	2
1696	1
1696	4
1696	6
1696	5
1696	7
2116	5
2116	6
2116	7
1289	6
1289	7
1289	4
227	7
227	6
227	5
2116	2
227	4
2116	1
227	3
2116	4
227	2
2116	3
227	1
1289	2
1289	3
1289	1
226	7
2115	7
2115	5
2115	4
2115	3
2115	2
1288	5
2115	1
1288	6
1288	7
226	2
226	1
1288	1
226	4
2785	7
1288	2
226	3
1288	3
2785	5
1288	4
226	5
2785	4
2786	7
2114	7
225	7
2786	4
2114	4
225	6
2786	3
2114	3
225	5
2786	5
2114	5
1287	6
2786	2
2114	2
1287	7
2786	1
2114	1
2120	1
2120	2
2120	3
2120	4
2120	5
2120	6
2120	7
1707	1
1707	2
1707	3
1707	4
1707	5
1707	6
1707	7
218	6
1287	1
218	5
218	4
218	3
1287	4
218	2
1287	5
218	1
1287	2
217	1
217	3
217	2
217	5
217	7
217	6
216	4
216	3
216	2
216	1
3251	1
216	7
216	6
3251	6
3251	7
3251	2
3251	3
3251	4
2776	7
1708	4
1708	1
2776	5
1708	2
2776	4
2776	3
2776	2
2776	1
3252	3
3252	4
3252	1
3252	2
1708	7
1708	5
1708	6
1283	4
1283	5
1283	2
1283	3
1283	6
1283	7
1283	1
2124	5
2124	7
3246	2
3246	1
2124	1
2124	2
2124	3
2124	4
2781	3
2781	2
2781	1
220	6
2781	7
2123	1
220	5
2781	6
2781	5
220	7
2781	4
220	2
3246	5
220	1
3246	6
220	4
3246	3
220	3
3246	4
3246	7
2123	4
869	1
2123	5
869	2
2123	2
869	3
2123	3
869	4
869	5
869	6
869	7
2123	7
3247	6
3247	7
3247	2
219	4
3247	3
219	3
3247	4
219	2
1281	7
871	7
1281	4
219	7
871	6
1281	5
219	6
3247	1
2779	1
1704	7
218	7
2779	7
1704	5
2779	6
1704	6
2779	5
1704	3
2779	4
1704	4
2779	3
1704	1
2779	2
1704	2
871	2
1281	1
871	3
871	4
1281	3
871	5
1281	2
871	1
219	1
1279	4
3243	6
1279	5
3243	7
1279	2
2099	1
1279	3
1279	1
3243	3
3243	4
3243	5
2099	7
2099	6
238	2
2099	3
238	1
2099	2
1279	6
2099	5
1279	7
2099	4
858	7
3243	1
3242	7
2100	4
2100	3
2100	2
2100	1
238	3
1686	2
238	4
1686	1
238	5
238	6
238	7
3242	6
3242	5
3242	4
1686	7
3242	3
1686	6
1686	5
3242	1
1686	4
1686	3
1687	6
2097	5
1687	7
2097	4
2097	7
2097	6
3245	1
3245	2
3245	3
3245	4
3245	6
3245	7
860	3
860	4
860	1
860	2
860	7
860	5
1687	1
860	6
1687	3
1687	2
2097	1
1687	5
2097	2
1687	4
2097	3
2768	3
861	1
861	2
2768	1
861	3
2768	2
861	4
2768	7
861	5
861	6
2768	5
861	7
2768	6
241	6
241	7
241	4
241	5
2774	7
2102	7
241	3
2102	4
241	2
2774	3
241	1
2774	6
2102	6
2774	5
2102	5
1275	6
2774	2
2102	2
1275	7
2774	1
2102	1
1275	4
3239	6
3239	7
1275	2
1275	3
242	7
3239	5
3239	4
3239	2
863	6
3239	1
863	7
863	2
863	3
863	4
242	1
863	5
242	2
242	3
242	4
242	5
863	1
242	6
1276	5
1276	6
1276	7
1276	1
1276	2
1276	3
1276	4
864	3
1274	2
864	4
1274	1
864	1
864	2
864	7
1274	6
1274	5
864	5
1274	4
864	6
1274	3
3241	4
3241	5
3241	6
3241	7
239	7
239	6
239	5
2772	6
239	4
2772	5
2100	5
239	3
239	2
2772	7
2100	7
239	1
3241	2
3241	3
2772	3
2772	4
1275	1
2772	1
2772	2
1274	7
3240	4
3240	1
3240	2
3240	7
3240	5
3240	6
1692	4
1692	3
1692	2
1692	1
3236	4
3236	3
3236	2
3236	1
1692	7
1692	6
1272	6
2764	3
1272	7
2764	2
2764	1
1272	1
3236	7
1272	2
1272	3
1272	4
3236	6
852	2
852	1
852	4
231	1
852	3
231	3
231	2
2764	7
231	5
2764	6
231	4
2764	5
231	6
231	7
852	7
852	5
1693	5
1693	4
1693	7
1693	6
1693	1
1693	3
1273	2
1273	3
1273	1
2107	1
1273	6
1273	7
1273	5
853	1
853	2
853	3
853	4
853	5
853	6
1270	2
853	7
1270	1
1270	4
1270	3
1270	6
1270	5
1694	2
1270	7
1694	1
1694	5
1694	6
1694	4
1694	7
854	1
854	2
854	5
854	6
854	3
854	4
854	7
855	3
855	2
855	5
234	2
855	4
234	1
234	4
234	3
234	6
234	5
1268	5
1268	6
1268	7
3233	3
3233	2
3233	1
234	7
855	6
855	7
235	1
2766	7
2766	4
2766	6
2766	5
1690	4
1690	3
1690	6
1690	2
1690	1
235	4
235	5
235	2
235	3
235	6
235	7
3234	7
232	6
3234	1
2107	5
232	5
3234	2
2107	4
1690	7
232	7
2107	2
232	2
3234	5
232	1
3234	6
232	4
3234	3
2107	7
232	3
3234	4
2107	6
2766	1
2766	2
2108	6
2108	5
2108	7
3233	4
3233	5
3233	6
3233	7
2108	2
2108	1
2108	4
858	1
858	2
858	5
1268	3
858	3
1268	2
858	4
1268	1
795	7
795	6
795	3
795	2
2868	7
795	5
2868	6
795	4
2869	5
2869	4
2869	7
2869	6
2869	1
2869	3
2869	2
3283	1
3283	7
3283	6
3283	3
3283	2
3283	5
3283	4
1262	3
1262	4
1262	5
1262	6
2870	2
1262	7
1724	3
2870	1
1724	4
1724	1
1724	2
2870	6
1724	7
2870	5
3280	4
2870	4
1724	5
3280	1
2870	3
1724	6
3280	2
3280	7
3280	5
2870	7
3280	6
310	2
1723	2
310	1
1723	3
1723	4
1723	5
1723	6
1723	7
2199	1
310	7
2199	3
310	5
2199	2
310	4
2199	5
310	3
2199	4
2199	6
2199	7
793	2
793	3
793	1
793	6
793	7
793	4
793	5
1262	2
1262	1
2865	2
2865	3
2865	1
3285	7
3285	6
3285	5
3285	4
3285	3
3285	2
3285	1
792	6
792	5
792	7
792	2
2865	7
792	1
792	4
2865	5
792	3
2865	4
791	4
791	5
791	2
791	3
791	1
1263	7
1263	6
1263	5
1263	4
1263	3
1263	2
1263	1
2866	7
2866	4
2866	3
2866	6
2866	5
791	7
2866	2
791	6
2866	1
2867	5
1728	3
2867	4
1728	4
2867	3
1728	1
2867	2
1728	2
1728	7
2867	7
1728	5
2867	6
1728	6
2867	1
789	2
789	3
789	6
789	7
789	4
789	5
2868	2
2868	1
2868	4
2868	3
1254	2
1254	1
2862	1
2862	2
1254	7
1254	6
1254	5
1254	4
1254	3
302	6
302	5
302	4
302	3
788	7
788	6
302	7
788	5
788	1
788	2
788	3
788	4
302	1
302	2
2862	7
2862	6
2862	5
2862	4
787	1
787	4
787	5
787	2
787	3
787	6
787	7
2863	1
1255	6
1255	7
2863	3
2863	2
2863	5
2863	4
1731	1
2863	7
1731	2
304	7
304	6
1731	4
304	5
1731	5
304	4
1731	6
304	3
1731	7
304	2
304	1
786	1
786	2
786	3
786	4
786	5
786	6
786	7
1255	1
1255	3
1255	2
1255	5
1255	4
1730	1
1730	5
1730	6
1730	3
1730	4
2864	4
2864	3
2864	2
1730	7
2864	1
2864	7
2864	5
299	5
299	4
299	3
299	2
785	7
785	6
299	7
785	5
299	6
785	4
785	2
785	1
299	1
3278	7
3278	4
3278	3
3278	6
3278	5
2201	7
2201	6
2201	5
2201	4
2201	3
298	7
2201	2
2859	7
2859	6
2859	5
2859	3
2859	2
784	5
784	6
2859	1
298	1
784	7
298	2
298	3
784	1
298	4
784	2
298	5
298	6
784	4
1256	6
1256	5
1256	7
1256	2
1256	1
1256	4
1256	3
301	7
301	6
3277	1
301	5
3277	2
301	4
3277	3
301	3
301	2
3277	5
301	1
3277	6
3277	7
783	6
783	7
783	1
783	4
783	5
783	2
783	3
2861	3
1734	5
2861	2
1734	6
2861	1
1734	3
1734	4
2861	7
2861	6
3278	2
2861	5
1734	7
2861	4
1258	7
1734	1
1734	2
1258	2
1258	1
1258	4
1258	3
1258	6
1258	5
782	4
782	5
782	6
782	7
2855	7
2183	7
2855	6
2183	6
781	2
781	1
781	6
781	7
781	4
781	5
1712	3
1712	4
1712	1
1712	2
1712	7
3268	4
1712	5
3268	1
3268	2
3268	7
3268	6
3268	5
2855	1
2855	4
2855	5
782	1
2855	2
782	2
2855	3
2857	1
2857	3
2857	2
2857	5
2857	4
2857	7
2857	6
1248	7
1248	6
1710	2
1248	5
1710	1
1248	3
1248	2
1248	1
2856	7
2856	6
1710	7
2856	5
2856	4
1710	5
2856	3
2856	2
1710	3
2856	1
1710	4
2186	6
2186	5
2186	4
2186	3
2186	2
2186	1
780	1
325	1
780	2
325	2
780	3
325	4
325	5
325	6
2186	7
325	7
780	5
780	6
780	7
3272	2
3272	1
3272	4
3272	3
3272	6
3272	7
2851	4
2851	5
778	1
2851	2
778	2
2851	3
778	3
778	5
2851	6
778	6
2851	7
1716	3
1716	4
1716	1
1716	2
778	7
1713	1
1713	3
1713	2
2182	7
2182	4
2182	3
2182	6
2182	5
2182	2
2182	1
1713	4
1713	5
1713	6
1713	7
1252	2
1252	1
1252	4
1252	3
776	5
776	6
776	7
776	1
776	2
776	3
776	4
2183	5
2183	4
2183	3
2183	2
2183	1
2853	7
2853	6
2853	5
2853	4
2853	3
1252	5
2853	2
1252	6
2853	1
1252	7
3262	6
3262	5
3262	4
774	1
774	2
3262	7
774	3
774	5
774	6
774	7
3262	1
3262	2
1240	4
1719	7
1240	3
1719	6
1240	2
1240	1
1240	7
1240	6
1240	5
2191	1
2191	3
2191	2
2191	5
2191	4
2191	7
2191	6
1719	1
1719	2
1719	3
1719	4
1719	5
1241	1
1241	3
1241	2
772	5
772	6
772	7
1241	5
1241	4
1241	7
1241	6
1716	7
1716	5
1716	6
772	2
772	1
317	3
772	4
317	2
772	3
317	5
317	4
317	7
317	6
318	5
773	6
318	6
773	7
318	3
773	4
773	5
773	2
2193	4
773	3
318	7
2193	6
773	1
2193	7
1717	4
3259	6
1717	5
3259	7
1717	6
1717	7
3259	2
1717	1
1717	2
3259	4
1717	3
3259	5
2193	1
2193	3
2193	2
318	2
318	1
1722	1
1722	2
1722	6
1722	3
1243	1
1722	4
2187	5
2187	4
2187	3
2187	2
2187	7
2187	6
2845	2
2845	3
2845	1
2845	6
2845	7
2187	1
2845	4
1723	1
2844	5
2844	6
2844	7
1243	5
1243	4
1722	7
1243	2
2844	1
2844	2
2844	3
1243	7
2844	4
1243	6
314	2
314	1
314	4
314	3
314	6
2847	7
314	5
2847	5
1720	7
2847	4
2847	3
1720	5
2847	2
1720	6
2847	1
1720	3
1720	4
1720	1
1720	2
1244	6
1244	5
1244	7
1244	2
1244	1
1244	4
1244	3
3263	6
3263	7
3263	2
3263	3
3263	4
3263	5
1245	7
1245	6
1245	5
1245	4
1245	3
1245	2
1245	1
314	7
2172	7
2172	6
2172	5
821	1
821	3
821	2
2842	7
821	5
2172	4
821	4
2172	3
821	7
2172	2
2172	1
3308	7
3308	6
3308	5
2843	1
1752	4
1752	2
1752	1
3308	4
1752	7
3308	3
1752	6
3308	2
1752	5
3308	1
1751	1
1751	2
1751	3
1751	4
1751	5
2843	3
820	7
2843	2
820	6
2843	5
820	5
2843	4
2843	7
2843	6
3309	1
3309	3
3309	2
3309	5
3309	4
3309	7
3309	6
1751	7
1751	6
823	3
823	2
823	5
823	4
1754	6
1754	5
1754	3
2841	6
1754	2
2841	7
1754	1
2841	4
2841	5
2841	2
2841	3
823	6
823	7
1232	7
1232	5
1232	6
1232	3
1232	1
1232	2
2842	3
2842	4
2842	6
2842	1
2842	2
2839	1
2839	4
2839	5
2839	2
2839	3
818	2
2839	7
2839	6
818	4
818	3
2169	2
818	6
2169	1
818	5
2169	7
818	7
2169	6
2169	5
2169	4
1754	7
3312	2
3312	1
3312	4
3312	3
817	2
3312	6
817	3
817	1
3312	7
817	7
2168	2
817	6
2168	1
817	5
2168	4
817	4
2168	3
2168	6
2168	5
2168	7
1757	7
1757	6
1757	5
1757	4
1757	2
1757	1
820	2
820	1
820	3
1759	7
1759	6
1228	7
1228	6
1228	5
3301	1
3301	3
3301	2
1759	3
1228	4
3301	5
1759	2
1228	3
1759	5
1228	2
3301	7
1759	4
1228	1
3301	6
2179	3
2179	2
2179	5
2179	4
2179	7
2179	6
276	7
276	6
2179	1
276	5
276	1
3302	6
276	2
3302	5
276	3
3302	4
3302	3
3302	7
1758	6
1227	3
1758	5
1227	2
1758	4
1227	5
1758	3
1227	4
1227	7
3302	2
1227	6
3302	1
1758	7
2178	7
1758	1
1227	1
2178	2
2178	1
2178	6
2178	5
2178	4
2178	3
275	4
1761	1
3303	3
3303	2
275	2
1761	3
3303	5
275	3
1761	2
3303	4
275	6
3303	1
275	7
275	1
1226	7
1226	5
816	7
1226	6
816	6
816	5
1226	4
816	4
1226	1
816	3
1226	2
816	2
816	1
2177	4
2177	7
2177	6
274	7
2177	2
1760	7
2177	3
2835	6
1760	6
2835	7
2177	1
2835	4
1760	4
2835	5
1760	3
2835	2
1760	2
2835	3
1760	1
2835	1
274	1
274	3
274	4
274	5
274	6
815	7
815	6
815	3
815	2
815	5
815	4
815	1
3303	6
3303	7
811	5
811	4
811	3
811	2
273	7
273	6
811	7
273	5
273	4
273	2
273	3
273	1
811	1
2833	7
810	7
2833	6
2833	5
2833	4
1761	7
1761	6
1761	5
1761	4
3305	3
3305	2
3305	1
272	5
3305	7
272	6
3305	6
272	7
810	2
3305	4
810	3
2833	2
810	4
272	2
810	5
272	3
810	6
272	4
2833	1
2174	7
3306	7
2174	4
2174	3
2174	6
813	7
813	6
813	5
813	4
813	3
813	2
813	1
3306	4
3306	3
3306	6
2174	1
3306	5
2174	2
3306	2
3306	1
812	2
812	1
812	4
812	3
812	6
812	5
812	7
1763	1
2173	6
2173	7
1763	7
2173	4
1763	6
2173	5
1763	5
2173	2
1763	4
2173	3
1763	2
2173	1
296	4
296	3
296	2
296	1
296	7
296	6
296	5
2158	1
2158	2
3295	7
3295	6
3295	3
3295	2
3295	5
3295	4
3295	1
297	5
3294	1
3294	2
297	7
297	6
2158	7
297	1
2158	6
2158	5
297	3
2158	4
297	2
2158	3
2829	6
2829	7
2829	4
2829	5
2829	2
2829	3
2829	1
3294	7
3294	6
3294	5
3294	4
3294	3
1739	1
808	4
808	3
808	2
808	7
808	6
808	5
295	4
2828	5
2156	5
295	5
2156	6
2828	7
2156	7
295	3
295	1
3297	3
3297	2
1739	3
1739	2
1739	4
2828	1
1739	7
2156	1
2828	2
1739	6
2156	2
2828	3
2828	4
2156	4
1219	2
1219	3
1219	4
1219	5
1219	7
295	7
295	6
1219	1
2157	2
2157	3
2157	1
2157	6
2157	7
2157	4
2157	5
293	3
293	2
293	1
293	7
293	6
293	5
293	4
2825	2
2825	3
1224	5
2825	1
1224	7
1224	2
3297	7
1224	1
3297	6
1224	4
3297	5
1224	3
3297	4
804	1
804	2
804	3
2825	7
2825	4
2825	5
804	6
804	5
294	2
294	1
804	7
294	4
294	3
294	6
294	5
294	7
291	1
291	6
291	7
291	4
291	5
291	3
1743	1
3299	1
2153	2
1743	4
2153	3
1743	3
1743	2
2153	1
3299	5
2153	6
3299	4
2153	7
1743	7
3299	3
2153	4
1743	6
3299	2
2153	5
3299	7
3299	6
800	5
800	6
800	7
800	1
800	2
800	3
2164	7
2164	6
2164	5
2822	7
2822	3
2822	4
2822	5
2822	6
2822	1
2822	2
3287	7
1745	4
3287	6
1745	7
1745	6
3287	2
1745	1
3287	3
1745	2
3287	4
1745	3
3287	5
3287	1
3290	2
3290	1
2163	5
2163	2
1746	7
2163	3
3290	6
3290	5
3290	4
2163	6
3290	3
2163	7
1746	2
1746	1
1746	6
2163	1
1746	4
1746	3
2164	1
2164	2
2164	3
2164	4
2820	5
2820	6
2820	7
1212	7
1212	5
1212	6
2820	2
2820	1
2820	4
1212	3
1212	4
1212	1
1212	2
1748	3
1748	4
1217	1
1748	1
1217	2
1748	2
1217	3
796	1
796	2
2819	1
796	3
3291	7
796	4
3291	6
3291	5
3291	4
3291	3
3291	2
2819	6
2819	7
796	5
2819	4
796	6
2819	5
796	7
2819	2
287	1
287	5
287	4
287	3
287	2
287	7
287	6
1748	6
1217	7
1748	5
1217	6
3290	7
1217	5
1748	7
1217	4
797	6
797	7
797	4
797	5
797	2
797	3
797	1
798	3
798	6
798	5
1215	1
1215	2
798	7
1215	3
1215	4
1215	5
1215	7
1749	3
1749	2
2159	1
1749	1
1749	7
2159	4
1749	6
2159	5
1749	5
2159	2
1749	4
2159	3
2159	6
2159	7
798	1
798	2
2160	1
2160	2
2160	3
2160	4
2160	5
2160	6
2160	7
1201	1
1201	2
1201	3
3113	6
3113	7
3113	4
3113	5
353	5
3113	3
353	4
353	7
3113	1
353	6
1201	5
1201	4
1201	7
1201	6
2692	2
2692	1
2692	4
2692	3
2036	1
2036	2
2036	3
2036	4
1202	7
1202	5
1202	4
1202	3
1202	2
1202	1
2692	6
2692	7
355	7
355	6
727	1
727	3
355	2
727	2
355	5
727	5
355	4
727	4
2036	7
3111	6
2036	6
355	1
3111	7
2036	5
1203	3
1203	2
1203	5
1203	4
1203	7
727	6
727	7
1203	1
2694	3
2694	4
3111	1
2694	5
2694	6
3111	3
1204	4
2694	7
3111	2
1204	3
3111	5
1204	2
3111	4
1204	1
2694	1
2694	2
2696	7
2696	5
2696	6
2696	3
2696	4
2696	1
2696	2
3110	1
3110	2
3110	7
1198	1
1198	2
3110	6
3110	3
3110	4
1198	7
1198	6
1198	5
1198	4
1198	3
2039	2
733	6
2039	3
733	7
2039	4
733	4
2039	5
733	5
733	2
733	3
2039	1
733	1
1567	2
1567	3
1567	4
1567	5
2039	7
2039	6
1567	6
1567	7
1199	1
1199	3
1199	2
1199	5
1199	4
1199	7
2698	1
2698	2
2698	5
2698	6
2698	3
2698	4
2040	4
2040	3
2040	2
2040	1
2698	7
2040	7
2040	6
2040	5
731	4
731	5
731	2
731	3
731	6
731	7
1565	1
1565	3
1565	2
1565	5
1565	4
1565	7
1565	6
736	7
736	5
736	6
736	3
2700	5
2028	6
736	4
2700	6
2028	7
736	1
2700	7
736	2
2028	1
2028	2
1208	7
2700	2
2028	3
1208	6
2700	3
2028	4
1208	5
2700	4
1208	4
1208	3
1208	2
1208	1
3120	5
3120	7
3120	1
3120	2
3120	3
3120	4
1562	7
3119	6
3119	7
3119	4
3119	5
3119	2
3119	3
3119	1
2702	1
2702	2
3118	3
3118	4
3118	5
3118	6
3118	7
735	6
2701	2
1562	2
735	7
1562	1
2701	1
2701	6
1562	6
3118	1
2701	7
2701	4
1562	4
2701	5
1562	3
735	2
735	3
735	4
735	5
3117	5
3117	6
3117	7
3117	1
3117	2
3117	3
2031	2
2703	2
2031	3
739	1
2703	3
2031	4
2703	4
2031	5
1204	7
1204	6
2031	1
1204	5
2703	1
739	6
739	7
2031	6
739	4
2703	6
2031	7
739	5
2703	7
739	2
739	3
3116	3
1560	7
3116	1
1560	5
3116	2
1560	6
740	6
1560	3
740	5
1560	4
1560	1
740	7
1560	2
3116	7
3116	5
3116	6
2702	7
2702	5
2702	6
2702	3
2702	4
740	1
740	2
740	3
740	4
2033	5
2705	5
2033	4
2705	4
2033	7
2705	7
2705	6
366	2
366	1
1557	1
1557	2
1206	2
1557	5
1557	4
1557	7
1557	6
1206	6
1206	5
1206	4
1206	3
2033	1
2705	1
2033	2
2705	2
2033	3
1206	7
2705	3
2034	2
1207	6
2034	1
1207	7
3114	7
2034	5
2034	4
2034	3
2034	7
366	7
738	1
738	2
366	3
738	3
1558	2
738	4
1558	1
366	5
738	5
366	6
738	6
3114	2
738	7
2704	3
1558	6
3114	1
2704	4
1558	5
1207	1
1558	4
2704	2
1558	3
3114	6
1207	3
2704	7
3114	5
1207	2
3114	4
1207	5
2704	5
3114	3
1207	4
2704	6
1558	7
368	7
368	6
368	5
368	4
368	3
368	2
3098	7
716	7
2022	4
2022	5
716	5
2022	6
2022	7
716	3
716	4
2022	1
716	1
2022	2
716	2
2679	1
367	7
2679	5
367	6
2679	4
715	1
2679	3
2679	2
367	3
367	2
367	5
367	4
367	1
2021	2
715	2
2021	3
715	3
2679	6
2021	1
715	5
2679	7
2021	6
715	6
2021	7
715	7
2021	4
2021	5
714	6
714	4
714	3
714	2
714	1
2023	7
2023	6
1555	7
1555	6
370	7
1555	3
1555	2
1555	5
1555	4
370	1
2680	5
370	2
2680	6
2680	7
1555	1
370	5
2680	1
370	6
2680	2
370	3
714	7
2680	3
370	4
2680	4
3098	6
2023	4
3098	5
2023	5
3098	4
2023	2
3098	3
2023	3
3098	2
3098	1
2023	1
1554	7
1554	6
1189	5
1554	5
1189	4
1554	4
1189	7
1554	3
1554	2
1189	1
1554	1
1189	3
1189	2
2025	1
2025	2
2025	3
2025	4
2025	5
2025	6
2025	7
372	4
372	2
2682	2
372	1
2682	1
1185	2
2682	4
1185	3
2682	6
1185	1
2682	5
2024	3
718	3
2024	4
2024	1
718	5
2682	7
2024	2
718	6
2024	7
718	7
2024	5
3096	3
3096	4
3096	1
371	1
3096	2
3096	7
3096	5
3096	6
371	7
1184	1
371	6
1184	2
1184	3
1184	4
371	3
1184	5
371	2
1184	6
371	5
1184	7
371	4
1551	3
373	2
1551	2
3093	4
373	3
1551	5
3093	7
1551	4
3093	6
373	1
3093	1
373	6
373	7
1551	1
3093	3
373	4
3093	2
373	5
2027	1
1551	7
2027	7
2027	6
2027	3
2027	2
2027	4
718	2
718	1
372	5
372	6
372	7
1185	5
1185	7
1185	6
2026	5
2026	3
2026	4
2026	1
2026	2
2026	7
717	5
717	4
717	7
717	6
717	1
717	3
717	2
723	2
723	3
723	4
723	5
723	6
723	7
723	1
2685	3
2685	2
2685	7
2685	6
2685	5
2685	4
1549	1
1549	3
1549	2
1549	5
1549	4
1549	7
1549	6
2014	3
2014	4
2014	5
2014	6
2014	7
3106	7
2014	1
3106	1
3106	2
3106	3
3106	4
3106	5
3106	6
1197	5
1197	4
1197	7
1197	6
1197	1
1548	7
1548	6
2687	6
1548	5
1197	2
2687	7
1548	4
2687	5
1548	2
2687	2
1548	1
2687	3
2687	1
2016	5
2688	5
2016	6
2688	6
2016	7
2688	7
2016	1
2688	1
2016	2
1196	7
2688	2
2016	3
1196	6
2016	4
2688	4
1547	7
1196	4
1547	6
376	4
1196	3
376	1
1196	2
376	2
1196	1
376	7
1547	2
1547	5
376	5
1547	4
376	6
720	7
720	6
1547	1
720	5
720	4
720	3
720	2
720	1
3102	5
3102	3
3102	4
3102	7
2689	3
2689	2
2689	1
1191	7
1191	6
378	7
3102	2
3102	1
378	6
378	5
1191	1
378	4
378	3
378	2
1191	4
378	1
1191	5
1191	2
1191	3
2689	4
2689	5
2689	6
2689	7
3100	4
2690	5
1544	7
3100	3
2690	6
1544	6
3100	2
2690	3
1544	5
3100	1
2690	4
1544	4
724	5
2690	1
1544	3
724	6
2690	2
1544	2
724	7
1544	1
3100	7
3100	6
2690	7
724	4
724	3
724	2
724	1
1192	7
1192	6
2019	1
1192	5
1543	7
1192	4
1543	6
1192	3
1192	2
1192	1
3101	5
2019	6
3101	4
2019	7
3101	7
3101	1
2019	2
2019	3
3101	3
3101	2
2019	5
1595	4
1595	5
1595	2
1595	3
1595	6
1595	7
2667	1
2667	4
2667	5
2667	2
2667	3
2009	2
2009	3
2667	6
2009	1
755	1
2667	7
755	2
2009	7
755	3
2009	4
755	4
2009	5
755	6
755	7
328	7
3138	1
328	6
3138	2
328	5
3138	3
328	4
1596	1
3138	4
1596	2
3138	5
328	2
1596	3
3138	6
328	1
1596	4
3138	7
1596	5
1596	6
2666	2
1596	7
2666	1
2666	4
2666	6
2666	5
1176	4
2666	7
1176	3
1176	2
1176	1
1176	7
1176	6
756	3
756	1
756	2
1173	4
2665	3
1173	5
2665	2
1173	6
2665	1
1173	7
756	6
756	5
1173	1
1173	2
756	7
1173	3
2665	7
2665	6
2665	5
2665	4
3141	7
3141	6
3141	5
3141	4
3141	2
3141	1
1174	1
2664	6
1174	2
2664	5
2664	7
2664	2
2664	1
2664	3
1174	7
1174	5
1174	6
1174	4
2008	6
2008	7
2008	1
2008	2
2008	3
2008	4
758	3
758	4
758	5
331	1
758	6
758	7
758	2
1172	1
1172	2
1172	3
1172	4
331	7
331	6
331	3
331	2
331	5
331	4
2013	1
2013	2
2013	3
2013	4
2013	5
2013	6
2013	7
1172	7
1172	6
1172	5
1593	5
1593	6
1593	7
1593	1
1593	2
1593	3
3137	7
3137	6
3137	5
3137	4
2011	1
1594	5
1594	6
1594	3
1170	7
1594	1
1594	2
760	6
1170	3
760	5
1170	5
760	7
1170	6
760	2
760	1
760	4
1170	1
760	3
1170	2
2011	6
2011	7
2011	2
2011	3
1594	7
2011	4
2011	5
3137	1
3137	2
1171	6
3137	3
1171	7
1595	1
761	7
1171	4
761	6
1171	5
761	5
1171	2
761	4
761	3
761	2
1171	1
1182	6
1182	5
1182	4
1182	3
1182	7
1588	5
1588	6
1588	7
1182	1
1182	2
763	1
3145	2
3145	3
3145	1
3145	6
3145	7
3145	4
3145	5
3148	2
3148	1
3148	4
3148	3
3148	6
3148	5
3148	7
763	7
763	6
763	5
763	4
763	3
763	2
764	2
764	1
764	3
1181	4
1181	5
1181	6
1181	7
764	6
764	5
1181	1
1181	2
764	7
3143	1
3143	2
1179	1
3143	3
3143	4
3143	5
1585	4
1585	5
1585	6
1585	7
765	2
765	3
765	1
765	6
1585	1
765	7
765	4
1585	3
765	5
1585	2
2005	1
2005	2
2005	3
1178	7
2005	4
2005	5
2005	6
2005	7
339	7
339	6
339	3
339	2
339	5
339	4
766	4
339	1
766	6
766	5
766	7
2006	5
2006	3
2006	4
2006	7
766	1
766	2
1179	3
2676	7
1179	2
1179	5
2676	5
1179	4
2676	6
2006	1
1179	7
2006	2
1179	6
2004	2
2676	2
1587	6
2004	1
2676	1
1587	7
2004	4
2676	4
2004	3
2676	3
1587	2
1587	3
1587	4
1587	5
1587	1
336	3
336	4
336	1
336	2
336	7
336	5
336	6
768	6
1178	3
1588	3
768	5
1178	4
1588	4
1178	5
1588	1
768	7
1178	6
1588	2
768	2
768	1
768	4
1178	1
768	3
1178	2
2004	7
2004	5
3143	7
3143	6
1582	7
342	2
1582	3
1582	4
1582	5
1582	6
342	6
1162	5
342	5
1162	6
342	4
1162	3
342	3
1162	4
1162	1
1162	2
342	7
1162	7
1995	1
1995	7
1995	4
1995	5
1995	2
1995	3
1582	2
1582	1
1160	4
743	7
1160	1
743	6
1160	2
1160	7
340	7
3126	1
340	6
1160	5
3126	2
340	5
1160	6
3126	3
3126	4
3126	6
1994	1
3126	7
1994	4
1994	3
1994	6
1994	5
1994	7
2651	1
2651	5
2651	4
2651	3
2651	2
1993	3
1993	2
1993	1
2651	7
2651	6
1993	7
3127	1
1993	6
1993	5
1993	4
3127	4
3127	5
3127	2
3127	3
3127	7
3127	6
340	1
340	2
340	3
340	4
743	1
743	2
743	3
743	5
1999	6
745	6
1999	7
745	7
745	4
745	5
1999	2
745	2
1999	3
745	3
1999	4
1999	5
745	1
1999	1
2656	6
2656	5
2656	7
2656	2
2656	1
2656	4
2656	3
744	5
744	6
744	7
744	1
744	2
744	4
1158	7
1158	3
1158	4
1158	6
1158	1
1158	2
2654	1
2654	4
2654	3
2654	6
2654	5
2654	7
343	2
343	3
343	5
343	1
1997	3
1580	7
1997	2
1997	1
1580	5
1580	6
1997	7
1997	6
1997	5
1997	4
343	7
1580	3
343	6
1580	4
1580	1
1580	2
1989	6
1989	7
1989	4
1989	5
1989	2
1989	3
1989	1
2659	1
349	3
2659	7
349	2
2659	6
349	5
2659	5
349	4
2659	4
349	7
2659	3
349	6
2659	2
748	3
748	1
748	2
1988	5
2660	5
1988	6
2660	6
1988	7
2660	7
748	7
748	5
748	6
3132	1
3132	2
3132	3
3132	4
348	4
348	3
348	2
348	1
1988	2
1168	7
2660	2
1988	1
348	7
2660	1
1988	4
348	6
1168	5
2660	4
348	5
1168	6
3132	5
1168	3
1168	4
3132	7
1168	1
1168	2
750	3
750	6
750	5
1577	2
750	7
1577	3
1577	6
1577	7
1577	4
1577	5
3134	4
3134	3
3134	5
3134	7
750	1
750	2
1166	5
1576	1
1166	6
1576	2
1166	3
2658	2
1576	3
2658	1
1576	4
2658	4
1576	5
2658	3
1576	6
1166	7
2658	6
1576	7
2658	5
2658	7
3134	1
3134	2
1166	1
1166	2
353	1
353	2
1572	7
1572	5
752	5
1572	4
752	6
1572	3
752	7
1572	2
1572	1
752	2
752	3
752	4
1992	7
1992	5
1992	6
1992	3
1992	4
1992	1
1992	2
352	4
352	3
352	2
3129	4
352	7
3129	6
352	6
3129	7
352	5
3129	1
3129	2
3129	3
751	6
751	7
751	4
751	5
751	2
751	3
754	7
351	7
351	6
351	3
2661	3
351	2
2661	2
351	5
754	2
2661	1
351	4
754	1
754	4
2661	7
754	3
2661	6
351	1
754	6
2661	5
754	5
2661	4
2662	4
2662	6
2662	5
2662	7
753	7
1163	4
753	6
753	5
1163	2
350	7
753	4
1163	3
350	6
350	5
1163	6
2662	2
350	3
1163	7
2662	1
350	1
350	2
753	2
1163	1
753	3
412	2
412	3
412	4
412	5
412	6
412	7
1144	1
414	7
1144	2
1144	3
1144	4
414	4
414	3
1144	6
414	6
1144	7
414	5
3163	5
2753	7
2095	1
2753	4
3163	3
2753	5
3163	2
2095	4
2095	5
3163	7
3163	6
2095	3
414	1
2095	6
414	2
2095	7
1145	2
1145	3
1145	1
1145	6
1145	7
1145	5
2753	1
2753	3
2753	2
3163	1
2096	1
2096	2
2096	3
2096	4
2096	5
2096	7
1146	4
1146	3
1146	6
1146	2
1146	1
2090	7
2090	6
2090	5
2090	4
2090	3
2090	2
673	4
673	7
673	6
410	1
1626	4
410	2
1626	3
1626	6
1626	5
410	5
410	6
410	3
1626	2
410	4
1626	1
674	7
674	6
674	5
674	4
674	3
674	2
674	1
1146	7
672	1
2092	7
672	2
672	3
2092	5
672	4
2092	6
672	5
672	6
672	7
2092	3
2092	4
2092	1
2092	2
410	7
2093	1
2093	2
2093	3
673	2
2093	4
673	3
2093	5
673	1
2093	7
1624	2
1624	1
1624	4
1624	6
1624	5
1624	7
2749	1
1148	7
2749	3
1148	5
2749	2
1148	6
2749	5
2749	4
2749	7
2749	6
1148	3
1148	4
1148	1
1148	2
1614	7
1614	4
1614	6
1614	5
2759	3
2759	2
2759	5
2759	4
2759	1
1150	2
1150	1
420	1
420	2
420	3
420	6
1150	7
420	5
420	7
1150	3
1150	4
1150	5
1150	6
1151	1
1151	4
1151	5
1151	2
1613	1
1151	6
1613	2
1151	7
1613	3
1613	4
1613	5
1613	6
1613	7
2759	6
2759	7
683	1
683	3
683	2
683	5
683	4
683	7
683	6
1152	1
1152	2
1152	3
1152	4
1152	5
1614	1
1152	6
1614	2
1152	7
416	3
416	4
416	1
416	2
416	7
1618	7
416	5
416	6
1618	4
1618	3
1618	6
1618	5
1618	2
1618	1
1619	7
1619	5
417	1
1619	4
417	2
1619	3
417	3
1619	2
1619	1
417	7
417	6
417	5
417	4
2757	1
2085	1
2757	2
2085	2
2757	3
2085	3
2757	4
2085	4
2757	5
2085	5
2757	6
2085	6
2757	7
2085	7
1617	2
418	7
1617	3
1617	1
418	4
418	3
418	6
418	5
418	2
418	1
2086	5
2086	6
2086	3
2086	4
2086	7
1617	7
3173	3
1617	6
3173	2
1617	5
3173	1
1617	4
3173	7
2086	1
3173	6
2086	2
3173	5
2737	5
2737	4
427	7
2737	7
427	6
2737	6
427	5
427	4
427	3
427	2
2081	1
2081	3
2081	2
1608	2
3150	4
1608	1
3150	3
1608	4
3150	6
1608	3
3150	5
1608	6
1608	5
3150	7
1608	7
427	1
2737	1
2737	2
663	7
2738	2
2738	1
2738	6
2738	5
2738	4
2738	7
1128	2
3151	1
1128	1
1128	4
1128	3
1128	6
3151	5
1128	5
3151	4
3151	3
1128	7
3151	2
3151	7
663	1
3151	6
663	2
663	3
663	4
663	5
429	3
429	2
429	1
429	7
429	6
429	5
429	4
2082	3
2082	4
2082	5
2082	6
2082	1
2082	2
2082	7
1606	1
1606	2
428	2
428	1
428	4
428	3
428	6
2740	4
3150	1
428	5
2740	3
3150	2
2740	2
1606	7
428	7
2740	1
1606	5
1606	6
1606	3
1606	4
2081	7
2081	4
2081	5
1612	6
1612	5
1612	7
1612	2
1612	1
1612	4
1132	6
1132	5
3155	4
3155	3
1132	7
3155	2
3155	7
3155	6
1132	2
3155	1
1132	1
1132	4
1132	3
2076	7
2076	6
2076	5
2076	4
2076	3
2076	2
2076	1
2079	6
2079	7
2079	2
2079	3
2079	4
2079	5
2079	1
425	7
425	6
425	5
425	4
425	3
425	2
2078	7
2078	5
3153	7
2078	6
3153	6
2078	3
3153	5
2078	4
3153	4
2078	2
3153	2
2078	1
2736	7
3153	3
2736	6
2736	5
3153	1
2736	4
1609	6
2736	3
1609	7
2736	2
1609	4
2736	1
1609	5
1609	2
1609	3
1609	1
1601	7
1601	6
1601	5
1601	4
1136	2
1136	1
1136	4
1136	3
1136	6
1136	5
1136	7
2744	4
2744	3
671	1
2744	2
2744	1
671	3
671	2
2744	7
671	5
2744	6
671	4
2744	5
671	7
671	6
1135	1
1135	5
1135	4
1135	3
1135	2
3158	1
433	2
3158	4
433	3
3158	3
1135	7
3158	6
433	1
1135	6
3158	5
670	1
670	2
3158	7
670	6
670	5
670	3
2073	1
433	7
2073	3
433	5
2073	2
433	4
670	7
2073	5
2073	4
2073	7
2073	6
1601	1
1601	2
2075	6
2075	7
2075	4
2075	5
2075	2
1600	7
3156	3
3156	4
1600	5
3156	1
1600	6
3156	2
1600	4
1600	1
1600	2
3156	6
3156	5
3156	7
2075	1
667	3
430	7
667	2
2740	7
667	5
2740	6
667	4
2740	5
430	4
667	7
430	3
667	6
430	6
3161	7
3161	6
3161	5
3161	4
1605	3
1605	2
1605	1
1605	7
1605	6
3161	2
1605	5
3161	1
1605	4
1604	1
1604	2
1604	3
1604	4
430	1
1139	5
430	2
1139	4
1139	2
1139	7
1139	6
1604	5
1604	7
1139	1
432	1
432	4
1603	6
432	3
1603	7
432	6
1603	4
432	5
1603	5
1603	2
432	7
1603	3
1603	1
2072	7
2072	5
2072	3
2072	4
2072	1
2072	2
2071	3
2743	3
2071	2
2743	2
2071	5
431	7
2743	5
2071	4
431	6
2743	4
1602	7
2071	1
2743	1
431	1
1602	4
1602	5
1602	6
431	5
431	4
431	3
1602	1
431	2
1602	2
665	6
665	7
665	4
665	5
665	2
665	3
665	1
2071	6
2743	6
2071	7
2743	7
703	7
703	6
2068	4
2068	3
2068	2
703	1
703	3
703	2
703	5
703	4
1117	2
1117	1
1117	7
1117	6
1117	5
1117	4
2068	5
2068	6
2068	7
705	1
705	3
705	2
3193	6
3193	7
3193	4
2066	7
3193	5
2066	6
3193	2
2066	5
3193	3
2066	3
3193	1
2066	2
2066	1
2724	7
1649	7
2724	6
1649	4
2724	5
1649	5
2724	3
1649	3
2724	4
1649	2
2724	1
1649	1
2724	2
1114	7
1650	7
1650	3
1650	5
1650	6
1650	1
1650	2
705	7
705	4
705	5
383	2
383	3
383	4
383	5
1651	1
383	1
1651	5
1120	2
1120	1
1651	3
1120	4
1651	2
1120	3
383	6
1120	6
3195	1
383	7
1120	5
1651	7
1651	6
1120	7
699	3
2722	2
699	2
2722	1
699	5
3194	7
699	4
699	7
2722	6
699	6
2722	5
2722	4
2722	3
2722	7
2065	4
2065	5
2065	6
2065	7
384	7
384	5
3194	2
384	6
3194	1
1121	3
3194	4
384	4
3194	3
384	1
1121	1
3194	6
384	2
3194	5
2065	1
2065	3
2065	2
701	5
701	4
701	7
701	6
701	1
701	3
701	2
382	5
382	3
702	7
382	4
702	5
702	6
382	7
702	3
702	4
2063	3
3195	6
2063	2
3195	7
2063	5
2063	4
3195	2
3195	3
2063	1
3195	4
3195	5
702	2
702	1
2063	7
382	2
382	1
393	6
393	7
393	4
393	5
393	2
393	3
393	1
2061	1
710	6
710	5
2061	3
710	4
2061	2
2061	5
2061	4
2061	7
710	7
710	2
710	1
1641	7
1641	6
1641	5
1641	4
1124	2
1124	1
1124	4
1124	3
1641	3
1641	2
1641	1
2732	7
2732	6
2732	5
1124	6
1124	7
2732	4
2732	3
2732	1
1642	4
1642	3
1642	6
2731	1
1642	5
1642	2
1642	1
1121	7
1121	6
1121	5
1121	4
3200	6
3200	7
3200	1
3200	2
3200	3
3200	4
2731	7
2731	6
2731	3
1642	7
2731	2
2731	5
2731	4
2730	5
2730	6
2730	4
2730	1
2730	2
712	5
712	6
712	7
712	1
712	2
712	3
2060	7
2060	6
3199	6
2060	5
3199	7
2060	4
3199	4
3199	5
2060	2
3199	2
2060	1
3199	3
3199	1
2730	7
3201	4
3201	5
3201	6
3201	7
2057	1
2057	3
2057	2
2057	5
2057	4
2057	7
2057	6
1644	2
1644	1
1644	4
1644	3
1644	6
1644	5
1644	7
707	1
2058	2
707	3
2058	1
707	2
707	5
2058	6
707	7
2058	5
707	6
2058	4
2058	3
2058	7
1645	3
1645	2
1645	1
1645	7
1645	6
3201	2
1645	5
3201	1
2055	7
2727	7
2727	6
1646	2
1646	1
3202	5
2056	7
3202	6
1646	7
2056	5
3202	4
2056	4
1646	5
3202	1
2056	3
3202	2
2056	2
1646	3
2056	1
1646	4
3202	7
389	1
709	5
389	2
709	6
389	3
709	7
389	4
389	5
709	1
389	6
709	2
389	7
709	3
2727	4
2727	5
2727	2
2727	1
2055	3
2055	2
2055	5
2055	4
2055	1
401	7
401	6
401	5
401	4
401	2
401	3
1634	7
1634	4
1634	3
1634	6
1634	5
1634	2
1634	1
2054	7
2054	6
2054	5
2054	4
2054	3
2054	2
2054	1
2712	7
2712	6
2712	4
2712	3
2712	2
2712	1
1102	7
1633	7
1102	4
1633	6
1102	3
1633	5
1102	6
1633	4
1102	5
692	4
1102	1
692	3
1102	2
692	2
692	1
2053	1
1636	5
1636	6
2053	3
1636	7
2053	2
2053	5
2053	4
2053	7
2053	6
1636	2
1636	1
1636	4
1636	3
2709	1
2709	2
2709	3
2709	4
2709	5
2709	6
2709	7
2052	7
2052	6
2052	5
2710	5
1635	5
2710	6
1635	4
2710	4
1635	2
2052	4
2052	1
2710	7
1635	7
2052	2
1635	6
398	7
398	3
2710	1
1635	1
398	4
2710	2
398	5
398	6
1107	1
3180	2
3180	1
1638	2
3180	4
1638	1
2708	1
2708	2
1638	7
2708	3
1107	7
2708	4
1107	6
398	1
1638	4
1107	5
3180	6
398	2
1638	3
1107	4
3180	5
1638	6
1638	5
1107	2
3180	7
2051	1
686	7
686	6
686	5
686	3
2051	7
2051	3
2051	2
2051	5
2051	4
1106	4
1106	3
1106	6
1106	5
1106	2
1106	1
3181	7
3181	6
686	1
3181	5
686	2
3181	4
3181	3
1106	7
3181	2
2050	5
2050	4
2050	3
2050	2
2050	1
2708	7
2708	5
2050	7
1105	7
1105	6
1105	5
1105	4
2049	5
2049	4
2049	7
688	4
688	3
688	2
688	1
1105	2
688	7
1105	3
688	6
688	5
1105	1
395	6
395	7
395	2
395	3
395	4
395	5
2049	2
2049	3
2049	1
1104	1
1104	2
395	1
1104	3
1104	4
1104	5
1104	6
1104	7
2718	1
2718	2
1110	7
1110	4
1110	6
1110	5
1110	2
1110	1
2718	7
2718	6
2718	5
2718	4
2718	3
407	1
407	4
407	5
407	2
407	3
1109	7
1109	5
1109	4
1109	3
1109	2
1626	7
1109	1
2047	7
2719	7
2047	6
2719	6
2719	3
2047	2
2719	2
2047	5
407	7
2719	5
2047	4
407	6
2719	4
2047	1
2719	1
1629	3
1629	2
1629	1
1629	7
3185	3
1629	6
1629	5
3185	1
698	7
1108	6
1108	5
1108	7
699	1
3185	6
3185	7
3185	4
3185	5
1628	6
1628	5
2717	2
2717	3
1628	7
2717	4
2717	5
2717	6
2717	7
1628	2
1628	1
1628	4
1628	3
698	2
3186	7
698	1
698	6
698	5
1108	4
698	4
1108	1
698	3
1108	2
3186	1
3186	2
3186	3
3186	4
3186	5
3186	6
2044	4
404	6
693	5
2044	3
404	5
693	4
2044	2
693	7
2044	1
404	7
693	6
693	3
693	2
2044	7
2044	6
2044	5
3187	1
1114	4
2715	1
1114	3
3187	7
1114	5
3187	5
3187	4
1114	2
3187	3
1114	1
3187	2
2043	7
2715	7
2043	6
2715	6
2043	3
2043	2
692	7
2715	2
2043	5
692	6
2715	5
692	5
2715	4
1630	1
1630	2
1630	7
1630	4
1630	3
1630	6
1630	5
404	3
404	4
404	1
404	2
695	1
695	3
695	2
695	5
695	4
695	6
1112	2
695	7
1112	1
1112	4
1112	3
1112	6
1112	5
1112	7
2043	1
1633	2
1633	1
402	5
402	6
402	3
402	4
402	1
402	2
402	7
18	7
487	3
487	2
2348	7
487	5
2348	6
487	4
2348	5
1528	5
2348	4
1528	6
2348	3
1528	7
2348	2
18	1
2348	1
18	2
1528	1
18	3
1528	2
18	4
1528	3
1879	6
18	5
1528	4
1879	7
18	6
1879	5
1879	4
1879	3
1879	2
1879	1
487	6
487	7
1881	6
20	1
1881	7
20	2
1881	4
20	3
1881	5
20	4
2996	4
2996	1
2996	2
1881	2
1881	3
1881	1
2575	6
2575	7
2575	1
2575	5
2575	2
2575	3
2347	3
2347	2
1527	6
2347	5
1527	7
2347	4
2347	7
1527	1
1527	5
1527	4
1527	3
1527	2
2347	1
2574	3
2574	4
2574	5
2574	6
2574	7
20	7
20	6
20	5
490	7
14	3
14	5
14	6
14	7
2580	7
2580	6
2580	5
490	2
490	1
490	4
490	3
490	6
490	5
2580	1
2580	2
2580	3
2580	4
2352	6
2352	5
2352	7
2352	2
2352	1
2352	4
2352	3
488	6
1877	2
488	5
1877	3
488	7
1877	1
488	2
1877	6
1877	7
488	4
1877	4
488	3
16	5
16	6
16	7
16	1
16	2
16	3
17	7
17	6
17	5
17	4
17	2
17	1
1886	2
1886	1
11	1
1045	6
1045	7
1045	4
1045	5
1045	3
1045	1
480	4
2355	7
480	3
2355	6
480	2
480	1
2355	3
480	7
2355	2
480	6
2355	5
2355	4
2987	6
1886	7
2987	7
11	5
11	2
11	3
2987	2
2987	3
1886	4
2987	4
1886	5
11	6
2987	5
1886	6
11	7
2569	6
2569	7
2569	4
2569	5
2569	3
2569	1
2356	4
12	5
2356	3
12	6
2356	2
12	7
2356	1
1522	7
1522	3
1522	5
1522	6
12	1
12	2
1522	1
12	3
1522	2
12	4
478	1
478	2
1519	7
1519	6
2353	1
2353	2
2353	3
1519	1
2568	1
2568	2
2568	4
1519	5
2568	5
1519	4
2568	6
1519	3
2568	7
1519	2
2989	1
2989	2
2989	3
2989	4
2989	5
2989	6
2989	7
2353	5
2353	4
2353	7
478	7
2353	6
478	6
478	5
478	3
2988	7
2988	5
14	1
2988	6
2354	7
14	2
2354	2
1048	2
2354	1
1048	1
1048	4
1048	3
2988	3
2354	6
1048	6
2988	4
2354	5
1048	5
2354	4
2988	2
2354	3
1048	7
2358	2
7	6
2358	1
7	7
2983	7
2358	7
2358	4
2358	3
2358	6
2358	5
2574	1
2574	2
2359	5
2359	4
2359	3
2359	2
2359	1
2359	6
2359	7
2983	5
2983	4
2983	3
2983	2
2983	1
2356	6
2356	5
2356	7
2985	2
2985	3
2985	4
2985	5
2985	6
2985	7
482	4
2984	3
2357	3
482	3
2984	4
2357	2
482	6
2984	1
2357	1
482	5
2984	2
2984	7
2357	7
2357	6
482	2
2984	5
2357	5
482	1
2984	6
2357	4
482	7
1543	1
3007	7
1894	4
1894	5
1894	6
1543	4
1894	7
1543	5
1543	2
2363	1
1543	3
1067	4
1067	3
3007	1
1067	2
3007	2
3007	3
3007	4
1894	1
1067	7
3007	5
1894	2
1067	6
1067	1
2362	7
1542	3
3008	3
2362	2
1542	4
3008	4
2362	1
1542	5
3008	1
1542	6
3008	2
1542	7
473	5
3008	7
2362	6
473	4
2362	5
473	7
3008	5
2362	4
473	6
3008	6
2362	3
473	1
1893	3
473	3
473	2
1893	1
1893	6
1893	7
1542	1
1893	4
1542	2
1893	5
3009	1
7	1
3009	2
3009	3
2361	5
7	4
2361	4
7	5
2361	7
7	2
2361	6
7	3
1541	6
1541	7
1541	4
2361	3
1541	5
2361	2
1541	2
1541	3
1541	1
6	3
6	4
6	5
6	6
6	7
471	7
471	6
2360	7
2360	6
2360	5
1540	5
1540	6
2360	3
1540	7
2360	2
6	1
2360	1
6	2
1540	2
1540	1
1540	4
1540	3
471	1
471	2
471	3
471	5
3009	7
3009	6
3009	5
3009	4
2366	3
2366	4
2366	5
2366	6
2366	7
1070	6
1070	5
1890	1
1070	4
1890	2
1070	3
1890	3
1890	4
1890	5
1070	7
1890	7
2366	2
2366	1
1070	2
3004	3
3004	4
3004	2
3004	7
3004	5
3004	6
1892	6
1892	5
1892	7
3005	4
1892	1
3005	5
1892	2
1892	3
3005	7
1892	4
3005	1
3005	2
3005	3
1891	1
2363	7
2363	6
2363	4
2363	3
2363	2
1891	6
1891	7
1891	4
1891	5
1891	2
1891	3
1060	1
1060	2
1060	3
1060	4
1901	2
1901	3
1901	1
1901	7
1901	4
1901	5
1060	6
1060	7
1059	4
1059	5
1059	2
1059	6
1059	7
1059	1
1535	6
1535	7
466	7
2584	2
466	6
1535	1
2584	1
466	5
2584	4
466	4
466	3
1535	4
2584	6
466	2
1535	5
2584	5
466	1
1535	3
2584	7
465	1
465	2
465	3
3002	5
3002	6
1062	7
3002	3
3002	4
3002	1
1062	4
3002	2
1062	3
1062	6
1062	5
465	5
465	4
465	7
1062	2
465	6
1062	1
1533	7
464	3
1533	6
1533	5
464	1
1533	4
464	2
1533	3
464	7
1533	2
1533	1
464	5
464	6
3002	7
1061	7
1061	6
1061	5
1061	4
1061	2
1061	1
2996	7
470	2
2996	5
2586	7
470	1
2996	6
1897	2
1897	1
1897	6
470	7
1897	7
1897	4
1897	5
470	3
470	6
470	5
2997	1
2997	2
2997	3
2997	4
2997	5
2997	6
2997	7
2372	2
2372	1
2372	4
2372	5
2372	6
2372	7
2998	1
2371	1
1530	7
1899	1
2998	7
2371	7
2371	6
2998	5
2371	5
2998	6
2371	4
2998	3
2371	3
2998	4
2371	2
1899	7
1899	6
1899	5
1899	4
1899	3
1899	2
2999	2
2999	3
2999	4
2999	5
2999	1
2999	7
2999	6
1530	6
1530	5
2586	4
1530	4
2586	5
2586	6
1530	2
1530	1
2586	1
2586	2
1082	2
1082	1
2548	4
1082	4
2548	2
1082	6
1499	1
2548	1
1082	5
47	3
457	1
1498	7
47	2
457	2
47	5
457	3
47	4
47	7
457	5
47	6
457	6
457	7
1083	1
1499	5
1499	4
1499	3
1082	7
1499	2
2319	1
2319	3
1499	7
2319	4
1499	6
2319	5
2319	6
2319	7
48	7
48	6
48	5
48	4
48	3
48	2
459	3
1080	6
459	2
1907	1
1080	5
459	4
1080	7
459	7
1080	2
459	6
1080	4
1080	3
1907	6
1907	7
1907	4
1907	5
1907	2
1907	3
1500	2
1500	1
1500	4
2320	7
2320	5
2320	6
1500	6
1500	5
2320	4
2320	1
459	1
1500	7
2320	2
2321	4
2321	7
2321	6
3021	4
3021	5
3021	6
3021	7
3021	1
3021	2
3021	3
2548	5
2548	6
2548	7
1501	7
1501	6
2321	1
1501	5
2321	2
1501	4
2321	3
1501	3
1501	2
1501	1
461	5
3020	7
461	6
3020	6
2322	7
461	7
3020	5
44	6
461	1
44	5
461	2
461	3
44	7
1495	7
2322	1
44	2
1495	6
2322	2
2551	6
44	4
2551	7
44	3
3020	4
2322	5
3020	3
2322	6
3020	2
2322	3
3020	1
2322	4
2551	1
1085	3
1495	1
1085	2
1495	2
2551	5
1085	5
1495	3
2551	4
1085	4
1495	4
2551	3
1085	7
1495	5
2551	2
1085	6
462	1
2323	2
462	2
1906	7
2323	3
2323	4
2323	5
2323	6
2323	7
1086	5
1086	6
1906	2
1086	3
1906	1
1086	4
1906	4
1906	3
1906	6
1086	7
2323	1
2550	4
2550	3
2550	5
1086	2
2550	7
1086	1
2550	2
2550	1
1497	5
1497	4
1497	7
1497	6
1497	1
1497	3
1497	2
3018	7
3018	5
3018	6
3018	3
3018	4
3018	1
3018	2
1903	6
1903	7
462	4
1903	4
1083	7
1903	5
1083	6
462	6
1903	2
462	5
1083	3
462	7
1903	1
1083	2
1083	5
1083	4
1498	6
1498	5
1498	4
1498	2
1498	1
2552	5
2552	6
2552	7
2552	1
2552	3
2552	4
3017	4
3017	5
3017	6
3017	7
3017	1
3017	2
3017	3
450	5
1915	3
450	6
1915	2
2325	1
40	7
1915	5
2325	2
40	6
450	4
1915	4
2325	3
40	5
450	1
1915	7
2325	4
40	4
450	2
1915	6
40	3
2325	6
40	2
2325	7
40	1
450	7
1075	1
1075	5
1075	4
2541	3
1075	3
2541	2
1075	2
2541	5
2541	4
2541	7
1075	7
2541	6
1075	6
3015	7
451	1
3015	6
1916	4
2326	1
1916	3
2326	2
1916	2
1916	1
451	6
2326	5
451	7
1916	7
2326	6
1916	6
1916	5
2326	4
451	2
451	4
2326	7
451	5
2540	4
2540	3
2540	2
2540	1
2540	7
2540	6
2540	5
1076	2
1076	1
1076	3
2542	7
2542	3
2542	5
2542	6
2327	2
2327	3
2327	4
2327	5
2327	1
2327	7
2327	6
3015	2
3015	3
3015	5
3015	1
1494	2
1494	1
1494	7
1494	4
1494	3
1494	6
453	1
2328	7
1074	3
453	3
2328	6
1074	6
453	2
1074	5
2328	4
453	4
2328	3
453	7
2328	2
1074	2
453	6
2328	1
1074	1
2542	2
2542	1
1915	1
1074	7
1488	3
2544	2
1078	6
1488	4
1078	5
1488	1
2544	4
1078	4
1488	2
2544	3
1078	3
1488	7
2544	6
2544	5
1488	5
1488	6
2544	7
1078	7
1078	2
1078	1
2329	5
454	7
2329	6
2329	7
454	5
454	6
454	3
454	4
1912	2
454	2
1912	1
1912	4
1912	3
1912	6
1912	5
2329	1
2329	2
1912	7
2329	3
1913	7
2330	1
1913	6
2330	2
38	7
1913	5
1913	4
38	4
2330	6
38	3
2330	3
38	6
2330	4
38	5
38	2
38	1
1913	2
1913	1
3011	6
3011	7
35	5
35	2
35	3
3011	2
3011	3
3011	4
35	6
3011	5
35	7
3011	1
2330	7
35	1
1076	7
1076	6
1076	5
2546	7
1490	7
1490	6
2546	3
1490	5
2546	4
1490	4
2546	5
1490	3
2546	6
1490	2
1490	1
2546	1
2546	2
2545	3
2545	2
36	1
36	2
3010	7
36	3
36	4
456	2
3010	5
1077	5
456	1
3010	6
1077	4
456	4
3010	3
1077	7
456	3
3010	4
1077	6
456	6
3010	1
1077	1
456	5
3010	2
456	7
1077	2
1491	7
1491	6
1491	3
1491	2
1491	5
1491	4
36	6
36	5
1491	1
36	7
2545	6
2545	7
2545	4
2545	5
2561	1
2561	3
2561	2
1513	3
3036	2
1096	7
34	2
1513	2
3036	1
34	1
1513	1
3036	4
1923	1
3036	3
1096	6
1096	3
34	6
444	4
1096	4
34	5
444	1
1096	1
34	4
444	2
1096	2
34	3
444	7
1923	7
2333	4
1923	6
2333	5
444	5
2333	6
444	6
2333	7
34	7
1513	7
3036	6
1923	3
1513	6
3036	5
1923	2
2333	1
1923	5
2333	2
1513	4
3036	7
1923	4
1922	6
2332	3
1922	5
2332	4
2332	1
1922	3
2332	2
2561	6
1922	2
2561	7
1922	1
1095	7
2561	4
2332	7
2332	5
1922	7
2332	6
1515	4
1515	5
1515	2
1515	3
1515	6
1515	7
1095	1
1095	5
1095	4
1095	3
3035	1
1095	2
2562	1
2562	2
2562	4
2562	5
2562	6
2562	7
1515	1
1514	7
2334	6
2334	5
2334	4
2334	3
1094	2
2334	7
1094	1
1094	4
1094	3
1094	6
1094	5
1094	7
3035	5
3035	4
3035	3
3035	2
3035	7
3035	6
445	5
1514	2
445	6
1514	1
445	7
1514	4
2334	1
1514	3
445	1
2334	2
1514	6
445	2
1514	5
445	3
448	3
448	1
1510	7
448	2
1510	6
448	7
3033	5
1510	5
3033	4
1510	4
448	5
3033	7
1510	3
448	6
3033	6
1510	2
3033	1
1510	1
3033	3
3033	2
2336	7
2336	5
2336	6
2336	4
2336	1
2336	2
1509	5
1099	6
30	4
1509	4
1099	7
30	3
1509	7
30	6
1509	6
1509	1
1099	2
30	7
1509	3
1099	4
1509	2
1099	5
1099	1
30	1
30	2
3031	7
1918	4
3031	6
1918	3
1918	5
1918	7
2338	7
3031	1
3031	2
3031	4
1918	1
3031	5
1918	2
2338	2
2338	1
449	7
2338	4
449	6
2338	3
449	5
2338	6
449	4
2338	5
449	2
449	3
3032	4
3032	3
3032	2
3032	1
3032	7
3032	5
28	5
28	6
28	7
28	2
28	3
28	4
3029	7
27	3
3029	6
27	2
437	2
3029	5
27	5
437	3
27	4
437	4
3029	3
1089	4
27	7
437	5
3029	2
1089	5
27	6
437	6
3029	1
1089	6
437	7
1089	7
1089	2
1089	1
27	1
1088	2
1088	4
1088	3
1088	6
3028	4
1088	5
3028	1
3028	2
1088	7
3028	6
1927	7
3028	5
3028	7
1507	1
2556	1
2556	2
2556	3
2556	4
1507	5
2556	5
1507	4
2556	6
2556	7
1507	2
1507	7
1507	6
2341	1
25	2
25	3
2341	3
2341	2
25	1
2341	5
2341	4
2341	7
2341	6
25	6
25	7
25	5
2557	7
2557	6
2557	5
2557	4
2557	3
2557	2
2557	1
441	4
1927	5
441	5
1927	4
441	6
1927	3
441	7
1927	2
1927	1
24	2
24	1
24	4
24	3
24	6
441	1
24	5
441	2
441	3
24	7
1502	1
1502	2
2558	2
2558	1
1926	7
1926	4
1926	3
1926	5
2558	7
440	3
440	1
1926	2
1502	7
440	2
1926	1
1502	6
440	7
1502	5
2558	4
1502	4
2558	5
440	5
1502	3
2558	6
440	6
2345	7
1091	3
2345	6
1091	2
2345	5
1091	5
2345	4
1091	4
1091	7
1091	6
2345	3
442	7
2345	2
2345	1
1091	1
2559	6
2559	7
1925	3
2559	1
1925	2
1925	1
1925	7
2559	5
1925	6
2559	2
1925	5
2559	3
1925	4
2344	2
2344	1
2344	4
2344	3
2344	6
2344	5
2344	7
2560	1
442	5
2560	2
442	6
2560	3
442	3
2560	4
442	4
2560	5
442	1
2560	6
442	2
2560	7
1000	6
545	5
1000	5
545	4
545	7
1000	7
545	6
1000	2
1000	1
1000	4
1000	3
1469	4
1469	5
1931	1
1469	6
1469	7
1469	1
1469	2
1469	3
1931	7
1931	6
1931	5
1931	4
70	2
1931	2
70	1
2407	4
2407	5
70	3
2407	2
70	6
2407	3
70	5
2407	1
70	7
546	2
546	1
2407	7
546	6
2407	6
546	5
546	4
1470	1
1470	2
546	7
3045	5
3045	4
3045	7
1470	7
3045	6
1470	6
3045	1
1470	5
1470	4
1470	3
3045	2
71	1
71	5
71	4
71	3
71	2
1467	2
1467	3
1467	4
1467	5
1467	6
71	6
1467	7
71	7
2634	2
2634	1
2634	6
2634	5
2634	4
2634	3
2405	2
2405	3
2634	7
2405	1
2405	6
2405	7
2405	4
2405	5
1933	3
544	5
1933	2
544	6
1933	1
544	7
1933	7
544	1
1933	6
544	2
1933	5
544	3
1933	4
544	4
2633	1
2633	2
2633	5
2633	4
2633	7
2633	6
545	3
545	1
73	5
73	4
2403	6
73	7
2403	7
73	6
3049	7
2403	4
3049	6
2403	5
3049	5
2403	2
542	1
3049	4
2403	3
542	2
3049	3
3049	2
2403	1
73	3
73	2
1473	1
1473	2
542	4
542	3
542	6
542	5
542	7
2404	1
74	2
2404	2
74	1
2404	3
2404	4
1935	7
74	6
1935	6
74	5
74	4
1935	3
1935	2
1935	5
1935	4
1473	7
2631	6
1473	6
2631	7
1473	5
1935	1
1473	4
998	7
998	6
998	4
998	3
998	2
998	1
74	7
2404	6
2404	5
2404	7
1936	4
1936	3
1936	2
75	1
1936	7
1936	6
1936	5
2401	6
2401	7
2401	5
2631	1
2631	5
2631	4
2631	3
2631	2
3051	4
75	6
3051	5
75	7
3051	2
3051	3
75	2
75	3
3051	6
75	4
3051	7
2402	7
541	6
541	7
541	4
541	5
1937	1
541	3
1937	3
1937	2
541	1
2402	1
2402	2
2402	3
2402	4
2402	5
2402	6
76	7
76	5
76	6
1937	4
76	3
1937	5
76	4
1937	6
76	1
1937	7
76	2
3039	3
63	1
2629	4
3039	2
1938	3
2629	5
3039	5
1938	6
2629	6
3039	4
1938	5
2629	7
63	5
63	4
2629	1
3039	1
1938	2
63	3
2629	2
1938	1
63	2
2629	3
63	7
63	6
3039	7
3039	6
1938	7
538	7
3038	7
1463	7
3038	6
1463	6
3038	5
3038	4
994	4
994	3
994	6
994	5
994	2
994	1
3038	1
1463	3
3038	2
1463	4
1463	5
994	7
1463	1
2412	1
2412	2
2412	3
2412	4
2412	5
2412	7
3041	1
3041	3
3041	2
995	1
995	5
995	4
995	3
995	2
995	7
995	6
996	5
996	6
996	7
3040	4
538	3
3040	3
538	4
3040	2
3040	1
538	6
3040	7
3040	6
538	1
3040	5
538	2
2626	2
2626	1
2626	6
2626	5
2626	4
2626	7
996	2
996	4
996	3
535	7
990	7
535	6
990	6
990	5
2410	7
990	4
990	3
990	2
2410	4
535	1
2410	5
2410	6
535	4
3042	7
2410	1
535	2
2410	2
535	3
3042	4
3042	3
3042	6
2625	4
2625	5
3042	2
2625	6
3042	1
2625	7
2625	3
2625	2
2625	1
1467	1
536	2
536	1
2411	7
536	4
2411	6
536	3
2411	5
536	6
2411	4
536	5
2411	3
2411	2
536	7
2411	1
1942	7
1942	6
1942	5
1942	4
1942	3
1942	2
1942	1
3041	7
3041	6
3041	5
3041	4
992	4
2624	2
992	3
2624	1
992	2
2624	4
992	1
2624	3
2624	6
992	7
992	6
2624	7
3044	5
3044	6
3044	7
68	7
68	5
68	6
68	4
68	3
68	2
68	1
3044	2
3044	1
3044	4
3044	3
533	6
533	7
533	4
533	5
533	2
533	3
533	1
2623	7
2623	6
1944	3
69	4
2623	1
1944	4
69	5
1944	1
69	6
1944	2
69	7
1944	7
2623	5
69	1
2623	4
1944	5
69	2
2623	3
1944	6
69	3
3043	5
3043	4
3043	3
3043	2
3043	7
3043	1
2421	1
2421	3
2421	2
2421	4
2421	7
2421	6
57	3
57	2
57	1
3059	1
3059	3
3059	2
3059	5
3059	7
57	7
3059	6
57	6
57	5
57	4
2420	7
2420	6
2420	5
1483	1
1483	3
56	6
1483	2
56	5
1483	5
1483	4
56	7
1483	7
1945	3
56	2
1945	2
56	1
1945	1
56	4
1945	7
1945	6
1945	5
1945	4
1947	6
1947	7
58	7
1947	2
1947	3
1947	4
2647	3
2647	2
2647	5
2647	4
1017	2
1017	1
2647	6
2647	7
531	1
2420	1
531	4
2420	2
531	5
2420	3
531	2
2420	4
531	3
1017	6
1017	7
1017	4
531	6
1017	5
531	7
3061	6
3061	7
3061	4
3061	5
3061	2
3061	3
3061	1
1016	5
1016	6
2419	1
1016	7
1016	1
1016	2
1016	3
1016	4
1947	1
58	2
2419	7
58	1
2419	4
58	4
2419	5
2419	2
58	6
2419	3
58	5
1949	1
1487	7
1949	3
1487	6
1949	2
1949	5
60	7
1949	7
60	6
1949	6
60	5
1487	1
60	4
60	3
60	2
60	1
1487	4
1487	3
1487	2
1012	4
1012	3
1012	2
1012	1
2646	6
2646	3
2646	4
2417	2
2417	3
2646	7
2417	1
2646	1
2646	2
2417	7
2417	6
2417	5
2417	4
527	6
527	7
527	1
527	4
527	5
527	2
527	3
61	1
61	3
61	2
61	5
61	4
61	7
61	6
526	3
526	4
526	5
526	6
1012	5
526	7
1012	6
1012	7
1485	4
1485	5
1485	7
1485	1
1485	2
1485	3
1477	1
1477	3
1477	5
1477	4
1477	7
1477	6
526	1
526	2
49	7
49	6
49	5
3053	1
3053	2
3053	5
3053	4
3053	7
3053	6
49	2
49	3
49	1
1010	3
1010	4
1010	5
1010	6
1010	2
1010	7
52	2
52	1
52	4
52	3
1009	6
51	1
1009	7
1009	4
1009	5
51	5
51	4
51	3
51	2
51	7
51	6
1009	3
1009	2
1009	1
1004	7
1004	6
1004	5
2424	2
2424	1
2424	4
1004	4
2424	6
1004	3
2424	5
1004	2
1004	1
2424	7
1955	3
2639	6
1955	2
2639	7
1955	5
1955	4
1955	7
2639	1
2639	2
52	7
2639	3
1955	1
52	6
2639	4
52	5
2639	5
1958	7
1958	6
1958	3
1958	4
1958	1
1958	2
2423	7
2423	6
2423	4
2423	5
2423	2
2423	1
1478	7
1478	5
3058	7
1478	6
1478	3
1478	4
3058	3
1478	2
3058	4
3058	5
3058	6
3058	1
3058	2
2422	7
54	6
54	5
54	4
54	3
2422	3
2422	4
2422	5
2422	6
54	7
2422	2
54	2
54	1
99	6
516	2
99	7
516	1
516	4
516	3
99	2
99	3
99	5
1960	3
1960	4
1960	1
1960	2
99	1
1960	7
1960	5
1960	6
1440	2
1440	1
1440	4
1440	3
1440	6
1440	5
1440	7
516	5
516	6
516	7
100	3
100	4
100	2
100	7
100	6
100	5
97	4
97	6
97	7
3073	6
3073	7
3073	4
3073	5
1959	5
1959	4
1959	3
1959	2
1959	1
1959	6
1959	7
3073	1
3073	3
3073	2
1029	6
1029	7
1029	4
1029	5
1029	2
1029	1
1443	1
1443	2
1443	5
1443	4
1443	7
1443	6
1964	3
1964	4
1964	1
1964	2
1964	7
3079	1
1964	5
1964	6
3079	4
3079	5
3079	2
3079	3
1027	1
1027	4
1027	5
1027	2
1027	3
1444	4
1444	3
1027	6
1444	1
1027	7
1444	7
1444	5
1444	6
3077	6
1445	4
3077	7
1445	5
3077	4
1445	6
3077	5
1445	7
3077	3
1445	1
1445	2
3077	1
1445	3
3076	2
3076	1
3076	4
1963	1
3076	3
1963	6
1963	7
3076	5
1963	2
3076	6
1963	3
102	2
3076	7
1963	4
102	5
102	6
102	3
102	4
102	7
1967	6
3068	6
1967	7
3068	7
2599	7
2599	6
1967	1
3068	1
1967	2
3068	2
1967	3
3068	3
1967	4
3068	4
1967	5
2599	1
1434	2
1434	1
2599	4
1434	4
2599	5
1434	3
2599	2
1434	6
2599	3
1434	5
93	4
93	5
93	6
93	7
93	1
93	2
93	3
3067	4
3067	5
3067	3
3067	6
3067	7
1435	1
3067	1
511	6
1966	1
511	7
91	1
511	1
511	5
511	2
511	3
2601	5
2601	4
2601	7
2601	6
2601	1
2601	3
90	7
2601	2
1434	7
91	2
2600	7
1435	7
91	3
2600	6
1966	7
91	4
2600	5
2600	4
1966	5
1435	2
91	6
2600	3
1966	6
1435	3
91	7
2600	2
1966	3
1435	4
2600	1
1966	4
1435	5
1971	1
1971	2
1971	3
1971	4
1971	5
1971	6
1971	7
1436	4
1436	3
1436	2
1436	1
1436	7
1436	5
97	1
97	2
507	1
97	3
1972	3
1972	4
1972	1
1972	2
1020	1
1020	2
1020	3
1020	4
1437	1
1020	6
1020	7
1437	3
1437	2
1437	5
1437	4
1437	7
94	5
94	6
2598	2
1438	7
94	3
2598	1
1969	4
1438	5
1438	6
1969	6
1438	3
94	7
1969	7
1438	4
1018	6
1018	5
2598	7
1018	4
1018	3
1018	2
2598	4
1018	1
2598	3
2598	6
2598	5
507	4
507	5
507	2
507	3
507	6
507	7
1969	1
1438	2
1969	3
1969	2
94	2
94	1
1970	5
1439	2
1970	6
1439	3
1970	3
1439	4
1439	5
1970	1
1970	2
1439	1
1439	6
1439	7
1970	7
1018	7
86	5
503	1
86	6
86	3
503	5
503	4
86	7
503	3
503	2
2619	7
2619	6
86	1
2619	3
86	2
2619	2
2619	5
2619	4
503	6
503	7
2620	7
2620	6
2620	5
2620	4
85	1
2620	3
85	2
2620	2
85	3
2620	1
85	4
85	5
85	6
85	7
1456	3
2621	1
1456	4
1456	1
2621	3
1456	2
2621	2
1456	7
2621	5
2621	4
1456	5
2621	7
1456	6
2621	6
3086	3
3086	4
1973	1
1973	2
3086	6
1973	3
3086	7
1973	4
84	7
1973	5
1973	6
1973	7
84	6
1043	4
1043	5
2394	1
1043	2
2394	2
2394	3
505	6
2394	4
505	7
2394	5
1043	6
505	4
1043	7
505	5
505	2
505	3
505	1
1043	1
1455	6
1455	7
3087	6
3087	7
2622	2
2622	1
1972	7
3087	1
1455	1
1972	6
3087	4
1455	2
3087	5
1455	3
3087	2
1455	4
1455	5
84	2
1042	7
84	1
84	4
84	3
2622	5
2622	6
1042	1
1042	2
2622	4
1042	4
1042	5
2622	7
1042	6
1978	7
1041	2
1041	3
1041	1
1458	5
1458	3
1458	4
1458	1
1041	7
1458	2
1041	6
1041	5
1041	4
90	2
90	5
500	4
90	6
500	3
1458	7
90	3
500	2
90	4
1457	1
1040	5
1040	6
1457	3
1040	7
1457	2
1040	1
1040	2
1040	3
1040	4
1457	4
1457	5
1457	6
1457	7
1978	5
1978	6
1978	3
1978	4
1978	1
501	6
501	7
501	4
501	5
501	2
501	3
501	1
1977	1
1977	2
1977	3
1977	4
1977	5
1977	6
1977	7
2389	2
2389	3
2389	1
2389	6
500	5
2389	7
500	6
2389	4
500	7
2389	5
87	3
87	2
87	5
87	4
87	1
1976	3
1976	4
1976	1
1976	2
1976	7
87	6
3091	1
87	7
1459	1
1976	6
3091	4
1459	2
3091	5
1459	3
3091	2
1459	4
3091	3
1459	6
1459	7
3091	6
3091	7
2399	7
2399	4
2399	5
2399	2
2399	3
2399	1
496	2
496	1
496	4
496	3
496	6
496	5
496	7
1447	7
1447	5
1447	4
1447	3
1447	2
1447	1
2398	7
2398	3
3082	7
2398	4
2398	6
3082	3
1981	4
3082	4
1981	5
495	7
3082	5
2398	2
495	6
3082	6
1981	7
2398	1
1981	1
3082	1
1981	2
3082	2
1981	3
2613	5
78	6
2613	4
78	3
2613	7
78	4
2613	6
495	5
2613	1
495	4
495	3
78	7
2613	3
495	2
2613	2
1036	5
1036	6
78	2
1036	7
78	1
2401	2
2401	3
2401	1
1036	1
1036	2
1036	4
1980	7
1449	4
1449	5
1980	5
1449	6
1980	6
1449	7
3079	6
3079	7
1980	3
1449	1
1980	1
1449	2
1980	2
1449	3
77	7
77	6
77	5
77	4
77	3
77	2
1035	4
1035	5
1035	2
1035	3
1035	6
1035	7
1035	1
1448	3
1448	4
1448	1
1448	2
1448	7
1448	5
1451	6
1451	7
2609	7
1451	2
2609	6
1451	3
2609	5
1451	4
2609	4
1451	5
3085	6
3085	7
3085	4
3085	5
3085	2
3085	3
3085	1
2395	6
2395	7
1985	7
2395	4
1985	6
1985	5
2395	2
1985	4
2395	3
2609	2
2609	3
1451	1
2609	1
2610	4
2610	6
2610	5
492	4
492	3
2610	2
492	2
1450	7
2610	1
492	1
492	7
1985	1
3086	1
1985	2
2395	1
492	5
3086	2
1985	3
2610	7
1033	2
1033	3
1033	1
2394	7
1450	6
1450	5
1450	4
1450	2
1033	6
1450	1
1033	7
1033	4
1033	5
3083	4
3083	5
3083	2
3083	3
81	4
81	5
81	6
3083	7
81	7
494	7
1032	1
1032	2
1032	3
1032	4
494	3
1032	5
494	4
494	5
1032	7
494	6
81	1
81	3
81	2
3083	1
494	2
2396	1
2396	2
2396	3
2396	4
2396	5
2396	6
80	7
2396	7
80	6
80	5
80	3
80	2
80	1
1411	6
591	7
1411	7
591	6
1411	2
1411	3
1411	4
1411	5
591	1
1411	1
591	3
591	2
591	5
2458	7
591	4
2459	1
123	1
2245	6
2245	7
2245	4
2245	5
2245	2
2245	1
2876	5
2876	6
1775	7
2876	7
2459	7
2876	1
1775	2
590	6
2876	2
1775	3
590	5
2876	3
1775	4
590	4
2876	4
1775	5
590	3
2459	3
2459	2
2459	5
2459	4
1775	1
590	7
2877	2
2877	3
2877	1
2877	6
2877	7
2877	5
1409	4
1409	5
1409	6
1409	7
590	1
1778	7
590	2
1778	2
1778	1
1778	5
1778	4
1778	3
2242	7
2878	1
2878	2
936	4
936	3
936	2
2242	2
123	6
2242	1
123	7
2242	4
936	7
2242	3
123	5
936	6
2242	6
123	2
936	5
123	3
2458	1
2458	2
1409	3
2458	3
1409	2
2458	4
1409	1
2458	6
2878	4
2878	3
2878	6
2878	5
2878	7
2248	7
2248	5
2248	6
2248	3
2248	4
2248	1
2248	2
2462	1
2462	2
119	1
119	3
119	2
119	5
2872	7
119	6
119	7
2872	5
2462	7
2872	6
2872	3
2462	5
2462	4
2872	1
595	1
2462	3
2872	2
595	3
1773	7
595	2
1773	4
595	5
1773	5
595	4
1773	2
595	7
1773	3
595	6
1773	1
2247	6
2247	7
1772	1
594	2
1772	2
1772	3
1772	4
594	6
594	5
594	4
594	3
594	7
1772	5
1772	6
1772	7
593	1
593	2
593	3
593	5
593	7
593	6
2874	1
2247	1
2874	2
2874	5
2247	5
2874	3
2247	3
2874	4
2247	2
2874	7
1405	2
2461	1
1405	1
2461	2
2461	3
1405	7
1405	6
2461	5
1405	5
2461	6
1405	4
2461	7
940	4
940	3
940	2
940	7
940	6
940	5
598	6
598	5
598	4
598	3
2882	7
598	7
2882	3
2882	5
2882	6
598	2
598	1
2882	1
2882	2
2883	7
1417	4
2883	4
1417	5
2883	5
1417	6
2883	2
1417	7
2466	7
2883	3
2466	6
1768	7
1417	1
2466	5
2883	1
1417	2
2466	4
1768	5
2466	3
1768	6
2466	2
1768	3
1768	4
1768	1
1768	2
1771	3
1771	2
1771	5
1771	4
1771	7
1771	6
2236	6
2236	5
131	6
131	7
2236	7
131	4
131	2
131	3
1416	3
1416	4
131	1
1416	1
1416	7
2236	2
2236	1
596	7
1416	5
2236	4
596	6
1416	6
596	5
596	2
596	3
596	4
2885	3
2885	2
2885	7
2885	6
2885	5
2885	4
946	6
946	5
2469	4
946	4
2469	7
946	3
2469	6
946	2
2469	1
2469	3
2469	2
602	2
602	1
602	6
602	5
602	4
946	7
602	3
2470	2
1765	7
1765	4
1765	5
1765	2
601	1
1765	3
601	3
1765	1
601	2
601	5
601	4
601	7
2470	7
601	6
2470	6
2470	5
2470	4
2470	3
2881	1
2881	2
2881	3
2467	1
2467	2
2467	3
2467	5
2467	6
2467	7
1412	5
1412	6
1412	7
599	7
599	6
947	1
947	3
947	2
947	5
947	7
947	6
2881	7
2881	6
2881	5
2881	4
599	2
599	3
599	5
1412	2
1412	1
1412	4
1412	3
599	1
2473	5
2473	4
2473	7
2473	6
2473	1
2473	3
2473	2
577	2
577	3
577	1
2889	7
2889	4
2889	5
1425	1
1425	2
1425	3
949	1
2472	4
2472	3
949	3
2472	2
949	2
2472	1
949	5
2889	2
577	5
949	4
2472	7
2889	3
577	4
949	7
2472	6
577	7
949	6
2472	5
2889	1
577	6
109	5
109	4
109	7
109	6
109	1
109	2
1425	5
1425	4
1425	7
1425	6
1422	7
1422	5
1422	3
1422	4
575	6
575	7
2892	6
2892	5
2892	7
2892	2
2892	1
575	1
2892	4
2892	3
575	4
575	5
575	2
575	3
576	1
576	2
576	3
576	4
576	5
576	6
576	7
2261	1
104	7
2261	2
104	6
2261	3
104	5
2261	4
104	4
2261	5
104	3
2261	6
104	2
2261	7
104	1
1421	2
2477	1
1421	3
2477	3
2477	2
2887	1
1421	6
2477	5
2887	2
1421	7
2477	4
2887	3
1421	4
2477	7
2887	4
1421	5
2477	6
2887	5
105	1
105	3
105	2
105	5
105	4
105	7
105	6
581	5
581	7
581	6
2476	4
581	1
2476	3
2476	2
581	3
2476	1
581	2
2476	7
2476	6
2476	5
1422	1
1422	2
2475	1
2475	7
2475	6
2475	3
2475	2
2475	5
2475	4
2260	2
2260	1
2260	3
1788	4
1788	3
1788	2
1788	1
2260	7
2887	7
2260	5
2887	6
2260	6
579	1
579	2
579	4
579	5
579	6
1788	7
579	7
1788	6
1420	1
1420	2
1420	3
1420	5
1420	6
1420	7
115	7
115	6
115	3
115	2
115	5
115	4
1431	7
2251	4
1431	6
2251	2
2251	3
2251	6
2251	7
1431	1
1431	2
2251	1
1431	3
1431	4
1431	5
2252	5
2252	6
2252	7
2252	1
2252	2
2252	3
2252	4
2479	7
2479	6
584	7
2479	1
584	6
584	5
584	4
2479	2
584	3
2479	5
584	2
2479	4
582	3
582	4
2899	7
582	5
2899	6
582	6
2899	5
582	7
2899	4
2899	3
2899	2
2899	1
582	1
582	2
957	5
957	7
957	6
957	1
2249	7
2249	6
957	3
2249	5
957	2
2249	4
1429	4
1429	5
2249	2
1429	6
2249	1
1429	7
2478	7
2478	6
1429	1
1429	2
2478	4
1429	3
2478	3
2478	1
2478	2
1430	7
1430	5
1430	6
1430	3
1430	4
1430	1
117	2
1430	2
117	3
117	1
117	6
117	7
117	4
117	5
1779	1
1779	4
1779	5
1779	2
1779	3
2484	4
2894	1
2894	2
2484	2
1779	6
2484	1
1779	7
2254	5
111	3
2254	6
111	2
2254	3
111	5
2254	4
111	4
2254	7
111	1
111	7
111	6
2483	1
2483	3
2483	2
2483	5
2483	4
2483	7
2483	6
1426	3
2482	6
113	4
1426	4
2482	5
113	5
1426	5
2482	4
113	6
1426	6
2482	3
113	7
2482	2
2482	1
1426	1
1426	2
961	1
2253	7
2253	6
2253	5
961	2
2253	4
1426	7
2253	3
2253	2
2253	1
2482	7
585	2
585	3
585	4
585	5
585	6
585	7
113	1
113	3
113	2
114	1
114	2
2481	5
114	5
2481	4
114	6
2481	7
114	3
2481	6
114	4
2254	2
114	7
2254	1
2894	7
1781	4
1781	7
1781	6
961	6
1781	1
961	7
2894	3
961	4
2894	6
1781	3
961	5
2894	5
1781	2
2481	1
2481	2
2481	3
2429	3
2429	2
2429	1
2429	7
2429	5
2429	4
152	6
152	5
965	2
965	3
152	7
965	4
152	2
965	5
152	1
965	6
1382	2
965	7
1382	1
152	3
1382	4
1382	3
1382	6
1382	5
1806	2
1382	7
1806	1
151	4
561	3
151	5
561	2
151	2
561	1
964	4
964	3
151	1
964	2
964	1
964	7
964	6
561	6
561	7
151	7
561	4
151	6
561	5
1805	1
2906	2
2906	1
1805	2
2906	4
1805	5
2906	3
1805	4
2906	6
1805	7
2906	5
1805	6
1383	6
1383	7
150	1
150	2
150	3
150	4
150	5
150	6
150	7
1804	4
1804	3
1804	2
1804	1
564	1
1804	7
564	2
1804	6
564	3
1804	5
564	4
962	6
2216	6
962	5
962	4
962	3
2216	7
962	2
2216	2
962	1
2216	1
2216	4
2216	3
1803	1
962	7
2904	6
1803	7
2904	5
1803	6
2904	7
2904	2
1803	3
2904	1
1803	2
2904	4
1803	5
2904	3
1803	4
1383	5
1383	4
2432	6
1383	3
2432	7
1383	2
1383	1
2432	1
2432	2
2432	3
2432	4
1802	2
1802	1
1802	6
1802	5
2219	1
1802	4
565	4
565	5
565	6
565	7
565	1
565	2
565	3
2433	3
2433	2
2433	1
2219	5
2219	4
1802	7
2219	3
2219	2
2219	7
2219	6
1801	5
1801	4
1801	7
2218	1
1801	6
2218	2
2218	4
2218	5
2218	6
1377	7
2433	4
1377	6
2433	5
2433	6
1377	4
2433	7
1801	1
564	7
1801	3
564	5
1801	2
564	6
2218	7
1380	1
1380	4
1380	3
1800	7
1800	6
1800	5
1800	3
1800	2
1800	1
2900	3
147	2
2900	4
147	3
2900	1
147	4
2900	2
147	5
147	6
147	7
1380	5
1380	6
1380	7
147	1
2435	6
2435	7
1379	7
1379	6
1379	5
2435	2
1379	4
2435	3
1379	3
2435	4
1379	2
2435	5
1379	1
2900	6
2900	5
2900	7
2220	6
2220	5
2220	7
2220	2
2220	4
2220	3
569	2
569	3
569	1
972	4
972	1
972	2
972	7
1389	3
2912	2
1389	2
2912	1
972	5
1389	1
2912	4
972	6
1389	7
2912	6
569	6
1389	6
2912	5
569	7
1389	5
569	4
1389	4
2912	7
569	5
971	2
2437	2
971	3
2437	3
971	4
971	5
2437	1
971	6
1798	2
971	7
2437	7
1798	1
2437	4
2437	5
1798	6
2208	3
1798	5
2208	4
1798	4
2208	1
1798	3
2208	2
2208	7
1798	7
2208	6
971	1
1797	5
2910	7
1797	4
2438	1
1797	7
2438	2
1797	6
2910	4
1797	1
2910	3
970	7
2910	6
1797	3
2910	5
1797	2
2438	7
2438	3
2438	4
2438	5
2438	6
970	6
970	5
970	4
2910	1
970	3
2910	2
970	2
970	1
1796	7
1796	6
1796	5
156	1
156	2
156	3
156	4
1796	3
156	5
1796	4
156	6
1796	1
156	7
1796	2
2212	6
2212	7
1795	3
1795	2
1795	5
1795	4
1795	7
2212	1
1795	6
2212	2
2212	3
2212	4
155	7
155	6
155	5
1795	1
155	3
155	2
155	1
2211	4
2211	2
2211	3
2211	6
2211	7
1384	2
2440	3
1384	1
2440	4
1384	4
2440	1
1384	3
2440	2
2440	7
1384	6
1384	5
2211	1
2440	5
1384	7
574	6
574	5
1387	6
1387	7
574	3
1387	4
1387	5
1387	2
1387	3
574	7
1387	1
574	1
574	2
2906	7
153	5
153	6
153	7
1386	7
153	1
153	2
153	3
1386	4
1386	3
1386	6
1386	2
1386	1
1818	7
137	2
2228	6
137	3
2228	5
137	1
2228	7
137	6
547	5
137	7
547	4
137	4
547	3
137	5
547	2
547	7
547	6
1395	1
2444	1
2444	2
2444	3
2444	4
1395	7
1395	6
1395	5
2444	5
1395	4
2444	6
1395	3
2444	7
1395	2
2229	7
2229	6
2229	5
2229	4
2229	2
2229	1
2443	1
138	1
138	2
138	3
138	4
138	5
138	6
138	7
2443	6
979	1
2443	7
2443	5
2443	2
2443	3
979	6
1396	2
979	7
1396	1
1396	4
1396	3
979	2
979	4
979	5
1396	7
1396	5
1396	6
135	6
135	7
549	6
549	7
549	4
549	5
549	2
549	3
2918	2
2918	1
2918	4
2918	3
2918	6
2918	5
2918	7
2446	1
2446	2
2917	3
2917	2
2917	1
2917	7
2917	6
2917	5
2917	4
1818	2
1818	1
1818	6
1818	5
1818	4
2447	6
2447	7
1391	7
1391	6
981	6
1391	5
2447	2
981	7
1391	4
2447	3
981	4
1391	3
2447	4
981	5
1391	2
2447	5
981	2
1391	1
981	3
981	1
2447	1
551	1
551	5
551	4
551	3
551	2
2232	6
2232	5
2232	7
2232	2
2232	1
2232	4
982	7
2915	7
2915	6
982	3
2915	5
982	4
982	5
2915	3
982	6
2915	2
2915	1
551	6
551	7
2446	7
982	2
2446	5
2446	6
2446	3
2446	4
135	1
135	2
135	3
135	4
135	5
1816	7
1816	6
1816	3
1816	4
1816	1
1816	2
132	4
132	3
132	2
2449	1
2449	3
2449	5
2449	4
2449	7
2449	6
132	7
132	5
132	6
2448	3
1814	6
2448	4
1814	5
2448	1
1814	4
2448	2
2448	7
2448	5
2448	6
1814	7
1814	2
1814	1
1394	7
133	4
133	5
1394	1
133	6
1394	2
133	7
1394	4
1394	5
133	2
1394	6
133	3
985	1
985	2
985	3
1812	4
2222	1
1812	3
2222	2
1812	2
1812	1
985	4
985	5
985	6
985	7
2450	3
2450	4
555	5
2450	5
555	2
2450	6
555	3
2450	1
555	6
2450	2
555	7
986	5
986	6
986	3
986	4
986	1
2450	7
2222	7
1812	5
2222	4
2222	3
1812	7
2222	6
2222	5
555	1
556	1
556	2
556	3
556	4
2925	3
2925	2
2925	1
2925	7
556	5
2925	6
556	6
556	7
2925	4
2223	1
2223	5
2223	4
2223	3
2223	2
2223	7
2223	6
984	3
984	4
984	2
984	7
2924	2
2924	1
984	5
2924	4
1811	1
984	6
2924	3
2924	6
1811	3
557	6
2924	5
1811	2
557	7
1811	5
557	4
2924	7
1811	4
557	5
1811	7
557	2
1811	6
557	3
557	1
2923	6
2923	7
2923	4
2923	2
2923	3
2923	1
1398	7
1398	4
1398	3
1398	6
1398	5
1398	2
1398	1
2226	7
2226	4
2226	3
2226	6
2226	5
1809	4
1809	5
1809	6
2226	2
1809	7
2226	1
989	6
1809	1
989	7
989	4
1809	3
989	5
1809	2
989	2
989	3
989	1
2453	4
2453	5
2453	6
2453	7
2453	1
2453	2
2453	3
2456	4
139	6
2456	3
139	7
2456	2
2456	1
139	2
2456	7
139	3
2456	6
139	4
2456	5
139	5
559	6
559	7
986	7
1806	6
559	2
1806	5
559	3
1806	4
1806	3
559	5
1806	7
559	1
140	7
2228	2
2228	1
140	5
2228	4
140	6
2228	3
2455	7
140	3
2455	6
140	4
140	2
1807	7
1807	6
2455	2
2455	3
2455	4
2455	5
987	4
2920	2
987	5
2920	1
987	2
2920	4
1807	1
987	3
2920	3
2920	6
1807	3
2920	5
1807	2
987	6
1807	5
987	7
2920	7
650	7
1828	7
1828	5
2304	7
2304	6
2304	5
2304	4
2304	3
2304	2
2304	1
2517	6
2927	5
174	4
2517	7
2927	4
174	3
2517	4
2927	3
174	6
2517	5
2927	2
174	5
2927	1
2517	3
174	7
2517	1
1828	4
1828	3
1828	2
1828	1
650	2
650	3
650	4
2927	7
650	5
2927	6
650	6
174	1
1827	1
649	2
649	3
1351	7
1351	6
649	1
1827	7
649	6
1827	6
649	7
649	5
1827	3
1827	2
1827	5
1827	4
2302	6
2302	4
2302	3
1830	1
1830	2
2302	7
1830	5
1830	6
1830	3
1351	1
2516	4
1351	2
2516	3
1351	3
2516	2
1351	4
1830	7
2516	1
1351	5
648	5
885	1
648	6
885	2
648	7
885	3
885	4
885	5
648	2
885	6
648	3
885	7
648	4
176	6
176	7
2302	1
176	2
2302	2
176	1
176	4
176	3
1829	1
1829	2
1829	4
1829	5
1829	6
1829	7
2516	5
175	5
2516	6
175	4
2516	7
175	3
175	2
647	6
647	7
175	7
175	6
178	7
647	1
647	2
647	3
2514	7
647	5
2514	5
2514	6
2514	3
178	2
2514	1
178	4
2514	2
178	3
178	6
178	5
2515	6
2515	7
2515	2
2515	3
2515	4
2515	5
1355	7
2515	1
1355	6
1355	4
1355	3
1355	2
1355	1
2299	7
2299	6
2299	3
2299	2
2299	5
882	7
2299	1
1354	7
882	1
882	2
882	3
882	4
882	5
882	6
1833	6
1833	7
1354	1
1354	2
1833	5
1354	3
1354	4
1354	5
1354	6
2298	7
1833	2
1833	3
1833	1
2298	1
2298	2
2298	3
2298	4
2298	5
2298	6
2513	4
881	6
2513	5
881	7
2513	6
881	4
2513	7
881	5
1353	6
1353	7
1353	4
1353	5
2513	1
881	3
881	2
2513	3
881	1
2513	2
1353	2
1353	3
1353	1
1359	5
181	3
1359	4
181	2
1359	3
2934	2
181	1
1359	2
2934	1
1359	1
181	7
181	6
890	7
181	5
2934	7
2934	4
2934	3
1359	7
2934	6
1359	6
2934	5
2297	1
2297	3
2297	2
2297	5
2297	4
2297	7
1358	7
1358	4
1358	3
1358	6
1358	5
656	1
656	2
656	3
656	4
656	5
656	6
656	7
890	4
890	3
890	6
890	5
890	1
2522	7
183	5
183	3
183	2
2295	1
183	1
2295	2
2295	3
2295	5
2936	1
2295	7
2936	2
2295	6
2936	4
2936	5
2936	6
2936	7
183	6
183	7
1358	1
1358	2
654	7
182	2
654	3
654	4
654	5
654	6
182	7
182	4
182	3
182	6
182	5
1357	1
1357	2
1357	3
1357	4
1357	5
1357	6
1357	7
2293	5
2293	4
2293	7
2293	6
2293	1
2293	3
2293	2
2938	4
1825	1
185	7
185	6
2938	6
1825	3
185	5
2938	5
1825	2
185	4
2521	4
654	1
2521	5
654	2
2521	6
2938	2
2521	7
2938	1
2521	1
2521	2
2521	3
185	3
185	2
185	1
2292	7
2938	7
2292	6
2292	5
2522	5
2522	6
1824	7
2522	3
1824	6
2522	4
2522	1
1824	4
2522	2
1824	3
1824	2
1824	1
1826	7
1826	1
1826	2
1826	3
1826	4
1826	5
186	7
187	1
2292	1
652	7
2292	2
2292	3
652	5
2292	4
652	6
652	3
652	4
652	1
652	2
1825	6
1825	7
1825	4
1825	5
186	4
186	3
186	6
186	5
186	2
186	1
2532	6
2942	3
1841	4
2532	5
2942	4
1841	6
2532	7
2942	6
1841	7
2942	7
897	3
897	2
897	1
2532	1
1841	1
2532	2
2532	3
2942	2
1841	3
2532	4
2942	1
1841	2
1842	1
1842	2
1842	5
1842	3
1842	4
161	1
1842	7
161	2
161	3
897	4
897	5
897	6
897	7
1366	2
1366	1
1366	4
2941	3
1366	3
2941	2
1366	6
2941	1
2941	7
1366	7
2941	6
2941	4
2944	5
2944	6
2944	7
2944	1
2944	2
2944	4
161	7
161	6
161	5
161	4
2316	4
2316	3
2316	2
2316	1
1844	3
1844	4
1844	1
1844	2
2316	7
2316	6
1369	7
1369	6
1369	5
1369	4
1369	3
1369	2
1369	1
893	3
2313	5
893	2
2313	4
2313	7
2313	6
893	7
893	6
893	5
893	4
1844	5
1844	6
1844	7
2313	3
2313	2
2528	3
2528	4
2528	1
2528	2
2528	7
633	4
633	5
2528	5
633	6
2528	6
633	7
633	1
2314	7
633	2
633	3
2314	2
2314	1
2314	6
2314	5
2314	4
2314	3
895	6
895	7
895	4
895	5
895	2
895	1
1846	7
630	6
630	5
630	4
1846	3
1846	4
1846	5
1846	6
630	7
1846	1
1846	2
630	2
630	1
631	6
631	7
1847	7
1847	4
1847	5
1847	2
631	1
1847	3
631	3
1847	1
631	2
2946	7
631	5
631	4
2946	5
2946	6
2312	7
2946	3
2312	6
2312	5
2946	1
2312	4
2946	2
2312	3
2312	2
2312	1
903	6
903	7
1372	2
1372	1
1372	4
1372	3
1372	6
1372	5
1372	7
2310	2
2310	1
2310	6
167	2
2310	5
167	3
2310	4
167	4
2310	3
167	5
2310	7
167	1
904	3
904	1
904	2
904	7
904	5
167	7
904	6
167	6
2538	1
2538	2
2538	3
2538	4
2538	5
2538	7
168	2
905	1
168	1
905	2
168	4
905	3
168	3
168	6
168	5
168	7
2308	3
2308	4
2308	1
2308	2
905	4
905	5
905	6
905	7
2308	7
2308	6
2308	5
2951	4
2951	2
2951	3
641	1
2951	1
641	3
641	2
641	6
641	7
641	5
2309	4
2950	1
2309	7
2950	2
2309	6
2309	1
2309	3
2309	2
2950	7
1837	4
1837	5
1837	7
2950	3
2950	4
1837	1
2950	5
1837	2
2950	6
1837	3
2306	7
2952	3
2306	2
2952	4
2306	1
2952	1
2952	2
2952	7
2306	6
2306	5
2952	5
2306	4
2952	6
2306	3
1376	2
1376	1
1376	4
1376	3
1376	6
1376	5
1376	7
2951	6
2951	7
640	7
640	5
640	6
1377	3
640	3
1377	2
1377	1
640	1
640	2
901	2
901	3
901	1
901	6
901	7
901	4
901	5
637	1
2954	6
2954	3
637	3
2954	4
637	2
2954	1
637	5
2954	2
637	7
637	6
902	7
2305	2
2305	3
2534	7
2305	1
2534	5
902	3
2534	6
2534	3
902	5
2534	4
902	6
2534	2
902	1
902	2
2954	7
2305	5
2305	4
2305	7
2305	6
173	3
903	5
173	2
903	2
173	1
903	3
173	7
903	1
173	6
173	4
2533	4
2533	5
2533	6
2533	7
2533	2
2533	3
2957	2
621	5
2957	3
621	4
621	7
2957	1
621	6
2957	6
204	5
2957	7
204	6
2957	4
204	7
621	3
2957	5
621	2
2488	4
2488	3
204	2
2488	2
204	3
204	4
2488	7
2488	6
2488	5
2274	7
1857	7
2274	1
1857	6
2274	2
1857	5
2274	5
2274	3
2274	4
1857	1
1857	2
1857	3
1322	7
203	6
203	7
203	4
203	5
203	2
203	3
1322	2
203	1
1322	1
1322	6
1322	5
1322	4
1322	3
1325	4
1325	5
1325	7
1325	1
1325	2
1325	3
202	7
2955	6
2955	7
2955	4
2955	5
2955	2
2955	3
2955	1
202	2
202	1
202	4
202	3
202	6
202	5
622	3
622	4
622	5
622	6
622	7
2956	5
1855	6
1324	7
622	2
2956	6
1855	7
622	1
2956	7
1324	6
2956	1
1855	2
1324	3
2956	2
1855	3
1324	4
2956	3
1855	4
1324	1
2956	4
1855	5
1324	2
1855	1
1861	2
1861	1
1861	7
1861	6
1861	5
1861	4
1326	3
617	1
2484	7
1326	4
2484	6
1326	5
617	3
2484	5
1326	6
617	2
1326	7
2960	4
2960	1
2960	2
2960	7
617	5
617	4
2960	5
617	7
2960	6
617	6
1860	6
2270	3
1860	5
2270	4
2270	5
1860	7
2270	6
2270	7
1326	2
1326	1
616	7
2485	3
206	7
616	6
2485	2
616	5
2485	5
206	5
616	4
2485	4
206	6
616	3
2485	7
206	3
2485	6
616	1
1860	1
1860	3
2270	2
1860	4
2270	1
206	2
206	1
2486	2
2486	1
1859	1
1328	5
1328	6
1859	6
1328	7
2486	7
1859	7
2486	6
1859	4
1328	1
2486	5
1859	5
1328	2
2486	4
1859	2
1328	3
1859	3
1328	4
618	7
2272	5
2272	6
2272	7
2272	1
2272	2
2272	3
2272	4
618	2
618	1
618	6
618	5
618	4
618	3
1850	7
628	4
628	3
1330	7
211	6
628	2
211	7
628	1
211	4
211	5
211	2
1851	1
211	3
1330	1
1330	2
211	1
1330	6
1330	3
1330	4
1329	3
1329	2
2266	7
627	7
1850	2
627	6
1850	5
1850	6
627	2
1850	3
627	5
1850	4
627	4
1329	4
1329	5
1329	6
627	1
1329	7
2269	4
2269	5
918	7
2269	6
2269	7
918	5
209	3
918	6
209	2
2269	1
2269	2
918	4
2269	3
918	1
629	2
918	2
629	3
629	1
629	6
629	7
629	4
629	5
2962	7
1849	4
1849	5
1849	6
1849	7
2962	3
209	6
2962	4
209	7
2962	5
1849	2
209	4
2962	6
1849	3
209	5
2962	1
2962	2
2268	7
2268	6
2268	3
628	5
2268	4
628	6
2268	1
628	7
2268	2
1331	6
1331	7
2963	6
2963	7
2963	4
1331	2
2963	5
1331	3
2963	2
2963	3
1331	5
2963	1
1331	1
2264	1
2264	2
2264	4
2264	5
2264	6
2264	7
2968	3
2968	2
2968	1
2968	7
2968	6
2968	5
2965	4
212	7
2965	5
2965	6
212	5
2965	7
212	6
2965	1
2965	2
2965	3
2493	4
2493	7
2493	6
2493	1
2493	3
2493	2
2266	3
2266	4
2266	6
2266	1
2266	2
1851	6
1851	7
1851	4
1851	5
1851	2
1851	3
2494	2
2494	1
625	3
625	2
914	3
2265	2
625	4
914	4
625	5
914	5
2494	7
625	6
914	6
2265	1
625	7
2494	5
2494	6
914	1
2494	3
914	2
914	7
212	2
2265	6
2265	7
212	4
2265	4
212	3
2265	5
2503	3
2503	2
2503	5
2503	1
606	6
606	5
606	4
926	7
606	3
926	6
926	5
926	4
926	3
606	7
926	1
926	2
606	1
606	2
2971	7
2971	6
1870	7
2971	3
1870	4
2971	2
1870	3
2971	5
1870	6
2971	4
1870	5
607	7
2971	1
607	6
2502	7
2502	6
2502	5
2502	4
2502	3
2502	2
190	3
2502	1
190	5
607	1
190	6
190	7
607	3
607	2
607	5
607	4
190	2
190	1
1869	2
1869	3
1869	4
1869	5
1869	6
1869	7
187	7
187	6
187	5
187	4
187	3
187	2
2290	7
1870	1
1870	2
1339	1
2290	2
2290	1
2290	6
2290	4
2290	3
188	6
188	5
188	7
188	2
188	1
2503	6
188	4
2503	7
188	3
2284	1
2284	2
2284	4
923	1
193	3
2284	5
193	2
2284	6
603	1
193	1
2284	7
1339	7
602	7
1339	4
1339	5
1339	2
922	7
1339	3
2974	7
2974	6
2974	5
2974	4
2974	3
923	7
2498	6
193	4
603	3
923	6
2498	5
193	5
603	2
2498	4
193	6
603	5
2498	3
193	7
603	4
923	3
2498	2
603	7
923	2
2498	1
603	6
923	5
923	4
2974	1
2974	2
2498	7
1341	2
2973	1
1341	3
2973	2
2973	3
1341	1
2973	4
2973	5
1341	7
2973	6
1341	4
2973	7
1341	5
2500	7
1873	7
1342	4
1873	6
1342	3
2500	5
1873	5
2500	6
1873	4
1342	5
1342	7
922	1
922	2
922	3
922	4
922	5
922	6
2500	4
1873	2
2500	3
1873	3
1342	1
2500	1
1873	1
1342	2
2978	7
2978	6
2978	5
2978	4
2978	3
2978	2
2978	1
1343	6
1343	7
933	5
1343	2
933	4
1343	3
933	7
1343	4
933	6
1343	5
933	3
933	2
1343	1
2281	4
2281	5
2281	6
2281	7
2281	1
2281	2
2281	3
1344	7
2509	4
2509	7
1344	5
934	7
2509	6
1344	6
934	6
2509	1
1344	3
934	5
1344	4
934	4
2509	3
1344	1
934	3
2509	2
1344	2
934	2
197	2
934	1
197	3
197	1
197	6
197	7
197	4
197	5
194	7
194	4
194	3
194	6
194	5
194	2
194	1
1862	5
1862	3
1862	4
1862	7
1862	1
1862	2
195	7
195	6
932	3
195	5
932	4
195	4
195	3
932	2
195	2
195	1
2283	3
932	7
2283	2
932	6
2283	5
932	5
2283	4
2283	7
2283	6
199	6
199	7
1867	1
2982	2
2277	6
2982	1
2277	7
1867	7
2277	4
1867	6
2277	5
1867	5
2277	2
1867	4
1867	2
2277	1
2982	7
2982	6
2982	5
2982	4
2982	3
2505	1
610	2
610	1
2505	3
2505	2
610	6
610	5
610	3
610	7
2505	5
2505	4
2505	7
2505	6
2981	4
2981	7
2278	1
2981	6
2278	2
2981	1
2981	3
2981	2
2278	7
2278	3
2278	4
2278	5
2278	6
611	1
611	7
611	6
2980	3
611	3
2980	4
611	2
2980	1
611	5
2980	2
611	4
2980	7
2980	6
198	2
198	7
198	4
198	3
198	6
198	5
2979	1
2979	2
2979	3
2979	4
1866	1
1866	2
2979	6
1866	3
2979	7
1866	4
1866	5
1866	6
1349	3
1866	7
1349	1
1349	7
1349	6
1349	5
1349	4
199	5
199	4
199	3
199	2
