848	0.2730000000000001
847	0.6349038461538463
850	0.42883333333333323
849	0.6826363636363637
852	0.5763799999999999
851	0.48395744680851055
854	0.5360092592592594
853	0.4923660714285713
856	0.6003846153846152
855	0.6037980769230769
858	0.45855681818181804
857	0.32254901960784327
860	0.44144897959183665
859	0.40873
862	0.5689130434782608
861	0.6780999999999998
831	0.49451190476190454
832	0.6232735849056603
833	0.5517884615384614
834	0.6120106382978724
835	0.5218139534883722
836	0.6491224489795917
837	0.589255319148936
838	0.5576299999999997
839	0.51304
840	0.5922075471698112
841	0.21625000000000005
842	0.22888297872340427
843	0.688908163265306
844	0.5322647058823531
845	0.671824561403509
846	0.4914431818181818
818	0.5071851851851853
817	0.5995897435897436
816	0.6372391304347826
815	0.5523796296296297
822	0.522640350877193
821	0.5190208333333332
820	0.5549537037037037
819	0.4325208333333333
826	0.45355357142857133
825	0.5200701754385966
824	0.779351851851852
823	0.5599555555555558
830	0.7397222222222224
829	0.3900865384615384
828	0.4015714285714286
827	0.5488979591836735
801	0.7333829787234041
802	0.5432750000000001
799	0.5859999999999999
800	0.6205
805	0.48903508771929827
806	0.5864396551724138
803	0.4926785714285716
804	0.7436960784313726
809	0.6054818181818181
810	0.39765306122448973
807	0.4341250000000001
808	0.5730340909090909
813	0.49327192982456153
814	0.35360204081632657
811	0.6173392857142855
812	0.42888888888888893
916	0.5767093023255814
915	0.43407317073170726
918	0.5107500000000001
917	0.5848636363636363
912	0.8196666666666668
911	0.5427111111111109
914	0.5450408163265307
913	0.6712380952380952
924	0.3595576923076923
923	0.4849400000000001
926	0.5311
925	0.41805660377358483
920	0.4272272727272727
919	0.6947040816326528
922	0.5717380952380954
921	0.42148039215686284
899	0.5963469387755104
900	0.5214814814814813
901	0.5496226415094339
902	0.7347830188679249
895	0.547290909090909
896	0.43997058823529395
897	0.48517000000000005
898	0.55873
907	0.6796145833333335
908	0.61655
909	0.4078679245283018
910	0.5779705882352941
903	0.47909482758620686
904	0.5236808510638298
905	0.2933229166666667
906	0.6358571428571429
886	0.6868275862068964
885	0.4013780487804878
884	0.7448148148148147
883	0.38844117647058835
882	0.5808771929824561
881	0.6264090909090908
880	0.6344545454545454
879	0.5223083333333333
894	0.5859800000000001
893	0.7723909090909092
892	0.5833428571428572
891	0.4727894736842105
890	0.6152767857142857
889	0.4191222222222222
888	0.5236271186440681
887	0.36020652173913037
869	0.4329479166666666
870	0.7580000000000001
867	0.19160576923076922
868	0.410530612244898
865	0.5059423076923075
866	0.5108645833333333
863	0.5282441860465115
864	0.755375
877	0.8952980769230768
878	0.5696020408163266
875	0.8219302325581395
876	0.7417200000000004
873	0.756669811320755
874	0.4332209302325582
871	0.5241428571428571
872	0.4875300000000001
727	0.6059791666666667
728	0.72698
729	0.4629021739130436
730	0.7452946428571428
731	0.6737234042553192
732	0.3098541666666667
733	0.5878437500000001
734	0.39619444444444457
719	0.6546595744680851
720	0.34831249999999997
721	0.4523962264150943
722	0.5049299999999999
723	0.4323852459016394
724	0.26922413793103456
725	0.5205094339622642
726	0.5249021739130434
712	0.5699622641509434
711	0.6238617021276597
714	0.6040217391304349
713	0.5070740740740741
716	0.6053965517241378
715	0.34709322033898315
718	0.7573541666666666
717	0.5867727272727273
704	0.47243269230769225
703	0.6763958333333334
706	0.5432307692307693
705	0.4555476190476192
708	0.42709782608695657
707	0.6091944444444446
710	0.30629824561403507
709	0.4949339622641509
697	0.5984259259259259
698	0.6191041666666668
695	0.5863636363636363
696	0.37402727272727265
701	0.47452040816326524
702	0.47602000000000005
699	0.6644313725490196
700	0.4067765957446808
689	0.5728796296296296
690	0.47150000000000003
687	0.6998170731707315
688	0.5647199999999999
693	0.7876000000000002
694	0.44539215686274497
691	0.31498888888888893
692	0.4812142857142857
682	0.6163586956521739
681	0.5558301886792452
680	0.5058404255319149
679	0.4024903846153846
686	0.49359183673469387
685	0.6455531914893616
684	0.5521805555555556
683	0.6558529411764706
674	0.441923076923077
673	0.5418369565217391
672	0.42340476190476195
671	0.7179259259259259
678	0.34203749999999994
677	0.5412685185185184
676	0.5602765957446809
675	0.6427129629629631
795	0.6923111111111113
796	0.32623404255319155
797	0.3316860465116279
798	0.5682264150943397
791	0.77854
792	0.605779069767442
793	0.6598207547169812
794	0.7209583333333334
787	0.45542999999999983
788	0.6134347826086957
789	0.702091836734694
790	0.5161122448979593
783	0.7067333333333332
784	0.4449807692307691
785	0.3829230769230771
786	0.5002966101694913
780	0.627418181818182
779	0.6159375000000001
782	0.38756000000000007
781	0.67644
776	0.35063207547169817
775	0.6061354166666668
778	0.5068799999999999
777	0.5432545454545455
772	0.604424528301887
771	0.476794642857143
774	0.08397872340425531
773	0.7152346938775509
768	0.3338617021276596
767	0.308936170212766
770	0.49362500000000004
769	0.45982142857142844
765	0.5060000000000001
766	0.4603152173913043
763	0.5137459016393443
764	0.5909150943396226
761	0.6215566037735849
762	0.5003773584905661
759	0.5594215686274511
760	0.4877934782608696
757	0.7450277777777776
758	0.7576296296296294
755	0.5275520833333333
756	0.5431727272727273
753	0.3697931034482758
754	0.628229166666667
751	0.6545312499999999
752	0.5236500000000001
750	0.6262899999999999
749	0.49187755102040814
748	0.5524615384615384
747	0.5364895833333334
746	0.6768823529411766
745	0.6775480769230768
744	0.5526730769230768
743	0.5633229166666666
742	0.5848399999999999
741	0.4179433962264151
740	0.5422592592592592
739	0.4926666666666665
738	0.6479433962264153
737	0.3757604166666666
736	0.3913725490196078
735	0.5997884615384615
69	0.6769259259259259
70	0.5980319148936171
67	0.34634375
68	0.6333913043478261
65	0.42644444444444435
66	0.6767700000000001
63	0.5820400000000001
64	0.4852244897959183
77	0.5689347826086955
78	0.5003425925925926
75	0.5566951219512195
76	0.6647446808510639
73	0.3992586206896552
74	0.5690188679245284
71	0.4524318181818181
72	0.6282708333333334
86	0.7231724137931034
85	0.5587173913043477
84	0.60349
83	0.6072065217391304
82	0.7871836734693878
81	0.6033265306122448
80	0.5558285714285714
79	0.6338469387755101
94	0.5625196078431373
93	0.44887777777777776
92	0.3410957446808511
91	0.6045090909090909
90	0.5764666666666667
89	0.39584615384615407
88	0.4627704918032786
87	0.6651826923076924
35	0.5532124999999999
36	0.8454468085106386
37	0.40294444444444444
38	0.30325438596491233
31	0.49732558139534877
32	0.4416929824561404
33	0.5881714285714287
34	0.5617888888888889
43	0.5620434782608698
44	0.57993
45	0.6921413043478261
46	0.43029347826086967
39	0.5645957446808513
40	0.5170508474576271
41	0.5566099999999999
42	0.6557195121951219
52	0.6589999999999997
51	0.48504807692307683
54	0.6167641509433962
53	0.55126
48	0.56821875
47	0.5811530612244897
50	0.6675000000000001
49	0.3426481481481482
60	0.7137551020408162
59	0.546767857142857
62	0.6282272727272727
61	0.5497407407407406
56	0.3736
55	0.651962962962963
58	0.4939
57	0.5008452380952382
129	0.4919827586206896
130	0.5431842105263157
127	0.6816836734693879
128	0.5152941176470588
133	0.5715238095238097
134	0.5944716981132075
131	0.5072934782608696
132	0.7030609756097561
137	0.51811
138	0.7556415094339626
135	0.6649056603773584
136	0.5665568181818182
141	0.44779347826086957
142	0.6291521739130433
139	0.46587037037037043
140	0.6058255813953489
146	0.5745714285714285
145	0.4973981481481481
144	0.4878854166666666
143	0.6694795918367343
150	0.43924528301886795
149	0.7017282608695653
148	0.31210227272727264
147	0.426086956521739
154	0.4115480769230768
153	0.46607142857142864
152	0.5951125
151	0.7153958333333335
158	0.6446847826086956
157	0.7397777777777779
156	0.4827872340425532
155	0.7006847826086954
95	0.5536489361702127
96	0.6214807692307693
97	0.6879591836734694
98	0.49104166666666665
99	0.5429824561403508
100	0.5727745098039217
101	0.5653725490196079
102	0.5695113636363635
103	0.4498611111111111
104	0.6639255319148938
105	0.5930294117647059
106	0.5602909090909092
107	0.4485543478260869
108	0.7701734693877551
109	0.5715
110	0.36657142857142855
112	0.7651099999999998
111	0.585146551724138
114	0.5927300000000002
113	0.6128461538461539
116	0.5208953488372091
115	0.6624081632653063
118	0.4864339622641508
117	0.7503229166666667
120	0.4478269230769232
119	0.3988796296296294
122	0.5955499999999999
121	0.6759642857142855
124	0.5165980392156861
123	0.7846568627450982
126	0.5701630434782609
125	0.4041037735849057
970	0.6764545454545455
969	0.6501800000000002
968	0.6142444444444446
967	0.6141176470588232
974	0.618723404255319
973	0.5992551020408163
972	0.5182181818181818
971	0.7701415094339622
962	0.6726538461538462
961	0.440875
960	0.6662719298245615
959	0.6320909090909091
966	0.5729999999999997
965	0.45525000000000004
964	0.5294375
963	0.5830178571428571
985	0.46968888888888866
986	0.73598
983	0.30962264150943397
984	0.32563559322033897
989	0.6636808510638298
990	0.5295300000000001
987	0.4504056603773586
988	0.6652254901960784
977	0.42418
978	0.7867924528301886
975	0.47581111111111113
976	0.4909017857142856
981	0.5080777777777779
982	0.5648859649122807
979	0.5701279069767442
980	0.5774999999999999
936	0.6659899999999999
935	0.45443617021276594
938	0.6005454545454545
937	0.4157818181818179
940	0.5335454545454548
939	0.6377875000000001
942	0.8734468085106385
941	0.4778555555555556
928	0.35380434782608683
927	0.5190272727272729
930	0.4859745762711864
929	0.5640357142857143
932	0.6036607142857141
931	0.5906964285714286
934	0.7021808510638298
933	0.4131875000000001
951	0.41614150943396233
952	0.43949999999999995
953	0.6609090909090907
954	0.5840363636363637
955	0.54175
956	0.59023
957	0.5051666666666668
958	0.731972222222222
943	0.4102386363636363
944	0.5921521739130433
945	0.5047820512820512
946	0.7727659574468086
947	0.5954259259259259
948	0.48214705882352943
949	0.4399561403508771
950	0.3323469387755102
10	0.4598586956521739
9	0.6213666666666667
8	0.6362083333333333
7	0.44026
14	0.5163333333333334
13	0.5413333333333333
12	0.8009607843137253
11	0.46454807692307687
2	0.5782232142857143
1	0.5395476190476192
6	0.6824722222222223
5	0.5480833333333333
4	0.42785344827586197
3	0.598148148148148
25	0.4746555555555555
26	0.6109017857142858
23	0.34571111111111114
24	0.4983396226415093
29	0.5011562500000001
30	0.3449519230769231
27	0.5897916666666667
28	0.5631086956521737
17	0.5655555555555555
18	0.7897156862745098
15	0.5546555555555555
16	0.5489895833333334
21	0.5643620689655173
22	0.5207142857142857
19	0.87244
20	0.7392738095238094
1000	0.38802941176470584
999	0.384968085106383
996	0.5956304347826087
995	0.45678409090909083
998	0.6128191489361703
997	0.5746517857142857
992	0.4701181818181817
991	0.5419711538461537
994	0.44882608695652176
993	0.3925471698113208
306	0.5227551020408164
305	0.5086764705882355
304	0.8185384615384615
303	0.6135000000000002
310	0.5931136363636365
309	0.7754830508474575
308	0.20993859649122806
307	0.5968823529411762
314	0.4500652173913043
313	0.5768297872340425
312	0.5873499999999999
311	0.3646063829787235
318	0.7028333333333336
317	0.5819204545454547
316	0.4177127659574467
315	0.6488837209302324
289	0.6417745098039217
290	0.4147142857142858
287	0.5622999999999998
288	0.4914666666666667
293	0.5961630434782608
294	0.6866037735849061
291	0.6666759259259258
292	0.8142592592592593
297	0.6172604166666668
298	0.6771973684210527
295	0.5787181818181818
296	0.5963499999999999
301	0.5770892857142856
302	0.6718333333333334
299	0.7143018867924527
300	0.46714999999999995
336	0.6616018518518518
335	0.6378085106382981
338	0.7665000000000001
337	0.4910222222222223
340	0.4827000000000001
339	0.7895363636363634
342	0.6021562500000001
341	0.5926078431372548
344	0.42998275862068963
343	0.5746463414634145
346	0.6566470588235293
345	0.4320795454545456
348	0.6306176470588235
347	0.5276063829787233
350	0.7477075471698114
349	0.5309607843137256
319	0.6440588235294117
320	0.4244017857142858
321	0.4439999999999998
322	0.4348363636363635
323	0.3672403846153846
324	0.6093942307692306
325	0.7555660377358488
326	0.5678245614035087
327	0.4307105263157895
328	0.6633018867924528
329	0.4384880952380953
330	0.593159574468085
331	0.6369910714285715
332	0.4052727272727271
333	0.4613809523809524
334	0.4040098039215687
374	0.6816428571428572
373	0.5066346153846155
372	0.4781022727272726
371	0.39155769230769233
370	0.6258545454545454
369	0.48137234042553184
368	0.37889795918367336
367	0.6884239130434782
382	0.7540306122448978
381	0.7281132075471696
380	0.4863645833333334
379	0.4139285714285715
378	0.70702
377	0.4656517857142857
376	0.7440169491525421
375	0.5161792452830187
357	0.5566888888888889
358	0.5639019607843138
355	0.6603815789473684
356	0.6339821428571428
353	0.5388404255319148
354	0.6749347826086954
351	0.49164
352	0.920808510638298
365	0.6676707317073171
366	0.5886346153846155
363	0.6492065217391304
364	0.5537386363636363
361	0.5901372549019608
362	0.6967870370370371
359	0.5210899999999998
360	0.572640350877193
404	0.55879
403	0.18568367346938777
406	0.33899999999999997
405	0.48956730769230766
400	0.49703125
399	0.33161458333333327
402	0.32019811320754715
401	0.4737372881355933
412	0.744386363636364
411	0.5859062500000001
414	0.5009649122807018
413	0.6898191489361702
408	0.47442222222222225
407	0.5008679245283016
410	0.7305666666666667
409	0.4975526315789473
387	0.6244333333333333
388	0.646408163265306
389	0.6778617021276597
390	0.6796458333333334
383	0.3520686274509805
384	0.5781111111111109
385	0.7591979166666665
386	0.5154791666666667
395	0.5758541666666667
396	0.5563645833333334
397	0.48745744680851055
398	0.49076190476190473
391	0.5448979591836733
392	0.61166
393	0.49717857142857147
394	0.5929897959183673
185	0.32719791666666664
186	0.4492745098039217
183	0.5160918367346938
184	0.5282888888888888
189	0.5443823529411761
190	0.6977244897959183
187	0.6189150943396227
188	0.5148571428571428
177	0.5036249999999999
178	0.4146250000000001
175	0.5194051724137931
176	0.40604385964912276
181	0.8335517241379313
182	0.4017872340425532
179	0.45285849056603783
180	0.4391666666666668
170	0.35236999999999996
169	0.32077358490566027
168	0.47183636363636366
167	0.4868061224489796
174	0.23586792452830185
173	0.5505
172	0.5699339622641512
171	0.5649607843137254
162	0.5374891304347826
161	0.6923272727272726
160	0.5235638297872338
159	0.6533571428571426
166	0.2683454545454546
165	0.46599090909090896
164	0.18393518518518512
163	0.43872
215	0.4728461538461538
216	0.4441770833333332
217	0.5066899999999999
218	0.6424270833333332
219	0.5200192307692306
220	0.3746545454545454
221	0.8768085106382978
222	0.43958333333333344
207	0.7307254901960786
208	0.5376199999999998
209	0.6082608695652173
210	0.5420760869565217
211	0.6671129032258065
212	0.4319237288135594
213	0.6399069767441861
214	0.5044999999999998
200	0.7662719298245616
199	0.5796388888888887
202	0.6661666666666667
201	0.2163723404255319
204	0.7729500000000005
203	0.7723723404255317
206	0.7188867924528302
205	0.5374811320754718
192	0.49494285714285713
191	0.5319444444444443
194	0.6188804347826086
193	0.4797142857142856
196	0.5308235294117646
195	0.5681704545454545
198	0.7101020408163263
197	0.7982708333333334
253	0.6114666666666668
254	0.5343269230769231
251	0.3251132075471698
252	0.7369148936170212
249	0.8002600000000001
250	0.4270816326530612
247	0.7129117647058822
248	0.7360700000000001
245	0.58253125
246	0.552125
243	0.1882980769230769
244	0.6964148936170214
241	0.48923863636363635
242	0.5818875
239	0.6527457627118645
240	0.4733125000000001
238	0.7248829787234045
237	0.33867272727272724
236	0.6637352941176473
235	0.7755217391304347
234	0.7815312499999999
233	0.4931063829787233
232	0.47574468085106375
231	0.6871607142857138
230	0.5127916666666665
229	0.35148076923076926
228	0.5111020408163264
227	0.4070232558139534
226	0.5048333333333335
225	0.6257843137254898
224	0.5873363636363637
223	0.6017647058823529
283	0.2596818181818181
284	0.663195652173913
285	0.3882916666666667
286	0.6444464285714285
279	0.3568303571428571
280	0.8305888888888889
281	0.6333584905660375
282	0.5505090909090911
275	0.5311799999999998
276	0.5179444444444444
277	0.5164300000000001
278	0.49906249999999996
271	0.43350980392156857
272	0.7280740740740742
273	0.5960648148148148
274	0.4675208333333332
268	0.6935102040816327
267	0.45752999999999994
270	0.5720000000000002
269	0.47634883720930227
264	0.6945178571428575
263	0.4617169811320756
266	0.43303409090909084
265	0.5634186046511628
260	0.5316851851851851
259	0.5398152173913046
262	0.5770312500000001
261	0.6178586956521738
256	0.5905686274509803
255	0.41802777777777783
258	0.23252272727272724
257	0.29416999999999993
543	0.5794215686274511
544	0.5415980392156862
545	0.4563854166666666
546	0.42596296296296293
547	0.7270438596491228
548	0.689
549	0.7733173076923078
550	0.48926595744680856
551	0.7338478260869566
552	0.5777300000000001
553	0.7481153846153851
554	0.6247857142857143
555	0.5396272727272727
556	0.4860434782608695
557	0.5482755102040817
558	0.5783490566037736
560	0.38285087719298244
559	0.6341808510638298
562	0.3607090909090909
561	0.8629903846153847
564	0.7578859649122806
563	0.8174655172413795
566	0.59015
565	0.7960545454545455
568	0.45010714285714293
567	0.5734699999999999
570	0.4187129629629628
569	0.5183333333333333
572	0.47798076923076915
571	0.4483823529411764
574	0.5149622641509434
573	0.5487340425531916
577	0.6138365384615386
578	0.6951509433962265
575	0.4157596153846155
576	0.8588255813953486
581	0.49203773584905675
582	0.5316195652173913
579	0.5631517857142858
580	0.7403205128205129
585	0.5809300000000001
586	0.3305937500000001
583	0.7901847826086957
584	0.5813999999999999
589	0.5820096153846154
590	0.570717391304348
587	0.4033050847457626
588	0.5737604166666668
594	0.5941140350877191
593	0.5103372093023255
592	0.7932599999999997
591	0.7590306122448979
598	0.7483076923076926
597	0.5049687500000001
596	0.3370800000000001
595	0.5638545454545454
602	0.5748958333333333
601	0.6380851063829789
600	0.3136666666666666
599	0.708058823529412
606	0.4263839285714286
605	0.50558
604	0.63797
603	0.45728124999999986
611	0.4855686274509804
612	0.4629787234042553
613	0.7158478260869567
614	0.8613809523809524
607	0.6704056603773585
608	0.5295510204081634
609	0.5902884615384614
610	0.8281354166666666
619	0.5194134615384615
620	0.26969230769230773
621	0.5681666666666666
622	0.5568333333333332
615	0.6118796296296296
616	0.8700925925925925
617	0.5326041666666665
618	0.5886603773584907
628	0.5237040816326531
627	0.5376132075471697
630	0.5172636363636364
629	0.5119732142857143
624	0.4461475409836065
623	0.5684230769230769
626	0.5723454545454545
625	0.5583703703703705
636	0.43101960784313736
635	0.49459999999999993
638	0.5337209302325582
637	0.647186046511628
632	0.6772448979591839
631	0.4696916666666667
634	0.5506071428571427
633	0.704578431372549
645	0.68275
646	0.5216923076923079
643	0.44329807692307693
644	0.5984886363636363
641	0.480529411764706
642	0.5816568627450982
639	0.7981734693877551
640	0.7572777777777775
653	0.6840340909090908
654	0.6996818181818181
651	0.6706122448979591
652	0.38831914893617026
649	0.5742653061224489
650	0.7615833333333337
647	0.6825744680851061
648	0.6352934782608693
662	0.5443999999999999
661	0.5477708333333334
660	0.503689655172414
659	0.5517685185185186
658	0.27521428571428574
657	0.6448720930232557
656	0.5327833333333333
655	0.5482636363636363
670	0.5623541666666667
669	0.7099895833333333
668	0.6309673913043479
667	0.5415370370370373
666	0.5928854166666666
665	0.5041702127659575
664	0.5807608695652172
663	0.6265999999999999
424	0.5402875
423	0.53006
426	0.6470212765957445
425	0.6514433962264152
428	0.5006170212765956
427	0.454764705882353
430	0.6750188679245285
429	0.6605000000000001
416	0.458074074074074
415	0.5862272727272727
418	0.5349285714285716
417	0.46610784313725473
420	0.5148260869565218
419	0.34277272727272734
422	0.6541770833333334
421	0.3548979591836736
439	0.5906326530612246
440	0.40081818181818174
441	0.5475980392156863
442	0.5735357142857145
443	0.5803867924528301
444	0.6758611111111112
445	0.45929629629629637
446	0.6134659090909093
431	0.53518
432	0.3720535714285715
433	0.5222941176470588
434	0.54598
435	0.8228260869565216
436	0.6388804347826086
437	0.20345238095238086
438	0.6781754385964911
458	0.6720543478260871
457	0.5848545454545455
456	0.6532910447761194
455	0.6310975609756098
462	0.26011666666666666
461	0.6295510204081632
460	0.54684693877551
459	0.41460784313725485
450	0.5793837209302322
449	0.5562708333333334
448	0.6424705882352941
447	0.7009347826086956
454	0.6704262295081966
453	0.6488076923076923
452	0.6110925925925927
451	0.7127340425531913
473	0.48355
474	0.6023372093023256
471	0.7247717391304348
472	0.5756960784313726
477	0.6728775510204082
478	0.49329787234042544
475	0.40482075471698115
476	0.3993369565217391
465	0.5203409090909092
466	0.48989622641509434
463	0.5838085106382978
464	0.6297192982456141
469	0.5684479166666666
470	0.5639545454545454
467	0.56984375
468	0.6602282608695653
492	0.33073584905660375
491	0.541754716981132
494	0.4021018518518517
493	0.3910588235294118
488	0.5931590909090909
487	0.503090909090909
490	0.4659777777777779
489	0.3563061224489796
484	0.7564204545454545
483	0.5791170212765956
486	0.6838666666666667
485	0.502122641509434
480	0.581451923076923
479	0.5631413043478262
482	0.7428137254901962
481	0.46361999999999987
507	0.4706770833333335
508	0.5140192307692307
509	0.6979230769230771
510	0.794598360655738
503	0.30927678571428574
504	0.5038617021276597
505	0.7592735849056603
506	0.581607843137255
499	0.6277299999999998
500	0.4050625000000001
501	0.46279787234042546
502	0.337686440677966
495	0.6578571428571428
496	0.48308181818181817
497	0.5758534482758622
498	0.4485892857142856
526	0.6654895833333332
525	0.6480760869565219
524	0.4427000000000001
523	0.711336956521739
522	0.6534426229508197
521	0.69666
520	0.4040283018867924
519	0.4939642857142857
518	0.4663888888888889
517	0.5870188679245283
516	0.37940384615384637
515	0.569472727272727
514	0.6089901960784314
513	0.5064333333333333
512	0.5110340909090908
511	0.3550090909090909
541	0.32741836734693874
542	0.6825555555555555
539	0.43355208333333334
540	0.6424910714285714
537	0.6702666666666667
538	0.4179722222222221
535	0.5559081632653062
536	0.6722295081967212
533	0.4511046511627907
534	0.4565897435897436
531	0.6362924528301884
532	0.59768
529	0.6306333333333333
530	0.663377551020408
527	0.643096153846154
528	0.24662280701754377
