98	0.5423272357723578
97	0.5919719438877755
96	0.5772897384305835
95	0.5554911764705883
94	0.5576431372549016
93	0.6356650099403568
92	0.5960562632696398
91	0.6140816115702475
90	0.5372319688109162
89	0.7017858606557371
88	0.6388582375478932
87	0.6159684317718951
86	0.5158316733067734
85	0.5377576374745422
84	0.5589969999999996
83	0.5904008016032062
99	0.5148105590062111
100	0.5727432432432431
74	0.43487780040733176
73	0.5497594810379247
72	0.6427216981132075
71	0.4857886904761905
70	0.5327999999999998
69	0.6590413385826772
68	0.6502092783505159
67	0.4686450304259632
82	0.5585753564154787
81	0.5906663265306126
80	0.5656813627254511
79	0.5232640562248995
78	0.5914340000000003
77	0.5543368522072933
76	0.6315339702760079
75	0.5090281249999998
57	0.42791881188118763
58	0.32429175050301773
55	0.5427152917505033
56	0.6161320388349508
53	0.6441479591836737
54	0.6592579051383396
51	0.4619960629921252
52	0.5010741811175333
65	0.629526717557252
66	0.6561774509803927
63	0.5347071005917153
64	0.4914612326043731
61	0.6475521653543301
62	0.668182270916336
59	0.4847255102040817
60	0.5001156126482214
40	0.5620572289156625
39	0.5739453608247423
42	0.6076120857699804
41	0.4847554890219557
36	0.6925010548523214
35	0.6809076305220886
38	0.5834605009633906
37	0.4437032520325203
48	0.6151468253968246
47	0.5932031250000005
50	0.7027474541751532
49	0.6432126436781606
44	0.40636406844106443
43	0.46892603550295836
46	0.5884560878243508
45	0.5787024048096184
23	0.5528816067653276
24	0.4308110902255638
25	0.5445985626283371
26	0.5710910931174095
19	0.5377322134387349
20	0.48806535269709556
21	0.6287816326530616
22	0.5361359126984129
31	0.6281894230769228
32	0.6892286585365845
33	0.4382817622950816
34	0.5400488281250005
27	0.6674636752136753
28	0.5838932038834952
29	0.6647297029702975
30	0.4816711538461534
6	0.5866488326848249
5	0.5309613152804644
4	0.4211127167630053
3	0.5303361581920901
10	0.5748766990291266
9	0.4777343434343433
8	0.49675614754098296
7	0.4985877016129035
14	0.5935602409638547
13	0.44316565040650413
12	0.5930720338983049
11	0.6051474226804128
18	0.4834503042596349
17	0.46102272727272775
16	0.35445974576271183
15	0.4310197628458496
1	0.5623090909090909
2	0.5326154618473896
