848	0.2882200000000001
847	0.5997222222222222
850	0.40534374999999984
849	0.7245657894736841
852	0.5869090909090909
851	0.4873469387755101
854	0.5281999999999999
853	0.4723809523809523
856	0.5485760869565216
855	0.6120500000000002
858	0.4778076923076924
857	0.35105737704918033
860	0.4487596153846153
859	0.4110943396226415
862	0.5993620689655171
861	0.6817857142857144
831	0.49145454545454526
832	0.5997604166666667
833	0.5604456521739128
834	0.5995462962962963
835	0.5440660377358489
836	0.6608750000000001
837	0.6230499999999999
838	0.5582021276595744
839	0.46950961538461544
840	0.5340520833333332
841	0.1832159090909091
842	0.19363043478260858
843	0.7268636363636364
844	0.5768510638297875
845	0.66353
846	0.5036562500000001
818	0.56535
817	0.6502999999999998
816	0.7326315789473685
815	0.5550333333333333
822	0.5480568181818183
821	0.46988775510204084
820	0.5410754716981132
819	0.44126315789473675
826	0.4311634615384615
825	0.53428431372549
824	0.756823529411765
823	0.5450652173913045
830	0.7061999999999999
829	0.40043617021276606
828	0.38574489795918365
827	0.62027
801	0.7353068181818181
802	0.5778673469387754
799	0.5107978723404254
800	0.6216803278688525
805	0.49398958333333337
806	0.598705882352941
803	0.4946271186440678
804	0.7211754385964914
809	0.6497613636363637
810	0.43071568627450973
807	0.44780769230769224
808	0.6553846153846157
813	0.49858
814	0.3038586956521739
811	0.645342105263158
812	0.4578425925925926
916	0.5718958333333332
915	0.4142833333333333
918	0.5069999999999999
917	0.5727073170731709
912	0.8535196078431372
911	0.5400116279069769
914	0.49936607142857153
913	0.6557999999999999
924	0.3431
923	0.4709399999999999
926	0.5006339285714286
925	0.4018660714285715
920	0.40945535714285697
919	0.6643829787234041
922	0.5510899999999999
921	0.5025
899	0.5613666666666668
900	0.5244134615384616
901	0.5080416666666666
902	0.7339615384615386
895	0.5846272727272726
896	0.3935937499999999
897	0.49141000000000007
898	0.5221111111111111
907	0.7080000000000003
908	0.6299326923076921
909	0.44681632653061226
910	0.5428837209302326
903	0.4826666666666666
904	0.5079100000000002
905	0.33011
906	0.6442857142857144
886	0.7487954545454545
885	0.448574074074074
884	0.7529629629629627
883	0.4007410714285716
882	0.5559901960784315
881	0.6060625000000001
880	0.6663488372093023
879	0.5276444444444445
894	0.5659404761904762
893	0.7766585365853659
892	0.5775188679245283
891	0.4753018867924527
890	0.6316698113207548
889	0.4432924528301887
888	0.528721153846154
887	0.36266
869	0.37066666666666664
870	0.746
867	0.20065999999999995
868	0.45848837209302334
865	0.5046470588235291
866	0.47356862745098033
863	0.5704673913043478
864	0.7710111111111109
877	0.8915535714285714
878	0.5639245283018869
875	0.7774777777777777
876	0.7702432432432434
873	0.7445520833333336
874	0.5216627906976744
871	0.5470700000000001
872	0.5336818181818181
727	0.617
728	0.7525185185185185
729	0.5271874999999998
730	0.7805865384615385
731	0.6773684210526317
732	0.3489500000000001
733	0.6195446428571431
734	0.4085744680851065
719	0.7311250000000004
720	0.3833061224489796
721	0.4702307692307691
722	0.4966442307692308
723	0.48223
724	0.2764999999999999
725	0.5094302325581397
726	0.5049183673469387
712	0.5613039215686275
711	0.6493431372549021
714	0.6092142857142856
713	0.5851190476190476
716	0.6296759259259259
715	0.3070784313725491
718	0.7725434782608696
717	0.5838604651162792
704	0.4359818181818181
703	0.6263240740740741
706	0.528508474576271
705	0.45321428571428585
708	0.44924509803921553
707	0.5679888888888889
710	0.30015
709	0.4712857142857142
697	0.613096153846154
698	0.6564767441860465
695	0.6017363636363637
696	0.4016491228070176
701	0.428406976744186
702	0.4755744680851064
699	0.64915625
700	0.43497413793103434
689	0.5844489795918367
690	0.4856555555555555
687	0.6997499999999999
688	0.5409803921568628
693	0.8481274509803923
694	0.43280434782608695
691	0.33793478260869564
692	0.4756475409836068
682	0.5567500000000001
681	0.5992363636363633
680	0.5251979166666666
679	0.37290999999999985
686	0.48784259259259244
685	0.6573611111111113
684	0.5464374999999998
683	0.6324200000000001
674	0.4507307692307692
673	0.5614732142857142
672	0.42084210526315785
671	0.7284056603773587
678	0.34283653846153855
677	0.5228100000000001
676	0.514448275862069
675	0.6091595744680851
795	0.6518599999999998
796	0.3675121951219512
797	0.3257407407407406
798	0.5436808510638299
791	0.7585882352941176
792	0.6383854166666665
793	0.6766727272727271
794	0.6917551020408164
787	0.4425288461538462
788	0.6032307692307692
789	0.7119418604651162
790	0.48039130434782606
783	0.6684693877551018
784	0.42637254901960786
785	0.37963043478260877
786	0.5196944444444443
780	0.6543522727272727
779	0.5826363636363635
782	0.39302173913043487
781	0.6293039215686275
776	0.34965454545454555
775	0.6303488372093023
778	0.45436904761904773
777	0.512189393939394
772	0.6471444444444445
771	0.4295098039215685
774	0.10364634146341462
773	0.6851111111111111
768	0.3615098039215687
767	0.3198469387755102
770	0.49913725490196076
769	0.44097222222222204
765	0.5316770833333333
766	0.4386538461538463
763	0.5145222222222223
764	0.5675816326530612
761	0.6222340425531915
762	0.5545638297872342
759	0.573532608695652
760	0.5059732142857142
757	0.7341249999999999
758	0.8203804347826086
755	0.4853645833333333
756	0.5354302325581395
753	0.4416607142857142
754	0.6303909090909091
751	0.6731382978723404
752	0.5230727272727272
750	0.6459827586206898
749	0.43783898305084734
748	0.5752222222222221
747	0.5370740740740739
746	0.7004351851851851
745	0.6727254901960784
744	0.5987450980392156
743	0.5561730769230767
742	0.6311944444444444
741	0.435066037735849
740	0.5676590909090907
739	0.4616132075471698
738	0.5919583333333334
737	0.4614999999999999
736	0.3295961538461539
735	0.6286320754716981
69	0.6854473684210525
70	0.5963513513513514
67	0.34861320754716985
68	0.6370925925925925
65	0.4584166666666667
66	0.6360408163265306
63	0.5672750000000001
64	0.5220666666666667
77	0.5804555555555555
78	0.4712321428571428
75	0.49520408163265295
76	0.6699454545454544
73	0.45152777777777786
74	0.5762105263157895
71	0.42246874999999995
72	0.651794117647059
86	0.7473163265306122
85	0.564735294117647
84	0.5856465517241378
83	0.6331929824561404
82	0.7889795918367344
81	0.5812358490566039
80	0.5550113636363637
79	0.6311428571428572
94	0.556962962962963
93	0.5000595238095238
92	0.4317959183673469
91	0.6424651162790698
90	0.57439
89	0.4084800000000001
88	0.428375
87	0.6636046511627907
35	0.5474351851851852
36	0.8030119047619048
37	0.45120999999999994
38	0.2728700000000001
31	0.5253125
32	0.46351818181818194
33	0.5396511627906976
34	0.5563921568627453
43	0.5920181818181818
44	0.6129204545454546
45	0.6512804878048781
46	0.45825892857142864
39	0.5700306122448981
40	0.5026428571428572
41	0.5736176470588233
42	0.6777244897959183
52	0.6708775510204079
51	0.4893777777777776
54	0.6000416666666666
53	0.5448137254901961
48	0.5536346153846152
47	0.5806250000000001
50	0.7128222222222221
49	0.3356704545454545
60	0.6935392156862745
59	0.5716176470588235
62	0.6017156862745099
61	0.5524537037037036
56	0.32953999999999994
55	0.6654895833333332
58	0.5004000000000001
57	0.5201199999999999
129	0.4934375000000002
130	0.5309999999999999
127	0.6957613636363637
128	0.5171374999999999
133	0.5291509433962265
134	0.5980212765957447
131	0.5015625
132	0.7237037037037041
137	0.5500568181818183
138	0.7304038461538463
135	0.5871428571428572
136	0.5333365384615385
141	0.4621847826086957
142	0.6133125000000001
139	0.4469880952380953
140	0.5956176470588236
146	0.5954722222222222
145	0.48184313725490197
144	0.5105333333333332
143	0.6890769230769228
150	0.45649999999999996
149	0.6873125
148	0.30652
147	0.47573529411764703
154	0.48428888888888894
153	0.5061857142857143
152	0.5783658536585368
151	0.7008039215686277
158	0.6572093023255814
157	0.7306734693877549
156	0.49482291666666667
155	0.7162021276595746
95	0.5581444444444443
96	0.6172631578947371
97	0.6783750000000002
98	0.4701249999999999
99	0.5006999999999998
100	0.5846847826086958
101	0.5762959183673468
102	0.5543557692307692
103	0.44054901960784304
104	0.647925925925926
105	0.5837499999999999
106	0.5563877551020407
107	0.4566555555555556
108	0.8027363636363632
109	0.5722173913043477
110	0.3548839285714286
112	0.7173199999999998
111	0.5828173076923078
114	0.6282400000000001
113	0.6119999999999999
116	0.5287261904761904
115	0.7015581395348836
118	0.5242377049180329
117	0.7359528301886793
120	0.44976041666666666
119	0.38934259259259246
122	0.6055731707317071
121	0.7048070175438595
124	0.5135125
123	0.6912375
126	0.5706000000000001
125	0.43807446808510625
970	0.6971142857142857
969	0.64
968	0.6310980392156864
967	0.6080869565217389
974	0.6007954545454545
973	0.620806818181818
972	0.4885208333333333
971	0.7549374999999999
962	0.6721530612244899
961	0.44785454545454534
960	0.6845576923076925
959	0.5278083333333333
966	0.5623958333333332
965	0.46799056603773587
964	0.5525849056603773
963	0.6031500000000002
985	0.5142327586206895
986	0.7297058823529412
983	0.2977446808510638
984	0.40700000000000003
989	0.6917083333333336
990	0.5511562500000001
987	0.4297403846153848
988	0.6560116279069769
977	0.4505660377358489
978	0.7954215686274508
975	0.4348444444444445
976	0.47924038461538476
981	0.5409090909090911
982	0.5995851063829788
979	0.58367
980	0.5450384615384612
936	0.6643775510204081
935	0.44625471698113206
938	0.6109874999999999
937	0.4042021276595744
940	0.5224183673469389
939	0.614892156862745
942	0.8925471698113208
941	0.4734140625
928	0.3195
927	0.4464913793103448
930	0.46627659574468067
929	0.5662288135593219
932	0.6496020408163262
931	0.6124636363636364
934	0.7160462962962965
933	0.3947363636363637
951	0.43081578947368426
952	0.4123297872340426
953	0.603235294117647
954	0.5518061224489796
955	0.5890531914893615
956	0.5146018518518518
957	0.5171300000000001
958	0.7249326923076923
943	0.4274150943396226
944	0.6276415094339621
945	0.5375588235294116
946	0.7970697674418605
947	0.6186326530612246
948	0.4717368421052631
949	0.46921153846153835
950	0.3428191489361702
10	0.5328823529411766
9	0.6490714285714284
8	0.7040869565217391
7	0.49358333333333326
14	0.5367941176470589
13	0.5700465116279071
12	0.7191836734693876
11	0.5237142857142856
2	0.5313372093023255
1	0.5740865384615382
6	0.6496979166666665
5	0.5241300000000001
4	0.46334313725490184
3	0.58097
25	0.5383333333333333
26	0.6387916666666668
23	0.36749999999999994
24	0.49662745098039207
29	0.5269999999999999
30	0.3437040816326529
27	0.5967755102040816
28	0.5211847826086954
17	0.5697264150943396
18	0.78199
15	0.5710887096774193
16	0.5757452830188678
21	0.5465520833333334
22	0.5658382352941176
19	0.8733416666666666
20	0.6860568181818181
1000	0.3839565217391304
999	0.3579899999999999
996	0.6248061224489795
995	0.4164999999999999
998	0.5999333333333335
997	0.5921666666666666
992	0.4774824561403507
991	0.5337999999999999
994	0.48713541666666665
993	0.4415196078431372
306	0.5772711864406781
305	0.5190652173913044
304	0.7754090909090909
303	0.6035000000000001
310	0.5950520833333333
309	0.76839
308	0.2898367346938776
307	0.6228
314	0.44844339622641494
313	0.5264999999999999
312	0.6198245614035086
311	0.38872641509433953
318	0.6954074074074076
317	0.5648636363636365
316	0.3853152173913043
315	0.6600434782608694
289	0.6768958333333334
290	0.3462407407407408
287	0.548843137254902
288	0.4736296296296296
293	0.6032636363636363
294	0.6447840909090908
291	0.6907244897959184
292	0.8282999999999998
297	0.6213189655172413
298	0.6418369565217391
295	0.5933617021276597
296	0.6230800000000002
301	0.6280232558139534
302	0.6932021276595743
299	0.6830104166666665
300	0.4659905660377358
336	0.6165833333333334
335	0.61619
338	0.783686274509804
337	0.46612765957446806
340	0.4857622950819673
339	0.7559361702127657
342	0.6088135593220341
341	0.6312843137254901
344	0.49910227272727264
343	0.5346625000000002
346	0.6492019230769229
345	0.4152040816326531
348	0.5966999999999999
347	0.5846489361702127
350	0.7091527777777782
349	0.4494074074074073
319	0.6289897959183675
320	0.40608139534883714
321	0.4322674418604652
322	0.4953979591836733
323	0.3664574468085106
324	0.5971875
325	0.7567454545454546
326	0.6200795454545456
327	0.43798333333333334
328	0.6278750000000001
329	0.4009666666666667
330	0.5900444444444443
331	0.5418981481481481
332	0.3913076923076923
333	0.4072653061224489
334	0.338625
374	0.6675
373	0.4783229166666667
372	0.532324074074074
371	0.4002075471698114
370	0.516
369	0.5140714285714286
368	0.36975961538461544
367	0.6921388888888887
382	0.7309204545454547
381	0.74292
380	0.502531914893617
379	0.3985277777777776
378	0.6636909090909091
377	0.4372456140350878
376	0.7056315789473686
375	0.5457173913043478
357	0.534657894736842
358	0.587692307692308
355	0.6702040816326531
356	0.691067307692308
353	0.5386145833333333
354	0.6812068965517241
351	0.5021574074074072
352	0.9139999999999999
365	0.6720543478260871
366	0.5695851063829789
363	0.6355000000000002
364	0.48729591836734704
361	0.5689857142857144
362	0.7146938775510207
359	0.59215
360	0.4858333333333333
404	0.5507040816326532
403	0.18398148148148147
406	0.36580392156862757
405	0.44236274509803925
400	0.45324489795918366
399	0.31852500000000006
402	0.37378181818181827
401	0.477741379310345
412	0.763349056603774
411	0.5883818181818181
414	0.52242
413	0.6533962264150944
408	0.4788148148148147
407	0.48268867924528297
410	0.7404017857142856
409	0.4687142857142857
387	0.6451037735849057
388	0.6473888888888888
389	0.7286315789473684
390	0.6353793103448276
383	0.38966964285714284
384	0.5782777777777777
385	0.7535108695652173
386	0.5234375
395	0.5995624999999999
396	0.553375
397	0.48129268292682936
398	0.4985365853658536
391	0.5087699999999998
392	0.6844100000000001
393	0.49834782608695677
394	0.5476111111111114
185	0.3790531914893618
186	0.4691632653061225
183	0.4717261904761904
184	0.5438977272727274
189	0.5558909090909091
190	0.681142857142857
187	0.6218510638297873
188	0.4953636363636364
177	0.4597099999999999
178	0.40925833333333317
175	0.5808727272727274
176	0.3578365384615385
181	0.8582830188679244
182	0.41906481481481483
179	0.4550294117647059
180	0.5054090909090908
170	0.3761145833333333
169	0.3208055555555554
168	0.4790833333333334
167	0.4877358490566037
174	0.26862765957446805
173	0.5509181818181819
172	0.571125
171	0.5474622641509433
162	0.5391874999999999
161	0.7140098039215685
160	0.4925943396226415
159	0.6646808510638298
166	0.24671999999999997
165	0.5003362068965516
164	0.2018706896551724
163	0.46054347826086967
215	0.4317857142857144
216	0.47008490566037736
217	0.5284795918367348
218	0.6543363636363635
219	0.5346470588235294
220	0.3767400000000001
221	0.866782608695652
222	0.47252631578947385
207	0.7282592592592593
208	0.5322916666666665
209	0.5938837209302326
210	0.548718181818182
211	0.6350283018867925
212	0.4973372093023255
213	0.6341805555555556
214	0.4820899999999998
200	0.819772727272727
199	0.6219181818181817
202	0.6687999999999998
201	0.20418888888888892
204	0.7319259259259262
203	0.7950000000000002
206	0.6580098039215685
205	0.5318333333333333
192	0.5439519230769231
191	0.49745555555555543
194	0.50635
193	0.40305319148936164
196	0.4688909090909091
195	0.5484285714285713
198	0.6298414634146343
197	0.7787068965517242
253	0.6049489795918366
254	0.543734693877551
251	0.33783333333333343
252	0.7515431034482759
249	0.7719716981132075
250	0.3934782608695652
247	0.7097711864406779
248	0.7265636363636363
245	0.5559673913043478
246	0.5359795918367347
243	0.20506122448979597
244	0.6995196078431374
241	0.47583928571428574
242	0.5566415094339623
239	0.6414111111111112
240	0.4577173913043481
238	0.7411960784313726
237	0.3381363636363637
236	0.7209310344827587
235	0.7804489795918363
234	0.8435686274509803
233	0.48317021276595734
232	0.5147583333333334
231	0.6511195652173913
230	0.5053979591836735
229	0.3095625
228	0.5256132075471699
227	0.33157
226	0.5447894736842106
225	0.5863367346938774
224	0.6086399999999998
223	0.5674999999999999
283	0.14900000000000005
284	0.6686078431372547
285	0.38827000000000006
286	0.640375
279	0.340330188679245
280	0.8445816326530613
281	0.6756574074074074
282	0.5323222222222224
275	0.5447346938775509
276	0.4855851063829787
277	0.5342608695652172
278	0.5522555555555556
271	0.4593367346938775
272	0.7522169811320755
273	0.5428725490196079
274	0.5240392156862745
268	0.6751489361702129
267	0.45832727272727264
270	0.568779069767442
269	0.5275490196078431
264	0.6482129629629632
263	0.51341
266	0.48276
265	0.5237019230769231
260	0.5583214285714285
259	0.56731
262	0.5659200000000001
261	0.599093023255814
256	0.5946960784313724
255	0.43674468085106394
258	0.260625
257	0.29580681818181825
543	0.5993245614035088
544	0.6361704545454543
545	0.5052711864406779
546	0.4273229166666667
547	0.730798076923077
548	0.7008559322033899
549	0.7889895833333332
550	0.5237192982456141
551	0.7465294117647059
552	0.5618584905660379
553	0.7218909090909091
554	0.615922222222222
555	0.5684117647058824
556	0.4579069767441859
557	0.5372413793103449
558	0.5731018518518519
560	0.4147711864406779
559	0.6358962264150944
562	0.34914893617021275
561	0.8706320754716983
564	0.7359803921568627
563	0.8321900000000001
566	0.6285299999999999
565	0.7601700000000001
568	0.3975365853658536
567	0.5791304347826086
570	0.4644423076923075
569	0.5491296296296295
572	0.4675267857142855
571	0.4594148936170212
574	0.5499222222222223
573	0.5699166666666666
577	0.57985
578	0.7028301886792452
575	0.4194893617021276
576	0.8473367346938776
581	0.531968085106383
582	0.5839903846153847
579	0.5915000000000002
580	0.7852333333333333
585	0.6305243902439023
586	0.3306538461538462
583	0.787205357142857
584	0.626702380952381
589	0.49006999999999984
590	0.6183999999999998
587	0.38920408163265324
588	0.51925
594	0.6014699999999996
593	0.5164916666666666
592	0.7842155172413793
591	0.7395363636363638
598	0.6882596153846156
597	0.5223653846153847
596	0.3700096153846154
595	0.5247692307692308
602	0.6299905660377357
601	0.6385350877192985
600	0.33488392857142857
599	0.7252037037037036
606	0.4120689655172414
605	0.5164333333333335
604	0.6300169491525424
603	0.48162499999999997
611	0.5115531914893617
612	0.4179791666666666
613	0.7160113636363638
614	0.887145833333333
607	0.701018181818182
608	0.47220754716981134
609	0.6605487804878049
610	0.8119239130434783
619	0.5156636363636362
620	0.2834827586206898
621	0.6114519230769232
622	0.5995098039215686
615	0.5780108695652175
616	0.8591200000000002
617	0.5485405405405405
618	0.5719680851063831
628	0.5244699999999999
627	0.5780267857142857
630	0.5150624999999999
629	0.4800754716981133
624	0.44423999999999997
623	0.5168478260869565
626	0.6144468085106382
625	0.5792111111111111
636	0.4300543478260869
635	0.5406122448979593
638	0.5120714285714285
637	0.6671521739130434
632	0.6327692307692309
631	0.47093421052631596
634	0.563877551020408
633	0.6856489361702127
645	0.6452884615384615
646	0.510764705882353
643	0.3629913793103447
644	0.6132340425531914
641	0.48245000000000005
642	0.5840510204081635
639	0.782669491525424
640	0.7455818181818182
653	0.6920446428571427
654	0.70905
651	0.7166020408163264
652	0.39969444444444446
649	0.5619444444444444
650	0.7635196078431373
647	0.66926
648	0.638642857142857
662	0.5546249999999999
661	0.5581375000000001
660	0.5002327586206899
659	0.5144622641509433
658	0.2641354166666667
657	0.7123611111111111
656	0.5129134615384614
655	0.5537156862745096
670	0.5258536585365854
669	0.6751122448979593
668	0.6325862068965518
667	0.5262444444444445
666	0.6087870370370371
665	0.5068222222222223
664	0.5779903846153845
663	0.6057391304347827
424	0.5641219512195123
423	0.5282100000000001
426	0.6492608695652172
425	0.6132282608695654
428	0.46495744680851064
427	0.4361346153846154
430	0.6570212765957449
429	0.7189454545454544
416	0.4894807692307692
415	0.5860833333333334
418	0.5591489361702128
417	0.502787234042553
420	0.5187551020408162
419	0.35009999999999997
422	0.6544722222222221
421	0.36567647058823527
439	0.6367142857142858
440	0.40936046511627905
441	0.5793586956521739
442	0.580392156862745
443	0.5618571428571429
444	0.6650851063829789
445	0.4916792452830189
446	0.6286666666666667
431	0.5261181818181817
432	0.36757692307692325
433	0.4837040816326529
434	0.4946860465116279
435	0.8310465116279067
436	0.617
437	0.2643297872340426
438	0.6851634615384614
458	0.7118541666666668
457	0.5345188679245284
456	0.6601339285714285
455	0.6335471698113209
462	0.2862604166666667
461	0.5911162790697674
460	0.5558253968253969
459	0.4037307692307691
450	0.5900795454545454
449	0.5583833333333336
448	0.6150612244897958
447	0.7069897959183673
454	0.64581
453	0.6624599999999999
452	0.5987118644067795
451	0.731148148148148
473	0.472735294117647
474	0.68558
471	0.7392093023255815
472	0.6009489795918367
477	0.6616333333333334
478	0.515843137254902
475	0.35281632653061223
476	0.4485892857142856
465	0.5712777777777779
466	0.5124107142857144
463	0.5559107142857143
464	0.6220978260869565
469	0.5747641509433962
470	0.5216078431372552
467	0.5357391304347826
468	0.6529444444444443
492	0.3242583333333334
491	0.5610204081632654
494	0.42086440677966097
493	0.4249699999999999
488	0.5457090909090911
487	0.47357
490	0.48892708333333323
489	0.3144811320754718
484	0.7580400000000002
483	0.5617692307692308
486	0.6824907407407408
485	0.46061
480	0.54953125
479	0.5287843137254902
482	0.7303222222222223
481	0.4337456140350876
507	0.4711810344827586
508	0.5176976744186046
509	0.6511521739130435
510	0.7935818181818184
503	0.3396274509803922
504	0.5345
505	0.8017291666666666
506	0.5383253968253966
499	0.6603977272727273
500	0.3929897959183674
501	0.4513139534883721
502	0.34850000000000003
495	0.7117641509433961
496	0.5650116279069767
497	0.6056896551724138
498	0.41722448979591825
526	0.6832033898305084
525	0.588201754385965
524	0.43109259259259275
523	0.7512978723404256
522	0.6277549019607845
521	0.7166599999999999
520	0.39761
519	0.4784673913043479
518	0.48884905660377365
517	0.5888020833333333
516	0.33822222222222226
515	0.5865000000000001
514	0.6171052631578948
513	0.5190535714285713
512	0.5035555555555555
511	0.3693645833333332
541	0.3471764705882353
542	0.6457884615384614
539	0.3955196078431373
540	0.6406836734693876
537	0.7117881355932201
538	0.41008771929824545
535	0.6296632653061224
536	0.6623679245283022
533	0.4937745098039215
534	0.46351
531	0.6397647058823528
532	0.6251521739130435
529	0.6515000000000002
530	0.6495363636363634
527	0.659244680851064
528	0.26482407407407405
