158	7	1.0
1881	2	1.0
1450	7	1.0
984	1	1.0
157	6	1.0
633	4	1.0
1455	3	1.0
627	3	1.0
982	1	1.0
161	3	1.0
630	1	1.0
160	7	1.0
1883	1	1.0
1889	7	1.0
993	1	1.0
152	7	1.0
1460	5	1.0
1459	4	1.0
621	3	1.0
156	4	1.0
2301	6	1.0
988	4	1.0
987	1	1.0
1462	3	1.0
2303	2	1.0
144	3	1.0
2312	4	1.0
972	4	1.0
145	3	1.0
1896	3	1.0
1438	4	1.0
143	3	1.0
2308	3	1.0
1898	7	1.0
613	1	1.0
1899	4	1.0
966	2	1.0
146	2	1.0
615	7	1.0
967	2	1.0
2311	1	1.0
616	7	1.0
978	7	1.0
1443	6	1.0
138	4	1.0
1445	7	1.0
1447	3	1.0
975	2	1.0
606	3	1.0
1906	2	1.0
2317	2	1.0
973	2	1.0
608	3	1.0
609	3	1.0
2318	2	1.0
605	3	1.0
1424	3	1.0
184	1	1.0
1011	6	1.0
1852	3	1.0
1854	7	1.0
187	5	1.0
186	4	1.0
1013	5	1.0
603	2	1.0
1856	1	1.0
1427	1	1.0
1010	2	1.0
600	3	1.0
2323	3	1.0
1009	6	1.0
598	6	1.0
2335	2	1.0
2333	2	1.0
1863	7	1.0
1862	7	1.0
2330	7	1.0
2329	5	1.0
170	3	1.0
997	4	1.0
591	3	1.0
171	4	1.0
1867	3	1.0
999	4	1.0
1409	2	1.0
589	5	1.0
2340	6	1.0
1000	4	1.0
2338	3	1.0
588	3	1.0
995	1	1.0
1412	3	1.0
1871	4	1.0
2336	3	1.0
176	3	1.0
1004	7	1.0
2348	2	1.0
164	2	1.0
582	1	1.0
1876	7	1.0
1421	1	1.0
580	3	1.0
168	5	1.0
2343	7	1.0
1419	3	1.0
1510	3	1.0
572	7	1.0
1037	2	1.0
106	4	1.0
1939	4	1.0
1036	2	1.0
1938	4	1.0
576	5	1.0
1040	1	1.0
578	4	1.0
2356	3	1.0
1508	4	1.0
99	7	1.0
2359	3	1.0
1946	4	1.0
1519	2	1.0
566	5	1.0
1042	3	1.0
1944	2	1.0
1048	1	1.0
2363	4	1.0
93	5	1.0
92	3	1.0
2367	4	1.0
1493	7	1.0
563	5	1.0
1949	3	1.0
2371	3	1.0
1503	4	1.0
552	5	1.0
2372	1	1.0
85	4	1.0
1505	4	1.0
1960	2	1.0
1958	5	1.0
2376	4	1.0
133	5	1.0
2380	2	1.0
1063	7	1.0
1483	7	1.0
132	4	1.0
135	3	1.0
2383	3	1.0
1069	3	1.0
131	7	1.0
1478	3	1.0
547	2	1.0
1068	3	1.0
1918	2	1.0
1490	6	1.0
2386	3	1.0
127	4	1.0
1073	3	1.0
1076	3	1.0
1486	3	1.0
1075	7	1.0
1049	1	1.0
1470	7	1.0
1051	7	1.0
1468	2	1.0
1926	2	1.0
1052	3	1.0
2392	7	1.0
121	2	1.0
116	4	1.0
1053	3	1.0
534	4	1.0
1477	2	1.0
526	7	1.0
2398	3	1.0
524	2	1.0
2404	1	1.0
1929	3	1.0
1061	2	1.0
1471	3	1.0
2402	4	1.0
111	3	1.0
1777	6	1.0
514	4	1.0
2195	6	1.0
882	3	1.0
1347	3	1.0
1348	4	1.0
2197	2	1.0
40	5	1.0
1349	1	1.0
1781	5	1.0
874	3	1.0
1340	7	1.0
48	1	1.0
46	5	1.0
522	6	1.0
47	3	1.0
49	4	1.0
869	5	1.0
870	4	1.0
2209	4	1.0
1333	2	1.0
27	3	1.0
1790	3	1.0
866	7	1.0
2210	5	1.0
1789	3	1.0
865	3	1.0
2205	2	1.0
864	3	1.0
1336	4	1.0
507	5	1.0
1327	4	1.0
34	3	1.0
506	3	1.0
1783	5	1.0
1328	6	1.0
1782	6	1.0
2198	7	1.0
1332	2	1.0
1331	2	1.0
2222	4	1.0
2688	5	1.0
486	4	1.0
2223	5	1.0
2682	3	1.0
2684	3	1.0
905	4	1.0
483	1	1.0
2219	3	1.0
1314	3	1.0
2693	1	1.0
1742	5	1.0
902	1	1.0
2695	7	1.0
1318	1	1.0
78	3	1.0
2211	7	1.0
2691	7	1.0
489	7	1.0
54	2	1.0
2700	4	1.0
894	6	1.0
1762	4	1.0
1306	2	1.0
2236	4	1.0
471	1	1.0
1763	7	1.0
2235	4	1.0
1766	4	1.0
59	3	1.0
1768	5	1.0
2233	2	1.0
468	4	1.0
1767	3	1.0
887	3	1.0
480	1	1.0
1299	3	1.0
478	5	1.0
2708	3	1.0
1304	2	1.0
1303	1	1.0
2703	2	1.0
2246	1	1.0
454	7	1.0
1406	3	1.0
456	5	1.0
932	7	1.0
2249	2	1.0
936	2	1.0
2663	3	1.0
461	5	1.0
926	3	1.0
927	7	1.0
1399	3	1.0
2241	6	1.0
463	3	1.0
1400	3	1.0
2661	4	1.0
930	4	1.0
464	5	1.0
2243	4	1.0
2665	2	1.0
466	5	1.0
1825	7	1.0
467	5	1.0
1392	2	1.0
441	5	1.0
1851	2	1.0
2261	3	1.0
2260	2	1.0
2668	2	1.0
2264	3	1.0
1846	5	1.0
923	1	1.0
446	1	1.0
445	3	1.0
2254	6	1.0
2677	3	1.0
450	1	1.0
1842	5	1.0
1387	7	1.0
911	2	1.0
1841	2	1.0
451	4	1.0
2257	3	1.0
2256	2	1.0
914	4	1.0
959	2	1.0
1379	5	1.0
1380	2	1.0
2276	3	1.0
426	5	1.0
2274	7	1.0
962	2	1.0
963	3	1.0
12	2	1.0
13	4	1.0
430	4	1.0
2632	3	1.0
965	2	1.0
14	1	1.0
1806	1	1.0
2633	3	1.0
2269	3	1.0
954	2	1.0
23	2	1.0
1372	2	1.0
2636	1	1.0
18	3	1.0
2273	3	1.0
2271	3	1.0
946	4	1.0
415	1	1.0
2290	1	1.0
1821	3	1.0
1823	3	1.0
3	5	1.0
413	5	1.0
1822	3	1.0
2642	2	1.0
1364	7	1.0
1363	2	1.0
1817	5	1.0
2293	4	1.0
417	4	1.0
2648	5	1.0
939	2	1.0
938	1	1.0
2287	2	1.0
425	7	1.0
942	2	1.0
2651	6	1.0
1810	1	1.0
944	2	1.0
6	4	1.0
1812	3	1.0
2623	1	1.0
1672	7	1.0
1673	3	1.0
393	4	1.0
1221	3	1.0
2621	4	1.0
2087	2	1.0
1219	2	1.0
747	3	1.0
1224	7	1.0
2617	1	1.0
2098	4	1.0
1681	1	1.0
2613	3	1.0
387	3	1.0
386	5	1.0
2078	2	1.0
762	7	1.0
1231	2	1.0
1658	3	1.0
2612	3	1.0
410	3	1.0
764	3	1.0
759	2	1.0
2607	3	1.0
406	3	1.0
761	1	1.0
1663	2	1.0
1666	1	1.0
770	2	1.0
2605	2	1.0
401	7	1.0
2082	4	1.0
1671	2	1.0
777	4	1.0
2120	3	1.0
2596	3	1.0
2594	1	1.0
1650	5	1.0
1192	7	1.0
2116	4	1.0
773	4	1.0
361	3	1.0
1194	5	1.0
1654	1	1.0
783	3	1.0
362	2	1.0
2587	5	1.0
781	2	1.0
357	3	1.0
779	7	1.0
2123	1	1.0
2124	1	1.0
2583	3	1.0
381	2	1.0
1631	3	1.0
1204	3	1.0
1203	5	1.0
2106	3	1.0
379	7	1.0
1206	2	1.0
378	3	1.0
1207	2	1.0
787	7	1.0
786	1	1.0
374	6	1.0
1208	2	1.0
377	4	1.0
1211	1	1.0
797	3	1.0
2113	3	1.0
1637	1	1.0
376	7	1.0
2573	3	1.0
1642	4	1.0
2572	3	1.0
2564	2	1.0
1276	6	1.0
1731	2	1.0
2143	6	1.0
2147	7	1.0
1273	3	1.0
341	3	1.0
806	3	1.0
2557	1	1.0
1738	2	1.0
2152	1	1.0
1282	3	1.0
1279	1	1.0
1734	4	1.0
1736	1	1.0
2563	3	1.0
2131	2	1.0
815	3	1.0
352	3	1.0
2550	3	1.0
2552	5	1.0
350	3	1.0
2134	2	1.0
1713	7	1.0
355	3	1.0
817	3	1.0
819	1	1.0
2137	4	1.0
2546	3	1.0
2136	3	1.0
1725	3	1.0
2547	4	1.0
2549	7	1.0
1249	1	1.0
2172	6	1.0
834	2	1.0
2174	2	1.0
314	1	1.0
831	3	1.0
302	3	1.0
2532	4	1.0
2178	2	1.0
1254	5	1.0
2530	4	1.0
304	1	1.0
305	3	1.0
1250	2	1.0
2535	6	1.0
2181	7	1.0
1709	7	1.0
2536	3	1.0
1707	1	1.0
1691	2	1.0
843	5	1.0
2524	3	1.0
325	4	1.0
842	4	1.0
2523	3	1.0
1689	2	1.0
1259	3	1.0
2527	3	1.0
1268	7	1.0
2164	6	1.0
2517	2	1.0
848	7	1.0
1264	1	1.0
1694	5	1.0
1693	7	1.0
2519	2	1.0
1568	7	1.0
278	5	1.0
646	4	1.0
2507	4	1.0
277	4	1.0
276	4	1.0
1985	2	1.0
1574	5	1.0
275	5	1.0
1983	4	1.0
1107	2	1.0
287	6	1.0
1981	2	1.0
1106	7	1.0
2515	4	1.0
640	4	1.0
1563	3	1.0
1110	7	1.0
1979	4	1.0
636	7	1.0
1567	7	1.0
293	4	1.0
1128	2	1.0
1130	3	1.0
655	6	1.0
288	7	1.0
1969	3	1.0
289	1	1.0
1129	4	1.0
1560	3	1.0
657	5	1.0
651	5	1.0
1120	3	1.0
1121	3	1.0
298	3	1.0
1967	3	1.0
1551	7	1.0
1123	1	1.0
2498	3	1.0
1543	1	1.0
674	3	1.0
252	7	1.0
672	5	1.0
2476	7	1.0
2013	7	1.0
669	3	1.0
1536	1	1.0
668	3	1.0
666	3	1.0
2010	6	1.0
2005	7	1.0
1083	6	1.0
2466	1	1.0
2467	1	1.0
1098	4	1.0
688	3	1.0
2464	4	1.0
266	2	1.0
1100	2	1.0
1997	3	1.0
1101	3	1.0
684	1	1.0
2462	4	1.0
1998	3	1.0
685	4	1.0
261	4	1.0
1531	2	1.0
681	3	1.0
1994	4	1.0
1091	3	1.0
272	3	1.0
2471	2	1.0
679	3	1.0
1520	6	1.0
677	3	1.0
1991	3	1.0
268	7	1.0
2470	3	1.0
2041	7	1.0
219	4	1.0
702	3	1.0
701	7	1.0
1621	6	1.0
228	7	1.0
2455	3	1.0
2038	1	1.0
2458	3	1.0
693	7	1.0
231	3	1.0
2457	4	1.0
230	3	1.0
2459	4	1.0
1160	2	1.0
2035	4	1.0
694	3	1.0
234	3	1.0
2027	3	1.0
2435	4	1.0
1185	2	1.0
713	2	1.0
1182	7	1.0
2437	6	1.0
714	4	1.0
2031	2	1.0
1183	6	1.0
236	3	1.0
2438	5	1.0
704	3	1.0
2441	3	1.0
2020	3	1.0
1178	6	1.0
2442	6	1.0
245	3	1.0
2023	4	1.0
246	1	1.0
1603	4	1.0
2021	3	1.0
708	6	1.0
1604	2	1.0
726	4	1.0
1143	2	1.0
2066	2	1.0
194	3	1.0
1144	2	1.0
195	3	1.0
2072	1	1.0
728	2	1.0
2071	6	1.0
196	6	1.0
1595	2	1.0
201	3	1.0
2427	6	1.0
1138	5	1.0
200	7	1.0
2061	1	1.0
1592	3	1.0
1137	2	1.0
1591	2	1.0
1590	5	1.0
1132	2	1.0
721	3	1.0
2065	4	1.0
203	3	1.0
2052	5	1.0
1156	1	1.0
2407	5	1.0
2408	2	1.0
738	3	1.0
207	3	1.0
743	4	1.0
2057	3	1.0
1155	1	1.0
2045	3	1.0
1581	2	1.0
731	3	1.0
1151	3	1.0
2413	5	1.0
215	3	1.0
1147	3	1.0
1575	1	1.0
217	6	1.0
1148	4	1.0
2051	3	1.0
