748	3	1.0
2144	3	1.0
1405	2	1.0
1510	3	1.0
2623	1	1.0
2246	1	1.0
631	3	1.0
697	3	1.0
513	3	1.0
1941	2	1.0
1114	2	1.0
1672	7	1.0
454	7	1.0
2564	2	1.0
2656	5	1.0
645	5	1.0
1777	6	1.0
2041	7	1.0
572	7	1.0
280	4	1.0
881	2	1.0
1882	6	1.0
107	6	1.0
986	4	1.0
158	7	1.0
514	4	1.0
1881	2	1.0
1450	7	1.0
1037	2	1.0
2195	6	1.0
1568	7	1.0
2145	4	1.0
1406	3	1.0
882	3	1.0
106	4	1.0
1673	3	1.0
1172	3	1.0
1276	6	1.0
1731	2	1.0
2298	7	1.0
398	3	1.0
279	4	1.0
644	1	1.0
1347	3	1.0
2247	7	1.0
41	7	1.0
395	3	1.0
1880	3	1.0
1939	4	1.0
1629	2	1.0
2196	6	1.0
984	1	1.0
2449	3	1.0
1512	3	1.0
2090	2	1.0
1274	7	1.0
39	2	1.0
157	6	1.0
1407	3	1.0
750	5	1.0
1732	4	1.0
1171	7	1.0
1453	3	1.0
633	4	1.0
278	5	1.0
1348	4	1.0
456	5	1.0
220	2	1.0
2142	7	1.0
2566	1	1.0
2625	2	1.0
1036	2	1.0
2143	6	1.0
2197	2	1.0
40	5	1.0
646	4	1.0
1835	2	1.0
1674	2	1.0
932	7	1.0
2655	4	1.0
983	2	1.0
1349	1	1.0
2507	4	1.0
751	5	1.0
219	4	1.0
1035	2	1.0
880	5	1.0
1938	4	1.0
2249	2	1.0
393	4	1.0
2295	1	1.0
1624	3	1.0
2503	1	1.0
277	4	1.0
576	5	1.0
1781	5	1.0
700	5	1.0
457	7	1.0
509	7	1.0
1117	3	1.0
2451	6	1.0
2147	7	1.0
1455	3	1.0
1402	1	1.0
803	4	1.0
276	4	1.0
394	3	1.0
2569	1	1.0
1985	2	1.0
2294	4	1.0
1351	1	1.0
45	1	1.0
2502	3	1.0
1676	2	1.0
879	3	1.0
1728	7	1.0
1221	3	1.0
641	7	1.0
1273	3	1.0
2191	6	1.0
1403	3	1.0
627	3	1.0
804	2	1.0
224	6	1.0
982	1	1.0
510	6	1.0
1040	1	1.0
342	3	1.0
1574	5	1.0
702	3	1.0
275	5	1.0
578	4	1.0
2621	4	1.0
1167	7	1.0
2356	3	1.0
2192	3	1.0
643	4	1.0
2453	3	1.0
1404	4	1.0
42	4	1.0
2087	2	1.0
161	3	1.0
981	3	1.0
1831	1	1.0
392	3	1.0
1508	4	1.0
630	1	1.0
1219	2	1.0
341	3	1.0
1039	3	1.0
877	7	1.0
806	3	1.0
1780	5	1.0
747	3	1.0
1115	2	1.0
1353	3	1.0
701	7	1.0
101	2	1.0
936	2	1.0
1271	7	1.0
160	7	1.0
1883	1	1.0
2193	2	1.0
629	3	1.0
274	2	1.0
460	7	1.0
43	2	1.0
1983	4	1.0
2570	3	1.0
2452	2	1.0
100	4	1.0
2663	3	1.0
461	5	1.0
2306	5	1.0
1224	7	1.0
2557	1	1.0
1889	7	1.0
874	3	1.0
2099	7	1.0
993	1	1.0
1621	6	1.0
331	3	1.0
1770	2	1.0
152	7	1.0
1398	4	1.0
1948	3	1.0
1107	2	1.0
228	7	1.0
926	3	1.0
287	6	1.0
99	7	1.0
1738	2	1.0
2240	3	1.0
2100	7	1.0
1283	3	1.0
875	3	1.0
927	7	1.0
2664	6	1.0
2512	7	1.0
637	5	1.0
462	3	1.0
1340	7	1.0
1981	2	1.0
48	1	1.0
992	1	1.0
1044	3	1.0
2617	1	1.0
1399	3	1.0
2357	7	1.0
808	5	1.0
1106	7	1.0
2152	1	1.0
1460	5	1.0
2359	3	1.0
2241	6	1.0
463	3	1.0
46	5	1.0
1946	4	1.0
2515	4	1.0
1400	3	1.0
640	4	1.0
1519	2	1.0
2661	4	1.0
809	3	1.0
2189	6	1.0
2662	4	1.0
566	5	1.0
2358	3	1.0
2619	7	1.0
2514	3	1.0
150	1	1.0
1459	4	1.0
1104	3	1.0
226	1	1.0
1769	5	1.0
2242	4	1.0
1042	3	1.0
522	6	1.0
1945	6	1.0
2190	6	1.0
389	3	1.0
1563	3	1.0
1886	3	1.0
2455	3	1.0
47	3	1.0
2098	4	1.0
1828	7	1.0
1518	3	1.0
98	3	1.0
1681	1	1.0
1282	3	1.0
930	4	1.0
1110	7	1.0
1826	3	1.0
2038	1	1.0
1944	2	1.0
621	3	1.0
1048	1	1.0
1279	1	1.0
156	4	1.0
1343	3	1.0
810	3	1.0
2154	4	1.0
2458	3	1.0
2613	3	1.0
2561	7	1.0
2184	5	1.0
464	5	1.0
2510	7	1.0
1774	3	1.0
2666	1	1.0
1734	4	1.0
1979	4	1.0
693	7	1.0
1683	4	1.0
231	3	1.0
1943	4	1.0
1396	2	1.0
2614	2	1.0
2457	4	1.0
335	7	1.0
155	3	1.0
2301	6	1.0
2509	7	1.0
52	4	1.0
752	3	1.0
465	4	1.0
387	3	1.0
1735	2	1.0
2185	1	1.0
1775	3	1.0
283	3	1.0
872	4	1.0
2243	4	1.0
96	4	1.0
1280	2	1.0
1397	2	1.0
636	7	1.0
2665	2	1.0
812	2	1.0
1515	7	1.0
1942	4	1.0
928	1	1.0
49	4	1.0
1684	7	1.0
230	3	1.0
1277	4	1.0
869	5	1.0
1977	1	1.0
988	4	1.0
1736	1	1.0
1567	7	1.0
2363	4	1.0
571	3	1.0
282	5	1.0
466	5	1.0
518	7	1.0
2153	2	1.0
1825	7	1.0
94	4	1.0
2459	4	1.0
1160	2	1.0
987	1	1.0
2035	4	1.0
2563	3	1.0
467	5	1.0
50	1	1.0
1685	6	1.0
1278	2	1.0
929	1	1.0
386	5	1.0
1618	1	1.0
1226	2	1.0
334	5	1.0
2245	1	1.0
870	4	1.0
1462	3	1.0
2362	2	1.0
694	3	1.0
153	3	1.0
2511	4	1.0
2303	2	1.0
2209	4	1.0
2131	2	1.0
1392	2	1.0
971	2	1.0
234	3	1.0
144	3	1.0
558	4	1.0
920	3	1.0
815	3	1.0
1792	5	1.0
2364	2	1.0
710	3	1.0
2312	4	1.0
441	5	1.0
293	4	1.0
658	5	1.0
1851	2	1.0
2261	3	1.0
2551	6	1.0
1895	4	1.0
1333	2	1.0
27	3	1.0
352	3	1.0
1128	2	1.0
1391	7	1.0
972	4	1.0
919	3	1.0
294	3	1.0
2027	3	1.0
440	3	1.0
499	4	1.0
2078	2	1.0
145	3	1.0
1896	3	1.0
2550	3	1.0
762	7	1.0
1289	4	1.0
93	5	1.0
2260	2	1.0
1231	2	1.0
1496	2	1.0
1614	4	1.0
1658	3	1.0
1438	4	1.0
26	7	1.0
143	3	1.0
1125	7	1.0
1790	3	1.0
816	2	1.0
1230	3	1.0
1497	1	1.0
2553	3	1.0
2612	3	1.0
410	3	1.0
2493	4	1.0
866	7	1.0
712	4	1.0
2210	5	1.0
501	5	1.0
1498	1	1.0
2435	4	1.0
2668	2	1.0
92	3	1.0
25	5	1.0
560	5	1.0
764	3	1.0
1185	2	1.0
2128	4	1.0
713	2	1.0
2552	5	1.0
292	3	1.0
350	3	1.0
2366	6	1.0
1789	3	1.0
1894	3	1.0
2674	2	1.0
2264	3	1.0
1492	7	1.0
759	2	1.0
1182	7	1.0
865	3	1.0
2308	3	1.0
290	1	1.0
89	7	1.0
1898	7	1.0
613	1	1.0
1287	2	1.0
2436	3	1.0
496	4	1.0
1440	2	1.0
2205	2	1.0
818	1	1.0
1130	3	1.0
1235	6	1.0
2367	4	1.0
1026	7	1.0
2488	7	1.0
356	3	1.0
2607	3	1.0
1389	7	1.0
864	3	1.0
2134	2	1.0
1493	7	1.0
2437	6	1.0
1846	5	1.0
1899	4	1.0
2368	7	1.0
2673	3	1.0
714	4	1.0
1713	7	1.0
1558	5	1.0
655	6	1.0
239	3	1.0
562	3	1.0
2606	1	1.0
2031	2	1.0
355	3	1.0
1336	4	1.0
1131	2	1.0
1183	6	1.0
1441	5	1.0
817	3	1.0
923	1	1.0
149	5	1.0
288	7	1.0
236	3	1.0
1233	2	1.0
406	3	1.0
498	7	1.0
2608	1	1.0
446	1	1.0
761	1	1.0
966	2	1.0
146	2	1.0
563	5	1.0
2672	3	1.0
1559	2	1.0
1969	3	1.0
2438	5	1.0
2556	7	1.0
615	7	1.0
289	1	1.0
921	3	1.0
1612	2	1.0
1663	2	1.0
1715	4	1.0
445	3	1.0
819	1	1.0
2206	2	1.0
88	6	1.0
967	2	1.0
147	3	1.0
2311	1	1.0
1129	4	1.0
1284	3	1.0
616	7	1.0
1949	3	1.0
1560	3	1.0
657	5	1.0
1666	1	1.0
1547	5	1.0
651	5	1.0
770	2	1.0
610	3	1.0
2319	4	1.0
1606	7	1.0
2254	6	1.0
861	2	1.0
978	7	1.0
1502	3	1.0
2019	5	1.0
507	5	1.0
1327	4	1.0
241	2	1.0
1120	3	1.0
1443	6	1.0
2371	3	1.0
769	4	1.0
86	5	1.0
1843	4	1.0
704	3	1.0
1903	3	1.0
652	3	1.0
2201	2	1.0
2677	3	1.0
860	7	1.0
2441	3	1.0
404	2	1.0
1180	3	1.0
1503	4	1.0
2137	4	1.0
345	6	1.0
2085	3	1.0
1031	2	1.0
34	3	1.0
2020	3	1.0
2602	3	1.0
552	5	1.0
138	4	1.0
1121	3	1.0
242	3	1.0
506	3	1.0
1237	7	1.0
2372	1	1.0
298	3	1.0
1118	2	1.0
1783	5	1.0
2546	3	1.0
1328	6	1.0
2018	4	1.0
1028	7	1.0
2136	3	1.0
344	2	1.0
450	1	1.0
508	7	1.0
2605	2	1.0
2204	3	1.0
1900	4	1.0
1445	7	1.0
2084	3	1.0
1842	5	1.0
1549	4	1.0
1387	7	1.0
611	3	1.0
976	3	1.0
449	2	1.0
1178	6	1.0
2501	3	1.0
2675	3	1.0
1725	3	1.0
911	2	1.0
1901	4	1.0
706	3	1.0
2255	2	1.0
1782	6	1.0
2604	3	1.0
2442	6	1.0
1967	3	1.0
1841	2	1.0
240	5	1.0
2203	2	1.0
85	4	1.0
32	3	1.0
1505	4	1.0
1960	2	1.0
2083	2	1.0
245	3	1.0
2198	7	1.0
503	5	1.0
1447	3	1.0
1033	7	1.0
1382	4	1.0
2023	4	1.0
975	2	1.0
858	1	1.0
2443	5	1.0
1175	7	1.0
1964	6	1.0
1330	7	1.0
1294	3	1.0
2681	3	1.0
606	3	1.0
1721	6	1.0
1669	3	1.0
451	4	1.0
401	7	1.0
2374	3	1.0
2257	3	1.0
1499	1	1.0
1551	7	1.0
555	5	1.0
2316	7	1.0
2024	3	1.0
142	2	1.0
246	1	1.0
37	3	1.0
2082	4	1.0
2680	4	1.0
1965	7	1.0
2256	2	1.0
2547	4	1.0
1603	4	1.0
1958	5	1.0
1906	2	1.0
2375	3	1.0
1788	3	1.0
1962	6	1.0
1671	2	1.0
2317	2	1.0
1384	3	1.0
1552	3	1.0
973	2	1.0
608	3	1.0
1449	1	1.0
1332	2	1.0
348	4	1.0
2376	4	1.0
2021	3	1.0
708	6	1.0
2679	3	1.0
1604	2	1.0
1787	7	1.0
1122	1	1.0
609	3	1.0
1291	7	1.0
2318	2	1.0
35	5	1.0
81	3	1.0
399	4	1.0
2199	7	1.0
2549	7	1.0
914	4	1.0
1331	2	1.0
452	5	1.0
1605	3	1.0
1786	2	1.0
709	3	1.0
557	7	1.0
767	3	1.0
140	2	1.0
1123	1	1.0
1722	6	1.0
2498	3	1.0
1543	1	1.0
487	1	1.0
605	3	1.0
777	4	1.0
959	2	1.0
1379	5	1.0
726	4	1.0
2597	4	1.0
2328	7	1.0
1143	2	1.0
2118	3	1.0
1246	3	1.0
133	5	1.0
1602	3	1.0
2380	2	1.0
829	3	1.0
2538	3	1.0
1063	7	1.0
1424	3	1.0
2066	2	1.0
546	3	1.0
184	1	1.0
674	3	1.0
1380	2	1.0
2276	3	1.0
2379	3	1.0
830	3	1.0
2224	3	1.0
1483	7	1.0
1011	6	1.0
2119	5	1.0
429	6	1.0
132	4	1.0
1647	2	1.0
1852	3	1.0
1319	3	1.0
1703	7	1.0
2479	2	1.0
135	3	1.0
426	5	1.0
1854	7	1.0
673	7	1.0
1189	3	1.0
2222	4	1.0
194	3	1.0
68	4	1.0
1378	1	1.0
1644	5	1.0
252	7	1.0
2687	3	1.0
1600	5	1.0
776	5	1.0
1541	5	1.0
2120	3	1.0
187	5	1.0
2596	3	1.0
672	5	1.0
2688	5	1.0
427	6	1.0
1144	2	1.0
1809	7	1.0
486	4	1.0
1249	1	1.0
2223	5	1.0
2274	7	1.0
2478	3	1.0
186	4	1.0
1085	1	1.0
962	2	1.0
1013	5	1.0
193	3	1.0
2419	7	1.0
724	4	1.0
311	3	1.0
2172	6	1.0
603	2	1.0
431	7	1.0
195	3	1.0
2070	4	1.0
1908	4	1.0
364	3	1.0
11	3	1.0
2114	7	1.0
2682	3	1.0
2594	1	1.0
1751	6	1.0
1324	3	1.0
2325	7	1.0
730	4	1.0
1856	1	1.0
1546	4	1.0
963	3	1.0
1855	1	1.0
432	7	1.0
1650	5	1.0
2476	7	1.0
129	5	1.0
2115	4	1.0
834	2	1.0
2383	3	1.0
12	2	1.0
1244	3	1.0
1192	7	1.0
2631	2	1.0
2174	2	1.0
1377	5	1.0
1545	2	1.0
1427	1	1.0
2684	3	1.0
1090	1	1.0
1010	2	1.0
1069	3	1.0
600	3	1.0
314	1	1.0
2116	4	1.0
772	3	1.0
190	2	1.0
249	4	1.0
2277	1	1.0
2072	1	1.0
2382	3	1.0
728	2	1.0
1374	3	1.0
13	4	1.0
131	7	1.0
1858	4	1.0
2013	7	1.0
2175	5	1.0
1322	3	1.0
831	3	1.0
430	4	1.0
669	3	1.0
2632	3	1.0
2323	3	1.0
905	4	1.0
73	3	1.0
773	4	1.0
483	1	1.0
1478	3	1.0
1009	6	1.0
2117	2	1.0
1909	4	1.0
2278	2	1.0
315	6	1.0
2071	6	1.0
189	2	1.0
965	2	1.0
196	6	1.0
14	1	1.0
1700	1	1.0
1245	6	1.0
367	3	1.0
1806	1	1.0
1857	4	1.0
2219	3	1.0
547	2	1.0
2633	3	1.0
1068	3	1.0
482	7	1.0
1595	2	1.0
2125	3	1.0
1253	3	1.0
126	3	1.0
2692	3	1.0
900	3	1.0
1653	3	1.0
836	1	1.0
361	3	1.0
2008	5	1.0
1918	2	1.0
598	6	1.0
952	1	1.0
1536	1	1.0
784	1	1.0
1741	2	1.0
302	3	1.0
1194	5	1.0
540	1	1.0
2387	3	1.0
1432	3	1.0
2335	2	1.0
1314	3	1.0
668	3	1.0
1490	6	1.0
2386	3	1.0
2428	3	1.0
2693	1	1.0
901	2	1.0
1535	1	1.0
953	4	1.0
125	3	1.0
1654	1	1.0
2532	4	1.0
1594	4	1.0
2634	7	1.0
539	2	1.0
2178	2	1.0
2059	2	1.0
257	1	1.0
785	3	1.0
1254	5	1.0
1742	5	1.0
2269	3	1.0
667	3	1.0
177	6	1.0
1070	2	1.0
2334	7	1.0
1373	4	1.0
201	3	1.0
2427	6	1.0
2385	4	1.0
2267	4	1.0
1072	6	1.0
783	3	1.0
902	1	1.0
303	6	1.0
954	2	1.0
666	3	1.0
1138	5	1.0
2010	6	1.0
2530	4	1.0
362	2	1.0
1710	3	1.0
433	6	1.0
2333	2	1.0
23	2	1.0
1196	3	1.0
1861	1	1.0
128	3	1.0
1801	4	1.0
179	6	1.0
2268	2	1.0
200	7	1.0
1372	2	1.0
127	4	1.0
955	4	1.0
1197	3	1.0
76	1	1.0
304	1	1.0
1488	3	1.0
717	3	1.0
2061	1	1.0
2636	1	1.0
434	6	1.0
1592	3	1.0
1256	4	1.0
2127	6	1.0
24	4	1.0
1137	2	1.0
1802	3	1.0
2695	7	1.0
2216	1	1.0
1863	7	1.0
2272	2	1.0
2390	4	1.0
2587	5	1.0
254	3	1.0
2637	6	1.0
305	3	1.0
1081	3	1.0
1133	7	1.0
1539	3	1.0
781	2	1.0
1074	6	1.0
357	3	1.0
1591	2	1.0
2005	7	1.0
1250	2	1.0
123	3	1.0
840	3	1.0
2535	6	1.0
18	3	1.0
1080	3	1.0
19	3	1.0
1370	2	1.0
2331	2	1.0
181	3	1.0
1073	3	1.0
1318	1	1.0
2273	3	1.0
1435	6	1.0
2483	1	1.0
2063	1	1.0
1745	3	1.0
253	5	1.0
2181	7	1.0
663	3	1.0
1862	7	1.0
956	7	1.0
1590	5	1.0
78	3	1.0
1709	7	1.0
122	3	1.0
898	4	1.0
1797	2	1.0
2536	3	1.0
1132	2	1.0
2431	5	1.0
20	3	1.0
2330	7	1.0
2006	7	1.0
1135	2	1.0
2211	7	1.0
359	4	1.0
2639	2	1.0
662	4	1.0
1315	5	1.0
1367	3	1.0
1083	6	1.0
779	7	1.0
1076	3	1.0
721	3	1.0
957	2	1.0
1538	1	1.0
204	3	1.0
2123	1	1.0
1486	3	1.0
2065	4	1.0
2482	7	1.0
1252	3	1.0
255	3	1.0
1707	1	1.0
2691	7	1.0
21	7	1.0
489	7	1.0
2329	5	1.0
1485	7	1.0
780	3	1.0
2429	4	1.0
1075	7	1.0
2124	1	1.0
1016	4	1.0
1537	2	1.0
1655	4	1.0
1916	3	1.0
182	7	1.0
2271	3	1.0
203	3	1.0
1747	3	1.0
1368	1	1.0
946	4	1.0
1692	2	1.0
170	3	1.0
415	1	1.0
2052	5	1.0
2290	1	1.0
1156	1	1.0
997	4	1.0
54	2	1.0
2466	1	1.0
1366	3	1.0
264	3	1.0
844	5	1.0
739	5	1.0
1821	3	1.0
2341	3	1.0
1049	1	1.0
2238	2	1.0
2393	2	1.0
2000	2	1.0
2407	5	1.0
2700	4	1.0
591	3	1.0
1528	4	1.0
894	6	1.0
2583	3	1.0
1866	3	1.0
414	3	1.0
2289	4	1.0
945	4	1.0
381	2	1.0
1691	2	1.0
2394	3	1.0
1762	4	1.0
2467	1	1.0
53	7	1.0
791	7	1.0
171	4	1.0
1820	6	1.0
1260	6	1.0
1925	7	1.0
1098	4	1.0
1470	7	1.0
2408	2	1.0
688	3	1.0
998	6	1.0
843	5	1.0
1	3	1.0
2001	4	1.0
2464	4	1.0
1306	2	1.0
2524	3	1.0
1051	7	1.0
1823	3	1.0
1468	2	1.0
1867	3	1.0
686	3	1.0
3	5	1.0
2288	4	1.0
1631	3	1.0
413	5	1.0
738	3	1.0
999	4	1.0
530	3	1.0
325	4	1.0
120	6	1.0
1409	2	1.0
1204	3	1.0
1926	2	1.0
207	3	1.0
589	5	1.0
1158	3	1.0
2002	2	1.0
55	7	1.0
948	1	1.0
842	4	1.0
472	5	1.0
2003	4	1.0
2523	3	1.0
2642	2	1.0
1822	3	1.0
2701	4	1.0
1052	3	1.0
531	2	1.0
2340	6	1.0
2158	1	1.0
1927	4	1.0
1262	2	1.0
2236	4	1.0
1203	5	1.0
383	7	1.0
1364	7	1.0
471	1	1.0
266	2	1.0
1689	2	1.0
2392	7	1.0
2106	3	1.0
121	2	1.0
1763	7	1.0
1000	4	1.0
1305	1	1.0
1100	2	1.0
2410	3	1.0
1466	1	1.0
2235	4	1.0
57	7	1.0
1766	4	1.0
1997	3	1.0
1101	3	1.0
2338	3	1.0
994	4	1.0
684	1	1.0
379	7	1.0
1206	2	1.0
743	4	1.0
2102	2	1.0
174	5	1.0
1363	2	1.0
1257	6	1.0
2462	4	1.0
2160	4	1.0
260	1	1.0
588	3	1.0
116	4	1.0
2696	7	1.0
326	4	1.0
1998	3	1.0
685	4	1.0
890	4	1.0
995	1	1.0
2339	1	1.0
261	4	1.0
175	3	1.0
1765	4	1.0
1053	3	1.0
1817	5	1.0
2057	3	1.0
378	3	1.0
2293	4	1.0
536	7	1.0
59	3	1.0
1768	5	1.0
951	4	1.0
846	3	1.0
262	3	1.0
380	6	1.0
1207	2	1.0
2103	2	1.0
1412	3	1.0
2233	2	1.0
1871	4	1.0
2579	4	1.0
1259	3	1.0
2336	3	1.0
682	2	1.0
417	4	1.0
787	7	1.0
1309	4	1.0
1155	1	1.0
2527	3	1.0
2409	5	1.0
786	1	1.0
2058	1	1.0
1360	3	1.0
1531	2	1.0
263	1	1.0
176	3	1.0
1686	2	1.0
468	4	1.0
586	6	1.0
1767	3	1.0
416	2	1.0
534	4	1.0
1258	2	1.0
2291	6	1.0
2526	4	1.0
1103	6	1.0
1819	3	1.0
2337	3	1.0
1465	3	1.0
1583	4	1.0
2646	1	1.0
887	3	1.0
1004	7	1.0
212	4	1.0
1640	3	1.0
2518	3	1.0
2648	5	1.0
1699	1	1.0
1580	3	1.0
2283	6	1.0
2577	3	1.0
1268	7	1.0
939	2	1.0
2164	6	1.0
681	3	1.0
271	4	1.0
2348	2	1.0
2045	3	1.0
2400	1	1.0
525	3	1.0
886	7	1.0
1994	4	1.0
2415	3	1.0
850	6	1.0
1091	3	1.0
2473	5	1.0
1477	2	1.0
1581	2	1.0
316	3	1.0
1300	2	1.0
164	2	1.0
526	7	1.0
374	6	1.0
480	1	1.0
60	3	1.0
2647	2	1.0
1057	3	1.0
1208	2	1.0
1267	3	1.0
1755	5	1.0
938	1	1.0
377	4	1.0
849	7	1.0
272	3	1.0
1358	4	1.0
2398	3	1.0
731	3	1.0
1211	1	1.0
523	7	1.0
1995	4	1.0
1006	3	1.0
113	3	1.0
797	3	1.0
1816	3	1.0
2517	2	1.0
1299	3	1.0
2471	2	1.0
679	3	1.0
1151	3	1.0
582	1	1.0
1520	6	1.0
732	3	1.0
2113	3	1.0
2281	2	1.0
524	2	1.0
114	3	1.0
478	5	1.0
2048	2	1.0
1475	2	1.0
1357	3	1.0
2413	5	1.0
848	7	1.0
1298	6	1.0
1093	7	1.0
2708	3	1.0
940	3	1.0
1637	1	1.0
1696	1	1.0
2472	1	1.0
1815	3	1.0
376	7	1.0
419	7	1.0
2516	2	1.0
2469	4	1.0
1990	1	1.0
2167	4	1.0
1759	5	1.0
1146	3	1.0
736	6	1.0
2049	1	1.0
854	7	1.0
677	3	1.0
1876	7	1.0
2403	2	1.0
1264	1	1.0
528	3	1.0
1304	2	1.0
372	4	1.0
2287	2	1.0
943	2	1.0
477	3	1.0
1421	1	1.0
215	3	1.0
425	7	1.0
1643	1	1.0
2228	3	1.0
884	1	1.0
580	3	1.0
2404	1	1.0
529	3	1.0
63	4	1.0
942	2	1.0
168	5	1.0
1422	3	1.0
2651	6	1.0
1147	3	1.0
2573	3	1.0
1303	1	1.0
1694	5	1.0
2703	2	1.0
1991	3	1.0
1642	4	1.0
2418	4	1.0
1929	3	1.0
678	3	1.0
268	7	1.0
1810	1	1.0
2470	3	1.0
1575	1	1.0
2343	7	1.0
217	6	1.0
1693	7	1.0
1878	1	1.0
1061	2	1.0
1302	6	1.0
1148	4	1.0
2705	2	1.0
1471	3	1.0
1992	4	1.0
2169	7	1.0
1214	5	1.0
1419	3	1.0
66	2	1.0
944	2	1.0
2110	3	1.0
1096	7	1.0
2572	3	1.0
1002	1	1.0
734	5	1.0
269	3	1.0
2402	4	1.0
373	2	1.0
6	4	1.0
2519	2	1.0
1812	3	1.0
423	2	1.0
218	3	1.0
2168	4	1.0
2051	3	1.0
2571	3	1.0
2416	1	1.0
321	3	1.0
885	7	1.0
1097	2	1.0
1213	1	1.0
1524	2	1.0
111	3	1.0
1003	1	1.0
