631	7
631	6
631	8
631	3
631	2
631	5
631	4
631	1
986	7
1882	7
986	8
1882	8
986	5
1882	5
986	6
1882	6
986	3
1882	3
986	4
1882	4
986	1
1882	1
986	2
1882	2
1881	1
1881	3
158	8
158	5
1450	8
158	6
158	3
158	4
1450	3
158	1
1450	4
158	2
1450	5
630	8
1450	6
630	7
630	6
630	5
1450	1
630	4
1450	2
630	3
2298	8
2298	7
1881	8
2298	4
2298	3
2298	6
2298	5
1881	4
1881	5
1881	6
2298	2
1881	7
2298	1
984	4
1880	4
157	8
984	3
1880	3
984	2
1880	2
1880	1
984	8
1880	8
633	1
984	7
1880	7
984	6
1880	6
633	3
984	5
1880	5
633	2
157	1
157	2
157	3
157	4
157	5
157	7
1453	8
1453	3
1453	2
633	5
1453	1
633	6
633	7
1453	7
633	8
1453	6
1453	5
1453	4
983	7
983	6
983	8
156	7
156	8
983	1
156	5
156	6
983	3
983	2
983	5
983	4
2295	5
2295	4
982	7
2295	3
982	8
2295	2
982	5
2295	1
982	6
982	3
982	4
2295	8
2295	7
2295	6
1455	4
1455	5
1455	2
1455	1
2294	8
2294	7
981	8
2294	4
2294	3
2294	6
2294	5
627	1
627	8
627	7
627	6
627	5
627	4
627	2
982	2
629	8
161	1
161	2
981	3
161	4
981	2
161	5
981	1
161	6
161	7
981	7
161	8
981	6
981	5
630	2
981	4
1455	7
1455	6
1455	8
160	3
160	4
160	1
160	2
160	8
160	5
160	6
1883	3
629	3
1883	2
629	2
1883	5
629	1
1883	4
1883	7
629	7
1883	6
629	6
629	5
1883	8
629	4
993	8
1889	8
2306	4
2306	3
2306	6
2306	5
993	4
1889	4
993	5
1889	5
993	6
1889	6
2306	2
993	7
2306	1
1889	1
993	2
1889	2
993	3
1889	3
152	8
152	5
152	6
152	3
152	4
152	1
152	2
992	7
992	8
992	5
992	6
992	3
992	4
992	1
992	2
1460	6
1460	8
1460	7
1460	2
1460	1
1460	4
1460	3
150	5
150	6
150	3
150	4
150	7
150	8
150	2
150	1
1459	5
1459	3
1459	2
1459	8
1459	7
1459	6
1886	6
1886	5
1886	4
1886	3
1459	1
1886	8
1886	7
149	8
2306	7
2306	8
1886	2
1886	1
621	7
621	6
621	5
621	4
621	2
621	1
156	3
1462	1
156	1
1462	2
156	2
621	8
155	1
155	6
155	7
155	8
155	2
155	3
155	4
155	5
2301	7
2301	5
2301	4
988	7
2301	3
988	8
2301	2
988	5
2301	1
988	6
2301	8
988	2
988	1
988	3
2303	8
153	4
153	5
2303	6
153	6
2303	7
153	7
153	8
987	5
987	4
987	3
987	2
987	8
987	7
987	6
1462	6
1462	5
1462	4
1462	8
1462	7
2303	1
2303	5
153	1
2303	4
2303	3
153	3
153	2
971	3
971	2
971	5
971	4
971	7
971	6
971	8
144	4
144	1
144	2
144	7
144	8
971	1
144	5
144	6
1895	6
2312	2
1895	7
2312	1
1895	8
2312	3
2312	6
2312	5
2312	8
2312	7
1895	1
1895	2
1895	3
1895	4
1895	5
145	4
145	5
145	6
145	7
145	8
972	3
972	2
972	1
145	1
145	2
1896	4
1896	1
1896	2
1896	7
1896	8
1896	5
1896	6
972	7
972	8
972	5
972	6
1438	7
1438	8
1438	3
1438	5
1438	6
1438	1
1438	2
143	5
143	4
143	2
143	1
1894	2
1894	1
143	6
143	7
143	8
1894	7
1894	8
1894	5
1894	6
1894	3
1894	4
1898	1
1898	2
1898	3
2308	2
1898	4
2308	1
1898	5
2308	4
1898	6
2308	6
613	2
1898	8
2308	5
613	3
2308	8
2308	7
613	6
613	7
613	4
613	5
1440	1
1440	2
1440	3
1440	4
613	8
1440	5
1440	6
1440	7
1440	8
1899	1
1899	5
1899	2
1899	3
1899	8
1899	6
1899	7
1441	2
1441	3
1441	1
1441	6
1441	7
149	1
1441	4
149	2
1441	5
149	3
149	4
149	5
1441	8
149	6
149	7
146	6
146	5
966	1
146	4
146	3
146	1
966	8
615	5
966	7
615	4
615	3
615	2
966	4
615	1
966	3
966	6
146	7
966	5
146	8
615	8
615	6
147	1
967	5
2311	4
147	6
967	4
2311	5
147	7
967	3
2311	2
147	8
2311	3
967	1
147	2
147	3
147	4
147	5
616	6
1443	1
616	5
616	8
2311	8
616	2
967	8
616	1
967	7
2311	6
616	4
967	6
2311	7
616	3
2319	1
610	1
610	2
2319	5
610	3
2319	4
610	4
2319	3
610	5
2319	2
610	6
978	8
978	2
978	1
978	6
978	5
978	4
978	3
1443	4
1443	5
1443	2
1443	3
1443	8
1443	7
1903	1
1903	2
1903	3
611	1
1903	4
1903	5
138	7
138	8
2319	6
138	1
2319	7
138	2
2319	8
610	8
610	7
138	5
138	6
138	3
1900	7
1900	8
1900	5
1445	8
1900	6
1445	6
1900	4
1900	3
1445	4
1900	2
1445	5
1900	1
1445	2
1445	3
1445	1
976	8
611	7
976	7
611	6
976	6
976	5
611	8
976	4
611	3
976	3
611	2
976	2
611	5
976	1
611	4
1901	8
1901	4
1901	5
1901	6
1901	7
1901	1
1901	2
1901	3
1447	1
1447	4
1447	5
1447	2
975	1
1447	8
1447	6
1447	7
975	5
975	4
975	3
606	1
606	2
606	4
606	5
606	6
606	7
606	8
1906	8
2316	5
1906	7
2316	6
2316	7
2316	8
142	1
142	2
142	5
142	6
142	3
142	4
142	7
142	8
975	6
975	7
975	8
1906	1
1906	3
2316	2
1906	4
2316	1
1906	5
2316	4
1906	6
2316	3
973	7
2317	6
608	6
973	6
2317	7
608	5
973	5
2317	4
608	8
973	4
2317	5
608	7
973	3
608	2
2317	3
608	1
973	1
608	4
2317	1
1449	2
1449	3
1449	1
2317	8
973	8
1903	8
1903	6
1903	7
609	2
2318	1
609	1
140	7
140	8
140	5
140	6
2318	7
2318	8
609	8
2318	3
609	7
2318	4
609	6
2318	5
609	5
2318	6
609	4
1449	8
1449	5
1449	4
1449	7
1449	6
140	4
140	3
140	2
140	1
1852	8
605	1
1852	7
1852	6
1852	5
605	2
605	5
605	4
605	7
605	6
2328	3
2328	4
605	8
2328	1
2328	2
2328	7
2328	8
2328	5
2328	6
1424	1
1424	2
1424	4
1424	5
1424	6
1424	7
1424	8
184	3
184	4
184	2
184	7
184	8
1011	1
184	5
184	6
1011	2
1011	3
1011	4
1011	5
1011	7
1011	8
1852	1
1852	2
1852	4
1854	2
1854	1
1013	8
1854	8
1854	6
1854	5
1854	4
1854	3
187	1
187	7
187	6
187	8
187	3
187	2
187	4
2325	8
186	6
186	5
603	1
186	3
186	2
186	1
1013	4
603	8
1013	6
603	6
1013	7
603	7
603	4
1013	1
603	5
1013	2
186	8
1013	3
186	7
603	3
2325	2
2325	3
2325	1
2325	6
2325	7
2325	4
2325	5
1856	4
1856	3
1856	2
1856	8
1856	7
1856	6
1856	5
1855	1
1855	2
1855	3
1855	4
1855	5
1855	7
1855	6
1855	8
1010	5
2323	1
190	8
600	5
1010	6
190	7
600	6
1010	3
600	7
1010	4
600	8
1010	1
190	4
600	1
190	3
600	2
190	6
190	5
600	4
190	2
190	1
1858	6
1858	5
1858	4
1858	3
1858	2
1858	1
1427	8
2323	8
1427	6
2323	6
1427	7
2323	7
1427	4
2323	4
1427	5
2323	5
1010	8
1427	2
2323	2
1010	7
1427	3
1009	8
1009	4
1009	5
1009	7
189	8
189	7
1009	1
189	6
1009	2
189	5
1009	3
189	4
189	3
189	2
189	1
1857	8
1857	5
1857	4
1857	7
1857	6
1857	1
1857	3
1857	2
2335	7
2335	6
2335	8
598	5
598	4
598	3
598	8
598	7
1432	1
1432	2
1432	3
1432	4
2335	1
1432	5
1432	6
2335	3
1432	7
2335	4
1432	8
2335	5
598	1
598	2
1858	8
1858	7
2334	1
2334	2
177	1
177	2
177	3
2334	5
177	4
2334	6
177	5
2334	3
177	6
2334	4
177	7
177	8
2334	7
2334	8
1861	8
2333	4
2333	5
2333	6
2333	7
2333	1
2333	3
1861	5
1861	4
1861	7
1861	6
1861	1
2333	8
1861	3
1861	2
179	7
179	6
179	8
179	3
179	2
179	5
179	4
179	1
1863	6
1863	8
182	1
182	2
1863	1
1863	3
1863	2
1863	5
1863	4
181	8
1435	4
2331	4
1435	5
2331	5
181	1
1435	2
2331	2
181	2
1435	3
2331	3
181	3
1435	8
2331	8
181	4
181	5
1435	6
2331	6
181	6
1435	7
2331	7
181	7
1862	6
1862	5
1862	4
1862	3
1435	1
2331	1
1862	8
1862	1
1862	2
2330	8
2330	3
2330	4
2330	5
2330	6
2330	1
2330	2
2329	8
2329	6
2329	7
2329	4
1016	7
2329	3
1016	8
2329	2
1016	5
2329	1
1016	6
1016	3
1016	4
1016	1
1016	2
182	8
182	7
182	4
182	3
182	6
182	5
170	5
170	6
170	4
170	1
170	2
997	5
2341	4
2341	5
997	7
2341	6
997	6
2341	7
997	1
2341	1
997	3
2341	2
170	7
997	2
2341	3
170	8
997	8
2341	8
591	4
591	5
591	2
591	1
1866	6
1866	5
1866	4
1866	3
171	1
1866	2
591	7
1866	1
591	6
591	8
998	2
171	6
998	1
171	7
171	8
171	2
171	3
1866	8
1866	7
171	5
998	7
998	8
998	5
998	6
998	3
998	4
2339	2
2339	3
2339	4
2339	5
2339	6
2339	7
1867	1
2339	8
1867	2
1867	5
1867	4
1867	7
1867	6
1867	8
589	2
589	3
999	1
589	1
999	2
1409	1
589	6
999	3
589	7
1409	3
589	4
999	5
999	6
1409	5
999	7
1409	4
999	8
1409	7
589	8
1409	6
1409	8
2340	3
2340	4
2340	1
2340	2
2340	7
2340	8
2340	5
1000	3
1000	1
1000	2
1000	7
1000	8
1000	5
1000	6
994	4
994	3
2338	4
994	6
2338	5
174	7
994	5
2338	6
174	8
174	5
174	6
994	2
2338	1
174	3
994	1
2338	2
174	4
174	1
174	2
588	1
588	2
588	4
994	7
2338	8
994	8
2338	7
175	2
2339	1
175	3
175	4
175	5
175	1
588	6
588	5
588	8
588	7
1412	6
1412	5
1412	8
1412	7
995	2
995	3
175	8
995	4
175	7
995	5
175	6
995	6
1412	2
995	7
1412	1
995	8
1412	4
1871	1
1871	3
1871	2
1871	5
2336	1
2336	2
2336	4
2336	5
2336	6
2336	7
2336	8
586	7
586	8
1871	8
176	2
176	1
1871	6
176	4
586	1
1871	7
586	2
176	6
586	3
176	5
586	4
176	8
586	5
176	7
586	6
2337	6
2337	7
2337	4
2337	5
2337	8
2337	2
2337	3
2337	1
2348	8
1004	8
2348	7
1004	5
2348	6
1004	6
2348	5
1004	4
2348	3
1004	3
2348	4
1004	2
2348	1
1004	1
164	3
164	4
164	1
164	7
164	8
164	5
164	6
582	3
582	4
582	5
582	6
1006	1
582	7
1006	2
582	8
1006	5
1006	6
1006	3
1006	4
1006	7
1006	8
582	2
1876	8
1421	8
1876	6
1876	5
1421	6
1876	4
1421	7
1876	3
1421	4
1876	2
1421	5
1876	1
1421	2
1421	3
580	5
580	6
580	7
580	8
580	1
580	2
580	4
1422	7
168	7
1422	8
168	8
168	6
1422	3
168	3
1422	4
168	4
1422	5
168	1
1422	6
168	2
1422	1
1422	2
2343	8
2343	6
1878	2
1878	1
2343	1
2343	4
2343	5
2343	2
2343	3
1419	5
1419	4
1002	7
1002	8
1419	2
1419	8
1419	7
1419	6
1002	1
578	7
1002	2
578	8
1002	5
1419	1
1002	6
1002	3
1002	4
1003	2
1003	3
1003	4
1003	5
1003	6
1003	7
1003	8
1878	3
1878	4
1878	5
1878	6
1878	7
1878	8
1003	1
1510	7
1510	8
1510	5
1510	6
1510	4
1941	7
1941	6
1941	5
1941	4
1941	3
1941	2
1941	1
107	1
572	5
572	6
572	8
1510	2
107	7
1510	1
107	6
107	8
107	3
107	2
107	5
107	4
1037	5
1037	4
1037	7
1037	6
1037	1
1037	3
572	4
572	3
572	2
572	1
1037	8
106	6
106	5
106	3
106	2
106	1
106	8
106	7
1939	5
1036	8
1036	7
1939	3
1036	6
1939	2
1036	5
1939	8
1939	7
1939	6
1512	3
1512	4
1512	1
1512	2
1512	7
1512	8
1512	5
1512	6
1036	3
1939	1
1036	4
1036	1
1938	8
1938	7
1035	1
1035	2
1035	3
1938	1
1035	4
1938	2
1035	5
1938	3
1035	6
1035	7
1938	5
1035	8
1938	6
576	6
576	7
576	8
576	1
576	2
576	3
576	4
1040	6
1040	5
1040	8
1040	7
1040	2
1040	4
1040	3
2356	8
2356	7
2356	6
578	1
2356	5
578	2
578	3
578	5
578	6
2356	4
2356	2
2356	1
1508	7
1508	8
1508	5
1508	6
1039	8
1039	7
1039	6
1508	3
1508	1
1508	2
1039	1
1039	2
1039	3
1039	4
1039	5
101	8
101	2
101	3
101	1
101	6
101	7
101	4
101	5
100	4
100	3
100	2
100	1
2357	8
100	8
100	7
100	6
100	5
1948	2
566	2
1948	1
566	1
1948	4
2358	1
1948	3
2358	2
99	6
99	8
99	3
99	2
99	5
99	4
1044	4
1044	3
1044	2
1044	1
2357	6
2357	7
2357	4
2357	5
2357	2
1044	8
2357	3
1044	7
1044	6
2357	1
1044	5
2359	1
98	8
98	7
2359	2
2359	5
2359	4
2359	7
2359	6
2359	8
1946	2
1946	1
1946	3
1946	6
1946	5
1946	8
1946	7
1519	1
1519	3
99	1
1519	4
1519	5
2358	6
566	3
2358	5
566	4
2358	4
2358	3
566	6
566	7
566	8
2358	8
2358	7
1042	1
1042	2
1945	2
1042	5
1945	3
1042	6
1945	1
1042	4
1945	7
1945	6
1945	5
1042	8
1945	4
1042	7
1518	1
1518	2
1945	8
1518	5
1518	6
1518	3
98	1
1518	4
98	2
98	3
98	4
1518	7
98	5
1518	8
98	6
1944	6
1048	6
1944	5
1048	5
1944	8
1048	8
1944	7
1048	7
1048	2
1944	1
1944	4
1048	4
1944	3
1048	3
1943	8
1943	7
1943	6
1943	5
1943	4
1943	3
1943	2
1943	1
96	6
96	5
96	8
96	7
96	2
96	1
96	4
96	3
1515	2
1515	3
1515	4
1515	5
1515	6
1515	7
1515	8
1942	4
1942	3
1942	6
1942	5
1942	8
1942	7
1515	1
2363	3
571	4
2363	2
571	5
2363	5
571	2
571	3
2363	7
571	8
2363	6
571	6
2363	8
571	7
571	1
2363	1
94	3
94	4
94	5
94	6
94	7
94	8
1941	8
94	1
94	2
2362	8
2362	7
1942	1
1942	2
2362	2
2362	1
2362	6
2362	5
2362	4
2362	3
558	2
558	1
558	6
558	5
558	4
558	3
2364	1
2364	2
2364	3
558	8
2364	4
558	7
92	8
92	7
92	6
92	5
2364	8
93	1
2364	7
2364	6
93	3
2364	5
93	2
93	4
93	7
93	6
1496	4
1496	3
93	8
1496	2
1496	1
1496	8
1496	7
1496	6
1496	5
1497	8
1497	4
1497	5
1497	6
1497	7
1497	1
1497	3
1497	2
1498	5
1498	6
1498	3
1498	4
1498	1
1498	2
92	1
92	2
92	4
1498	7
1498	8
2366	2
560	5
2366	1
560	6
560	7
560	8
560	1
560	2
560	3
560	4
2366	8
2366	7
2366	6
2366	5
2366	4
2366	3
1492	6
1492	5
1492	8
1492	7
2367	7
89	7
2367	6
89	6
89	5
2367	8
89	4
1492	2
1492	1
1492	4
1492	3
89	8
2367	1
2367	2
89	2
2367	3
89	3
2367	5
89	1
1026	8
1026	7
1493	3
1493	2
1493	1
1493	6
1493	5
1493	4
2368	4
562	7
2368	3
562	8
2368	2
2368	1
2368	8
2368	7
2368	6
2368	5
562	2
562	1
562	4
562	3
562	6
562	5
563	8
563	6
563	7
563	4
563	2
563	3
563	1
1493	8
1948	6
1948	5
1948	8
1948	7
1026	5
1026	6
1026	3
1026	4
1026	1
1026	2
88	5
88	6
88	7
88	8
88	1
88	2
88	3
1949	8
88	4
1949	7
1949	6
1949	5
1949	4
1949	2
1949	1
85	8
1502	2
1502	1
1502	6
1502	5
1502	4
1502	3
1502	8
1502	7
2371	1
86	1
86	2
86	6
2371	2
86	5
2371	5
86	4
2371	4
86	3
2371	7
2371	6
86	8
2371	8
86	7
1503	1
1503	3
1503	2
1503	5
1503	6
1503	7
1503	8
1031	1
1031	3
1031	2
1031	5
1031	4
552	4
1031	7
552	3
1031	6
552	2
552	1
1031	8
552	8
552	7
552	6
2372	4
1028	3
2372	3
1028	4
2372	2
1028	1
1028	2
2372	8
1028	7
2372	7
1028	8
2372	6
1028	5
2372	5
1028	6
1505	1
1505	2
1505	3
1505	8
1960	6
85	6
1960	5
85	7
1960	8
1960	7
85	5
85	2
1505	5
1960	1
85	3
1505	6
1960	4
1505	7
1960	3
85	1
2374	1
2374	2
1033	7
1033	6
1033	5
1033	4
1033	8
1499	5
1499	4
1499	3
1499	2
1499	8
1499	7
1499	6
2374	6
2374	5
2374	4
2374	3
1499	1
2374	8
2374	7
555	5
555	4
555	3
555	2
555	8
1958	2
555	7
1958	1
555	6
555	1
2375	7
2375	6
2375	8
1958	3
1958	4
2375	1
1958	6
1958	7
2375	3
1958	8
2375	2
2375	5
2375	4
2376	8
2376	7
2376	6
2376	5
2376	3
2376	2
2376	1
81	8
81	6
81	7
81	4
81	5
81	2
81	3
81	1
1033	1
1033	2
1033	3
557	8
557	6
557	7
557	4
557	5
557	2
557	3
557	1
547	1
2380	7
133	8
2380	8
2380	5
2380	6
133	1
133	3
133	2
2380	4
2380	3
133	4
133	7
2380	1
133	6
546	7
546	8
546	2
546	1
1063	6
1063	8
546	6
546	5
546	4
546	3
1063	1
1063	3
1063	2
1063	5
1063	4
1483	3
2379	3
132	8
1483	2
2379	2
132	7
1483	5
2379	5
132	6
1483	4
2379	4
132	5
2379	7
1483	6
2379	6
1483	8
2379	8
132	3
1483	1
2379	1
132	2
132	1
135	6
135	7
135	8
135	2
135	4
135	5
135	1
1908	3
1908	4
1908	1
1908	2
1908	7
1908	8
1908	5
1908	6
2383	8
2383	6
2383	7
129	3
129	2
129	1
129	7
129	6
2383	1
129	5
129	4
2383	2
2383	5
2383	4
129	8
2382	2
1069	6
2382	1
1069	7
1069	4
1069	5
1069	2
1069	1
2382	8
2382	7
2382	6
2382	5
2382	4
1069	8
2382	3
131	6
131	8
131	2
131	3
131	4
1909	8
131	5
1478	8
1478	7
1478	4
1068	5
1068	6
1478	6
1068	7
1478	5
1068	8
1909	4
131	1
1909	5
1909	6
1909	7
1909	1
1909	2
1909	3
547	8
547	7
547	6
547	5
547	4
547	3
1068	2
1068	1
1478	1
1068	4
1478	2
1918	3
126	6
1918	4
126	5
1918	5
126	4
1918	6
126	3
1918	7
1918	8
2387	1
126	8
126	7
126	2
126	1
1918	1
540	4
540	3
540	2
540	1
2387	2
2387	3
2387	4
2387	5
2387	6
2387	7
2387	8
1490	2
2386	2
1490	1
2386	1
125	8
2386	6
1490	5
2386	5
1490	4
2386	4
1490	3
125	1
125	3
125	2
125	5
125	4
125	7
125	6
1070	6
539	3
1070	5
539	2
1070	4
539	5
1070	3
539	4
539	7
539	6
1070	8
1070	7
539	8
1490	7
2386	7
1490	8
2386	8
1070	2
1070	1
539	1
2385	8
2385	5
2385	4
2385	7
2385	6
2385	1
1072	5
1072	6
2385	3
1072	7
2385	2
1072	8
1072	1
1072	2
1072	3
1072	4
128	7
128	8
128	5
128	6
128	3
128	4
128	1
128	2
127	3
127	2
127	5
127	1
1488	8
1488	7
1488	6
1488	5
1488	4
1488	3
1488	2
1488	1
127	6
127	7
127	8
2390	3
2390	4
2390	5
2390	6
2390	7
2390	8
1074	2
1074	1
1074	4
1074	3
1074	6
1074	5
1074	7
1074	8
123	1
123	5
123	4
123	3
123	2
123	8
123	7
123	6
1073	2
1073	1
1073	7
1073	6
1073	5
1073	4
1073	8
122	2
122	1
122	4
122	3
122	6
122	5
122	8
122	7
2390	2
2390	1
1916	6
1916	5
1916	8
1916	7
1076	1
1076	2
1486	2
1486	1
1076	4
1486	8
1486	7
1486	4
1076	5
1076	6
1486	6
1076	7
1486	5
1076	8
540	6
540	5
540	8
540	7
1075	1
1485	7
1075	8
1485	6
1485	5
1075	6
1485	4
1485	3
1075	4
1485	2
1075	5
1485	1
1075	2
1075	3
1916	3
1916	4
1916	1
1916	2
1485	8
2393	8
1049	8
2393	4
1049	5
2393	5
1049	4
2393	6
1049	7
2393	7
1049	6
2393	1
2393	3
1049	2
2393	2
1049	3
2394	7
2394	8
2394	5
2394	6
2394	3
2394	4
2394	1
2394	2
1925	8
1925	6
1925	7
1470	8
1925	4
1925	5
1470	6
1925	2
1470	5
1925	3
1470	4
1470	3
1925	1
1470	2
1470	1
1051	3
1051	2
1051	5
1051	4
1468	1
1051	6
1468	3
1468	4
1051	8
1926	4
1926	3
1926	6
530	8
1926	5
530	7
1926	8
1926	7
1051	1
120	4
530	1
120	3
530	2
120	2
120	1
120	8
530	5
120	7
530	6
1926	1
120	6
530	3
120	5
530	4
1927	8
1927	7
1927	6
1052	4
1052	2
1052	1
1927	1
121	4
531	3
121	5
531	2
121	6
531	5
121	7
531	4
1927	5
121	8
531	7
1927	4
531	6
1927	3
1927	2
531	8
2392	4
2392	3
2392	2
2392	1
2392	8
121	1
2392	6
121	3
2392	5
531	1
1468	8
1468	7
1468	6
1468	5
1466	4
1466	3
1466	6
1466	5
1466	2
1466	1
1466	8
1466	7
1052	6
1052	5
1052	8
1052	7
116	2
116	1
116	3
116	6
116	5
116	8
116	7
1053	7
1053	6
1053	5
1053	4
1053	2
1053	1
536	6
536	5
536	8
536	7
536	2
536	1
536	4
536	3
1053	8
534	1
534	2
1465	7
1465	6
1465	5
1465	4
1465	8
534	3
534	6
534	5
534	8
534	7
1465	2
1465	3
1465	1
111	7
111	6
111	8
525	8
2400	7
525	5
2400	8
525	4
2400	5
525	7
2400	6
525	6
2400	3
525	1
2400	4
2400	1
525	3
2400	2
525	2
1477	5
1477	4
1477	7
1477	6
1477	1
1477	3
1057	8
526	8
1057	5
526	6
1057	4
526	5
1057	7
526	4
1057	6
526	3
1057	1
526	2
526	1
1057	3
1057	2
1477	8
2398	6
113	5
523	2
2398	5
113	4
523	3
2398	4
113	7
523	4
113	6
523	5
523	6
113	8
523	7
2398	8
523	8
2398	7
2398	2
113	1
2398	1
113	3
113	2
523	1
1475	1
114	2
114	1
114	6
524	3
114	5
524	4
114	4
524	1
114	3
1475	3
1475	2
1475	5
1475	4
1475	7
1475	6
1475	8
524	8
524	7
114	7
524	6
114	8
524	5
2403	8
528	6
528	5
2403	6
528	8
2403	7
528	7
2403	4
528	2
2403	5
528	1
2403	2
528	4
2403	3
528	3
529	3
2404	2
529	2
2404	3
529	1
2404	4
529	8
2404	5
529	7
2404	6
529	6
2404	7
529	5
2404	8
529	4
1929	1
1929	2
1929	7
1929	6
1929	5
1929	4
1929	8
1061	3
1471	1
1061	1
1471	4
1061	7
1471	5
1061	6
1471	2
1061	5
1061	4
1471	8
1471	7
1061	8
1471	6
2402	2
2402	1
2402	6
2402	5
2402	3
2402	7
2402	8
111	1
111	5
111	4
2403	1
111	2
1347	1
41	1
513	8
41	2
41	3
513	5
513	4
513	7
513	6
513	1
513	3
513	2
881	8
1777	8
881	6
881	7
1777	7
881	4
1777	4
881	5
1777	5
881	2
1777	2
881	3
1777	3
881	1
1777	1
514	6
514	5
514	3
514	2
514	1
2195	7
2195	8
882	8
2195	2
882	7
2195	3
2195	4
2195	5
882	4
882	5
2195	1
882	6
882	1
882	2
1347	7
1347	6
1347	8
41	8
41	7
1347	2
41	6
1347	5
41	5
1347	4
41	4
2196	7
39	6
2196	8
39	7
2196	5
39	8
2196	6
39	1
2196	3
39	2
2196	4
39	3
2196	1
39	4
2196	2
39	5
1348	8
1348	7
1348	6
1348	5
879	8
1775	8
514	7
514	8
879	6
1775	6
879	7
1775	7
1348	3
1348	2
1348	1
40	3
2197	1
40	4
40	1
2197	3
40	2
2197	4
40	7
2197	5
40	8
2197	6
2197	7
40	6
1349	8
1349	3
1349	2
1349	5
1349	4
1349	7
1349	6
880	1
880	2
880	3
880	4
880	5
880	6
880	7
880	8
1781	6
2191	5
1781	7
2191	4
1781	4
2191	3
2191	2
1781	2
2191	1
1781	3
1781	1
509	5
509	4
509	7
509	6
509	1
509	3
509	2
509	8
1351	3
45	7
1351	2
45	6
1351	5
45	5
1351	4
45	4
45	3
45	2
1351	1
45	1
879	2
879	3
879	4
1782	1
879	5
1782	2
1351	7
1351	6
879	1
1351	8
45	8
510	2
510	1
2191	6
1781	8
2191	7
2191	8
510	8
510	7
510	6
510	5
510	4
510	3
2192	3
2192	4
2192	1
42	1
2192	2
42	2
2192	7
42	3
2192	8
42	4
2192	5
42	5
2192	6
42	6
42	7
42	8
877	1
877	2
877	3
877	4
1780	1
877	5
1780	2
877	6
1780	3
877	7
1780	4
877	8
1780	5
1780	6
1780	7
1780	8
1353	1
1353	3
1353	2
2193	1
43	1
2193	2
2193	3
2193	4
43	4
2193	5
43	5
2193	6
43	2
2193	7
43	3
2193	8
43	8
43	6
43	7
874	7
1770	7
874	8
1770	8
1770	3
874	4
1770	4
874	5
1770	5
874	6
1770	6
47	8
874	1
1770	1
47	7
874	2
1770	2
47	6
1340	1
1340	2
1340	3
1340	4
875	8
875	6
875	7
875	4
875	5
875	2
875	3
48	6
875	1
48	5
48	8
48	7
1340	8
48	2
1340	6
48	4
1340	5
48	3
2189	8
46	6
46	3
46	4
1769	1
1769	3
46	7
1769	2
46	8
2189	1
2189	2
2189	3
2189	4
46	1
2189	5
46	2
2189	6
2189	7
522	7
522	8
1769	6
1769	7
1769	4
522	1
1769	5
522	2
522	3
522	4
1769	8
522	5
2190	5
2190	6
2190	3
2190	4
47	1
47	2
2190	7
47	4
2190	8
47	5
2190	1
2190	2
1343	2
1343	3
1343	4
1343	5
1343	1
1774	1
1774	2
1343	7
1343	6
1343	8
1774	7
2184	6
1774	8
2184	5
2184	8
2184	7
1774	3
2184	2
1774	4
2184	1
1774	5
2184	4
1774	6
2184	3
52	2
52	1
52	4
52	3
872	7
1775	4
2185	3
872	8
1775	5
2185	2
872	5
1775	2
2185	1
872	6
1775	3
872	3
52	6
872	4
1775	1
52	5
872	1
52	8
872	2
52	7
2185	4
2185	5
2185	6
2185	7
2185	8
49	2
49	3
49	1
869	1
49	6
49	7
869	3
869	2
49	5
518	2
869	4
518	1
869	7
49	8
869	6
869	8
518	5
518	6
518	3
518	4
518	7
518	8
50	1
50	2
870	2
50	3
870	1
50	4
50	5
50	6
870	5
50	8
870	6
50	7
870	3
870	7
870	8
2209	5
2209	6
2209	7
2209	8
1792	2
1792	1
1792	4
1792	3
1792	6
1792	5
2209	1
1792	8
2209	2
1792	7
2209	3
1333	8
27	2
1333	3
27	4
1333	1
27	5
1333	6
27	6
1333	7
27	7
1333	4
27	8
1333	5
499	3
499	2
499	5
499	4
499	7
499	6
27	1
499	8
499	1
2211	1
26	7
26	8
26	5
26	6
26	3
26	4
26	1
26	2
1790	7
1790	8
1790	4
1790	5
1790	6
1790	1
1790	2
2210	8
866	8
2210	7
501	8
866	6
501	5
866	5
2210	6
501	4
866	4
2210	3
501	7
866	3
2210	4
501	6
866	2
2210	1
501	1
866	1
2210	2
501	3
501	2
25	8
25	4
25	5
25	6
25	7
25	1
25	3
25	2
1789	8
1789	6
1789	7
1789	4
1789	5
1789	2
1789	1
865	1
865	2
865	4
865	5
865	6
865	7
865	8
496	4
496	3
2205	1
496	2
496	1
2205	3
496	8
2205	4
496	7
2205	5
496	6
2205	6
496	5
2205	7
2205	8
864	4
864	1
864	2
864	7
864	8
864	5
864	6
2204	7
2204	8
2204	5
2204	6
1336	3
1336	1
1336	2
1336	7
1336	8
1336	5
1336	6
498	7
498	8
498	6
498	5
498	4
498	3
498	2
498	1
2206	1
2206	2
2206	7
2206	8
2206	5
2206	6
2206	3
2206	4
861	8
861	2
34	8
861	3
34	7
861	1
861	6
861	7
861	4
861	5
507	3
1327	1
507	2
507	4
507	7
1327	5
507	6
1327	2
1327	3
35	1
507	8
507	1
2201	1
2201	3
2201	2
860	5
860	6
860	7
860	8
34	1
34	2
506	8
506	7
34	5
34	6
34	4
2201	4
506	2
2201	5
506	1
2201	6
2201	7
2201	8
506	6
506	5
506	4
1783	8
1783	6
1783	7
1328	8
1783	4
1328	7
1783	2
1328	5
1783	3
1328	4
508	5
1328	3
1783	1
508	6
1328	2
508	7
1328	1
508	8
860	4
2204	3
860	3
2204	4
860	2
2204	1
860	1
2204	2
1782	7
1782	8
1327	7
1782	3
1327	6
1782	4
1782	5
1327	8
2203	6
508	4
2203	7
508	3
2203	8
508	2
508	1
2203	2
2203	3
2203	4
2203	5
32	7
32	8
32	5
2203	1
32	6
32	3
32	4
32	1
32	2
1788	8
2198	5
1788	7
2198	6
1788	6
2198	3
503	1
1788	5
2198	4
503	3
503	2
503	5
2198	8
503	4
1330	1
503	7
1330	2
503	6
503	8
1330	5
1330	6
1330	3
1330	4
858	1
858	2
1330	8
1330	7
858	5
858	6
858	3
858	4
858	7
858	8
2197	8
37	2
37	3
37	1
37	6
37	7
37	4
37	5
37	8
1788	1
1788	2
1788	3
2198	2
1788	4
2198	1
1332	4
1332	3
1787	1
1332	1
1787	8
1787	6
1787	7
1332	8
1787	4
1332	7
1787	5
1332	6
1787	2
1332	5
1787	3
2199	2
35	8
2199	3
2199	4
35	6
2199	5
35	7
35	4
35	5
35	2
2199	1
35	3
1331	1
2199	6
2199	7
2199	8
1331	7
1786	3
1331	6
1786	4
1786	5
1331	8
1786	6
1331	3
1331	5
1786	1
1331	4
1786	2
1786	7
1786	8
487	1
487	3
487	2
487	5
487	4
487	7
487	6
487	8
66	8
2223	8
66	7
2223	7
2223	6
2224	2
2224	1
2224	4
2224	3
2224	6
2224	5
2224	8
2224	7
1319	4
2222	1
1319	5
2222	2
1319	2
1319	3
2687	6
1319	1
2687	7
2687	8
2222	7
2222	8
1319	8
2222	5
2222	6
1319	6
2222	3
1319	7
68	2
68	1
68	4
68	3
2687	3
2687	2
2687	5
2687	4
68	6
68	5
68	8
2687	1
68	7
2688	7
2688	8
486	8
486	7
2688	6
486	6
2688	3
486	5
2688	4
2688	1
486	3
2688	2
2223	2
2223	3
2223	4
2223	1
486	1
486	2
2682	8
2682	7
1324	8
1324	7
1324	6
2682	2
1324	5
2682	1
2682	4
2682	6
2682	5
1751	8
1751	7
1751	6
1324	3
1324	4
1324	1
1324	2
483	3
1751	1
483	2
483	5
483	4
483	7
1751	5
483	6
1751	4
1751	3
483	8
1751	2
905	1
905	2
905	3
482	3
2684	2
482	4
2684	1
482	5
2684	4
482	6
482	1
482	2
1322	7
1322	8
1322	5
1322	6
1322	3
905	8
1322	4
905	7
1322	1
905	6
1322	2
905	5
73	3
73	2
73	1
2219	6
2219	7
2219	8
2219	2
2219	4
2219	5
2219	1
2684	7
2684	8
482	8
2684	5
482	7
2684	6
73	7
73	6
73	5
73	4
900	1
2692	4
900	2
2692	3
900	3
2692	2
900	4
73	8
2692	1
900	5
2692	8
900	6
2692	7
900	7
2692	6
900	8
2692	5
1741	1
1741	3
1741	2
1741	5
1741	4
1741	7
1741	6
1741	8
1314	1
1314	2
1314	4
1314	5
1314	6
1314	8
1314	7
901	2
901	3
2693	3
901	1
2693	2
901	6
2693	5
901	7
2693	4
901	4
2693	7
901	5
2693	6
2693	8
901	8
1742	2
1742	1
1742	6
1742	4
1742	3
1315	1
1742	8
1742	7
902	2
902	8
902	7
902	4
902	3
902	6
902	5
76	2
76	1
76	4
76	3
2695	2
2695	3
2695	4
2695	5
76	5
76	6
76	7
76	8
2695	1
2216	7
2216	8
2216	5
2216	6
2216	3
2695	6
2216	4
2216	1
2695	8
2216	2
1745	7
1745	6
1745	5
1745	4
1318	2
1745	8
1745	3
1745	2
1745	1
898	1
78	4
898	2
78	6
78	5
898	5
78	8
898	6
78	7
898	3
898	4
1318	6
1318	5
1318	4
1318	3
1318	8
78	2
1318	7
78	1
1315	6
2211	6
1315	7
1315	8
2211	8
898	8
1315	2
2211	2
898	7
1315	3
2211	3
1315	4
2211	4
1315	5
2211	5
489	2
2691	1
489	3
489	1
1747	1
2691	6
489	8
2691	8
489	5
2691	2
489	4
2691	3
2691	4
489	6
2691	5
1747	8
1747	6
1747	7
1747	4
1747	5
1747	2
1747	3
2700	7
2700	8
2700	5
2700	6
54	1
1763	1
894	1
2238	2
894	2
2238	1
1762	7
1762	8
53	8
894	7
2238	8
894	8
2238	7
2700	3
2700	2
2700	1
894	3
2238	4
894	4
2238	3
894	5
2238	6
2238	5
1762	6
53	4
1762	5
53	5
53	6
1762	3
53	7
1762	2
1762	1
53	1
53	2
53	3
1306	1
1306	3
1306	4
1306	5
1306	6
1306	7
1306	8
2236	6
55	1
2236	5
2236	8
2236	7
55	5
55	4
55	3
55	2
472	3
472	4
55	8
472	1
55	7
472	2
55	6
472	7
472	8
472	5
472	6
1305	6
1305	7
2701	1
1305	4
2701	2
1305	5
2701	3
2701	4
2701	5
1305	8
2701	6
2701	7
2701	8
2236	3
2236	1
2236	2
1763	4
54	4
1763	5
54	3
1763	2
54	6
1763	3
54	5
471	2
1763	8
54	8
471	3
54	7
471	4
1763	6
471	5
471	6
471	7
471	8
1305	3
1305	2
1305	1
2235	7
2235	6
2235	8
2235	3
2235	2
2235	5
1766	7
1766	8
2235	1
57	8
1766	3
57	7
57	6
1766	5
57	5
1766	6
57	4
57	2
57	3
1766	2
1766	1
57	1
2696	6
2696	5
2696	8
2696	7
2696	2
2696	1
890	7
2696	4
890	8
2696	3
890	5
890	6
890	3
890	4
890	1
890	2
1765	8
1765	7
1765	6
1765	5
1765	4
1765	3
1765	2
1765	1
1768	1
59	5
1768	2
59	4
1768	3
1768	4
59	2
1768	6
59	8
1768	7
59	7
1768	8
59	6
2233	5
2233	4
2233	7
2233	6
59	1
2233	8
1309	8
2233	1
2233	3
1309	1
1309	2
1309	3
1309	4
1309	5
1309	6
1309	7
468	5
1767	8
468	6
468	7
1767	6
468	8
1767	7
1767	1
468	1
1767	4
468	2
1767	5
468	3
1767	2
887	4
887	5
887	2
60	6
887	1
60	5
60	8
60	7
887	8
887	6
887	7
886	7
886	8
886	3
886	4
886	5
886	6
480	8
1300	1
480	7
1300	2
480	6
1300	3
1755	1
480	5
1300	4
480	4
480	3
480	2
1755	7
60	3
1755	6
60	4
60	1
1755	8
60	2
1300	5
1755	3
1300	6
1755	2
1300	7
1755	5
1300	8
1755	4
1299	1
1299	4
1299	5
1299	2
1299	8
1299	6
1299	7
478	1
478	2
478	6
478	3
1298	2
478	4
1298	1
1298	4
1298	3
478	7
1298	6
478	8
1298	5
1298	7
1298	8
2708	4
2708	1
2708	2
2708	7
2708	8
2708	5
2708	6
1304	7
1759	5
1304	8
1759	4
1304	5
1759	3
1304	6
1759	2
1304	3
1759	1
477	8
1304	4
1304	1
477	5
477	4
477	7
477	6
477	1
2703	6
2703	7
477	3
2703	8
477	2
884	7
2228	8
884	8
2228	7
884	5
2228	6
884	6
2228	5
884	3
2228	4
884	4
2228	3
884	1
2228	2
884	2
2228	1
1759	8
1759	6
1759	7
63	4
63	5
63	2
63	3
1303	6
1303	7
63	1
1303	8
1303	2
1303	3
1303	4
1303	5
2703	5
2703	4
2703	3
2703	1
63	8
63	7
63	6
2705	4
2705	5
2705	6
2705	7
2705	8
1302	5
1302	6
1302	3
885	8
1302	4
2705	1
1302	7
2705	2
1302	8
2705	3
66	2
66	1
886	1
66	4
886	2
66	3
66	6
66	5
885	1
885	2
885	3
885	4
885	5
885	6
1302	2
885	7
1302	1
1405	6
1405	7
1405	4
1405	5
1405	2
1405	3
1405	1
2246	2
454	2
454	1
1405	8
2656	6
454	8
2656	5
2246	8
2656	8
2246	7
2656	7
454	3
2246	6
2656	2
454	4
2246	5
2656	1
454	5
2246	4
2656	4
454	6
2246	3
2656	3
1406	1
1406	2
1406	7
1406	8
1406	4
1406	5
1406	6
2247	3
2247	2
2247	5
2247	4
2247	1
2247	7
2247	6
2247	8
1407	1
1407	4
1407	5
1407	2
1407	3
1407	8
1407	7
1407	6
456	1
456	2
456	3
456	4
456	6
456	7
456	8
932	2
932	1
932	4
1835	1
932	3
932	6
1835	3
932	5
1835	2
2655	1
932	8
1835	5
1835	4
1835	7
2655	4
1835	6
2655	5
2655	2
1835	8
2655	3
2655	8
2655	7
2655	6
457	2
2249	1
457	3
2249	3
457	1
457	8
2249	8
457	4
2249	7
457	5
2249	6
457	6
2249	5
457	7
2249	4
1402	7
1402	8
1402	5
1402	6
1402	3
1402	4
1402	1
1402	2
1403	6
1403	7
1403	8
1403	2
1403	3
1403	4
1403	5
1403	1
1831	8
1831	7
1831	6
1404	3
1404	4
1404	1
1404	2
1831	1
1831	5
1831	4
1831	3
1831	2
460	3
460	4
460	1
460	2
1404	6
1404	5
1404	8
1404	7
936	1
936	4
936	3
936	6
936	5
936	8
936	7
460	8
460	7
460	6
460	5
461	6
2663	5
461	7
2663	4
461	4
2663	2
461	2
2663	1
461	3
461	1
2663	8
461	8
2663	7
2663	6
1398	7
1398	8
926	2
926	1
1398	3
1398	4
1398	5
1398	6
926	8
926	7
926	4
926	6
926	5
2240	8
2240	7
462	1
2240	6
462	2
2240	5
927	8
2240	4
2240	3
927	6
2240	2
2240	1
462	7
2664	6
462	8
2664	5
2664	8
2664	7
462	3
2664	2
462	4
2664	1
462	5
2664	4
462	6
2664	3
1399	4
1399	5
1399	2
1399	1
927	5
927	4
927	3
927	2
927	1
1399	8
1399	6
1399	7
2661	8
2241	1
2241	3
2241	2
2241	5
463	1
2241	4
2241	7
463	4
463	5
2241	8
463	2
1400	1
2661	2
1400	2
2661	3
1400	4
2661	1
1400	5
2661	6
1400	6
2661	7
1400	7
1400	8
2661	5
2662	4
2662	3
2662	6
2662	5
2662	8
2662	7
2242	2
2242	1
2242	6
2242	5
2242	4
2242	3
463	7
463	6
463	8
1828	4
1828	3
1828	2
1828	1
1828	8
1828	7
1828	6
1828	5
2662	1
2662	2
1826	4
930	3
1826	3
930	6
1826	6
930	5
1826	5
2243	1
930	2
1826	2
930	1
1826	1
2666	8
2666	7
464	7
2666	6
464	8
2666	5
2666	4
464	6
2666	3
464	3
2242	8
2666	2
464	4
2242	7
2666	1
464	1
464	2
1396	7
1396	8
1396	5
1396	6
1396	3
1396	4
1396	1
1396	2
465	8
465	4
465	5
465	6
465	7
465	1
2243	8
465	2
2243	7
465	3
2243	6
2243	5
930	7
1826	7
2243	3
930	8
1826	8
2243	2
1397	1
1397	2
1397	3
1397	4
1397	5
2665	3
1397	6
1397	7
2665	1
928	2
928	1
466	8
928	4
466	7
928	3
928	6
928	5
928	8
928	7
466	1
466	2
466	6
466	3
466	4
929	7
929	6
1825	6
929	5
1825	5
929	4
1825	4
1398	1
1398	2
929	8
1825	8
467	3
467	2
2245	8
467	4
467	7
929	3
1825	3
467	6
929	2
1825	2
929	1
1825	1
467	8
2245	3
2245	2
2245	1
2245	7
2245	6
2245	5
467	1
2245	4
2665	5
2665	4
2665	7
1397	8
2665	6
2665	8
1392	1
1392	3
1392	4
1392	5
1392	6
1392	7
1392	8
920	2
920	1
920	4
920	3
441	3
920	6
441	2
920	5
441	1
920	8
920	7
441	6
441	7
441	4
441	8
1851	1
2261	1
1851	3
1851	4
1851	5
2261	2
1851	6
2261	5
1851	7
2261	4
1851	8
2261	7
2261	6
919	1
1391	8
1391	6
1391	7
919	5
919	4
919	3
919	2
440	2
440	1
919	8
440	4
919	7
440	3
919	6
440	6
440	5
440	8
440	7
2260	4
2260	3
2260	1
2260	8
2260	7
2260	6
2260	5
2261	8
2668	1
2668	3
2668	4
2668	6
2668	5
2668	8
2668	7
2264	2
2674	2
2264	1
2674	1
2264	4
2264	6
2674	6
2264	5
2674	5
2264	8
2674	4
2264	7
2674	3
1389	8
1389	1
1389	2
2674	7
1389	3
2674	8
1389	4
1389	5
1389	6
1389	7
2673	5
2673	4
2673	7
2673	6
2673	8
1846	6
1846	3
1846	4
2673	1
1846	7
2673	3
1846	8
2673	2
923	5
923	4
923	3
923	2
923	8
923	7
923	6
446	7
446	8
446	5
446	6
446	3
446	4
2672	8
446	2
2672	7
2672	6
2672	5
2672	4
2672	3
2672	2
2672	1
1391	2
1391	3
1391	4
1846	2
1391	5
1846	1
1391	1
921	2
921	3
921	1
445	8
445	4
445	5
445	6
445	7
445	1
445	2
921	8
921	7
921	6
921	5
921	4
2254	2
2254	1
2254	5
2254	4
2254	3
2254	8
2254	7
2677	8
1843	2
1843	3
1843	4
1843	5
1843	6
1843	7
1843	8
2677	2
2677	1
2677	7
2677	6
2677	5
2677	4
1843	1
1842	7
1842	8
450	3
450	4
450	5
450	6
450	2
1387	1
2255	8
911	8
911	7
2255	6
911	6
2255	7
1387	8
1842	6
1387	6
1842	4
1842	3
1387	4
1842	2
1387	5
1842	1
1387	2
1387	3
449	2
449	3
2675	8
2675	7
449	1
2675	6
2675	5
2675	4
2675	3
2675	2
2255	3
911	3
2255	2
449	8
911	4
2255	5
911	5
2255	4
449	6
449	7
449	4
2255	1
449	5
911	1
1841	1
1841	3
1841	8
2675	1
1841	5
1841	4
1841	7
1841	6
1382	5
2681	4
1382	6
2681	5
1382	3
2681	6
1382	4
2681	7
2681	8
1382	7
1382	8
2257	7
2257	6
2257	5
2257	4
1382	2
2681	1
1382	1
2681	3
2257	8
2681	2
451	2
451	3
451	5
451	6
451	7
2257	2
451	8
2257	1
451	1
2680	4
2680	3
2680	2
2680	1
2680	8
2680	7
2680	6
2680	5
2256	1
450	7
2256	4
450	8
2256	3
2256	6
2256	5
2256	8
2256	7
1384	7
1384	8
1384	5
1384	6
1384	3
1384	4
1384	1
1384	2
2679	7
2679	6
2679	8
2679	3
2679	2
2679	5
2679	4
2679	1
914	8
914	7
914	3
914	5
914	6
452	7
452	8
452	5
914	1
452	6
914	2
452	3
452	4
452	1
452	2
959	1
959	5
959	4
959	3
1379	4
1379	2
1379	3
1379	8
1379	6
1379	7
959	8
959	6
959	7
1380	5
2276	5
1380	6
2276	6
1380	7
2276	7
1380	8
2276	8
1380	1
2276	1
2276	2
1380	3
1380	4
2276	4
429	8
429	2
429	3
429	1
429	6
429	7
429	4
429	5
426	8
426	7
426	4
426	3
426	6
426	2
426	1
1378	6
2274	6
1378	5
2274	5
1378	4
2274	4
1378	3
2274	3
1378	2
2274	2
1378	1
2274	1
427	8
1809	8
427	7
427	6
427	5
1809	5
427	4
1809	4
427	3
1809	7
427	2
1809	6
427	1
1809	1
1809	3
1809	2
1378	7
1378	8
2274	8
962	3
962	4
962	5
1379	1
962	6
962	1
431	6
431	7
962	7
431	8
962	8
11	1
11	3
11	2
11	5
11	4
11	7
11	6
11	8
963	1
963	2
432	3
432	4
963	4
432	1
963	5
432	2
963	6
432	7
963	7
432	8
963	8
432	5
432	6
12	4
12	3
12	1
12	7
12	8
2631	1
12	5
12	6
2631	4
1377	1
2631	5
1377	2
2631	2
1377	3
2631	3
1377	4
2631	8
1377	5
1377	6
2631	6
1377	7
2631	7
1377	8
1374	2
1374	1
2277	7
2277	6
1374	8
2277	5
1374	7
2277	4
1374	6
2277	3
1374	5
2277	2
1374	4
2277	1
1374	3
13	5
430	2
13	6
430	1
13	7
13	1
2277	8
13	2
13	3
430	8
2632	5
430	7
2632	6
2632	7
2632	8
13	8
2632	1
430	3
2632	2
430	6
430	5
2632	4
965	4
965	5
965	6
2278	2
965	7
2278	1
965	1
965	3
2278	7
2278	8
14	2
1806	2
2278	3
965	8
2278	4
2278	5
2278	6
431	5
1806	8
2633	2
431	4
1806	7
431	3
14	7
431	2
14	8
2633	1
431	1
1806	4
14	5
1806	3
14	6
1806	6
14	3
1806	5
14	4
952	2
952	1
952	4
952	3
952	6
952	5
952	8
952	7
1372	5
2268	5
2633	6
1372	6
2268	6
2633	7
1372	7
2268	7
21	8
2633	4
1372	8
2268	8
2633	5
2633	8
1801	2
1801	3
1801	1
953	6
953	7
953	4
953	5
953	8
2634	7
2634	8
1373	8
2269	8
953	3
953	2
953	1
1373	2
2269	2
1373	3
2634	1
1373	1
2269	1
2634	2
1373	6
2269	6
2634	3
1373	7
2269	7
2634	4
1373	4
2269	4
2634	5
1373	5
2269	5
2634	6
2267	7
2267	6
2267	8
954	7
2267	3
954	8
2267	2
2267	5
2267	4
954	3
954	4
954	5
2267	1
954	6
954	1
433	8
433	7
23	8
433	6
433	5
23	6
433	4
23	7
433	3
23	4
433	2
1801	8
23	5
433	1
23	3
1801	5
1801	4
23	1
1801	7
1801	6
955	8
1372	4
2268	4
1372	3
2268	3
955	6
2268	2
955	7
1372	1
2268	1
955	4
955	5
955	2
955	3
955	1
434	7
2636	6
434	8
2636	5
2636	8
2636	7
434	4
24	5
434	3
24	6
2636	2
434	6
24	7
2636	3
434	5
24	8
2636	4
24	1
24	2
434	2
1802	8
24	3
434	1
1802	7
24	4
1802	6
1802	5
1802	4
1802	3
1802	2
1802	1
2272	1
2637	2
2272	2
2637	3
2272	3
18	7
2272	4
18	8
2637	1
2272	5
2637	6
2272	6
2637	7
2272	7
2637	4
2272	8
2637	5
2637	8
956	2
956	1
956	4
956	3
18	2
18	1
18	6
18	5
18	4
1370	1
19	2
1370	2
19	3
19	4
1797	8
19	5
1370	5
2273	2
19	6
1370	6
19	7
1370	3
19	8
1370	4
2273	1
2273	6
2273	7
1370	7
2273	4
1370	8
2273	5
2273	8
956	7
956	8
956	5
956	6
1797	2
1797	3
1797	1
1797	6
1797	7
1797	4
19	1
1797	5
20	3
20	4
20	1
20	2
2639	4
2639	5
2639	2
2639	3
20	7
20	8
2639	1
20	5
20	6
957	4
1367	3
957	5
1367	2
957	6
1367	5
957	7
1367	4
957	1
957	2
1367	1
957	3
957	8
1367	7
1367	6
1367	8
2271	8
2271	6
2271	7
21	4
21	5
21	6
21	7
21	1
21	2
21	3
2639	7
2639	6
2639	8
1368	8
2271	5
1368	7
2271	4
1368	6
1368	5
2271	2
1368	4
2271	1
1368	3
1368	2
1368	1
415	5
2290	3
946	3
415	4
2290	4
946	6
415	3
2290	5
946	5
415	2
2290	6
1821	8
946	2
946	1
2290	2
1366	7
1821	5
1366	8
1821	4
1821	7
1821	6
1366	3
1821	1
1366	4
1366	5
1366	6
1821	2
946	7
415	8
2290	8
946	8
2290	7
415	6
415	7
414	8
414	7
2289	8
945	8
945	7
414	4
2289	6
945	6
414	3
2289	7
945	5
414	6
2289	4
945	4
414	5
2289	5
945	3
2289	2
945	2
2289	3
945	1
414	2
414	1
2289	1
1820	8
1820	7
1820	6
1820	5
1366	2
1366	1
1	8
1	5
1	4
1	7
1	6
1	1
1	3
1	2
1823	1
413	8
1823	2
1823	5
1823	4
413	3
2288	1
3	4
413	2
2288	2
413	1
2288	3
3	2
2288	4
3	3
413	7
2288	5
3	8
413	6
2288	6
2288	7
3	6
413	4
2288	8
3	7
948	5
948	6
948	7
948	8
1823	6
1823	7
1823	8
948	1
948	2
948	3
948	4
1822	6
1822	5
1822	4
2642	1
2642	3
2642	4
1822	8
2642	5
1822	7
2642	6
2287	8
2287	6
2287	7
1822	2
1822	1
1364	8
1364	6
1364	5
3	1
2642	8
2642	7
1364	4
1364	3
1364	2
1364	1
2293	8
1363	1
1363	6
1363	7
1363	8
1363	3
1363	4
1363	5
419	1
2294	1
2294	2
1817	2
1817	3
1817	1
1817	8
1817	7
1817	6
1817	4
2293	6
2293	7
2293	5
2293	2
2293	3
2293	1
2646	6
2646	5
2646	4
951	1
2646	3
951	2
951	3
951	4
2646	8
951	5
2646	7
951	6
951	7
951	8
417	3
417	2
417	1
417	7
417	6
417	5
1820	2
1820	1
1820	4
417	8
1820	3
1360	4
1360	3
1360	2
1360	1
1360	8
1360	7
1360	6
1360	5
2291	1
416	2
2291	4
416	1
2291	5
416	4
2291	2
416	3
2291	3
416	6
1819	1
2291	8
416	5
416	8
2291	6
416	7
2291	7
1819	5
1819	4
1819	3
1819	2
1819	8
1819	7
2646	1
1819	6
2646	2
2283	8
939	8
2648	6
939	7
2283	6
2648	7
939	6
2283	7
2648	8
939	5
2283	4
2648	1
939	4
2283	5
2648	2
939	3
2283	2
2648	3
2283	3
2648	4
939	1
2283	1
938	8
2647	8
938	7
2647	6
2647	7
938	4
2647	4
938	3
2647	5
938	6
2647	2
938	5
2647	3
2647	1
938	2
1358	6
1358	5
1358	4
1358	3
1358	8
1358	7
1358	2
1358	1
1816	4
1816	3
1816	2
1816	1
1816	8
1816	7
1816	6
1816	5
2281	6
2281	7
2281	4
2281	5
2281	8
1357	8
2281	1
2281	3
2281	2
940	5
1357	1
940	6
940	7
1357	3
940	8
1357	2
1357	5
1357	4
1357	7
1357	6
1815	7
1815	6
1815	8
940	2
940	1
940	4
940	3
419	5
419	4
419	3
1815	1
419	2
1815	3
419	8
1815	2
419	7
1815	5
419	6
1815	4
943	5
2287	4
943	4
2287	5
943	3
943	2
2287	3
943	1
2287	1
425	8
425	4
425	5
425	6
2651	1
942	1
1810	8
1810	7
425	3
942	8
2651	8
425	2
942	7
425	1
2651	7
942	4
2651	4
942	3
2651	5
942	6
2651	2
942	5
2651	3
1810	3
1810	4
1810	5
1810	6
1810	2
944	3
944	4
944	1
944	7
944	8
944	5
944	6
423	1
6	5
6	6
6	3
423	5
1812	2
423	4
1812	1
423	3
1812	4
6	7
423	2
6	8
1812	6
423	8
1812	5
423	7
1812	8
423	6
1812	7
943	6
1353	5
943	7
1353	4
943	8
1353	7
1353	6
1353	8
6	2
6	1
748	4
2623	2
748	3
2623	3
748	2
2623	4
748	1
2623	5
1672	8
1672	5
1672	6
1672	3
1672	4
1672	1
1672	2
748	7
2623	7
748	8
2623	6
748	5
748	6
2623	8
1673	1
398	7
1673	2
398	8
398	5
398	6
398	3
398	4
398	1
398	2
395	3
395	2
395	5
2090	7
395	4
2090	8
395	7
395	6
395	8
1673	7
2090	1
1673	6
2090	2
1673	5
1673	4
2090	5
2090	6
395	1
2090	3
1673	8
2090	4
750	5
2625	5
750	6
2625	4
750	3
2625	7
750	4
2625	6
2625	8
750	7
750	8
750	1
2625	1
750	2
2625	3
2625	2
1674	8
1674	7
1674	2
1674	1
1674	4
1674	3
1674	6
1674	5
751	1
751	2
751	3
751	4
751	5
393	8
393	5
393	6
393	7
394	5
394	6
394	3
394	4
394	1
394	2
1221	5
1676	1
1221	4
1676	2
1221	7
1676	3
1221	6
1676	4
1221	1
394	7
394	8
1221	2
1221	8
1676	6
1676	5
1676	8
1676	7
2621	1
2621	3
2621	2
2621	5
2621	7
2621	6
2621	8
2087	1
2087	4
2087	5
2087	3
392	2
2087	8
392	1
392	4
2087	6
392	3
2087	7
392	6
392	5
1219	1
392	8
392	7
1219	3
1219	5
1219	4
1219	7
1219	6
747	1
1219	8
747	2
747	4
747	5
747	6
747	7
747	8
393	3
393	2
393	1
1224	6
1224	5
1224	8
1224	2
1224	1
1224	4
1224	3
2099	7
2099	6
2099	8
2099	3
2099	2
2099	5
2099	4
2099	1
2100	8
2100	7
2100	6
2100	5
2100	4
2100	3
2617	8
2100	2
2100	1
2617	5
2617	4
2617	7
2617	6
2617	2
2617	3
2619	3
2619	2
2619	5
2619	4
2619	7
2619	6
2619	8
389	8
2098	8
2098	7
2619	1
389	1
1681	7
2098	1
1681	6
2098	2
389	3
1681	5
389	2
1681	4
389	5
2098	5
389	4
2098	6
389	7
2098	3
389	6
1681	8
1681	3
1681	2
387	1
2613	6
2613	7
2613	4
2613	5
2613	2
2613	1
751	6
751	7
386	7
751	8
386	8
1683	8
1683	7
1683	6
1683	5
1683	4
1683	3
1683	2
2614	1
2614	2
387	6
752	7
387	7
752	8
387	8
752	5
752	6
387	2
752	3
752	4
2613	8
387	4
752	1
387	5
752	2
1683	1
1684	2
1684	1
1684	4
1684	3
1684	6
1684	5
1684	8
1684	7
2614	6
2614	5
2614	4
2614	3
2614	8
2614	7
1685	3
1685	2
386	2
1685	1
386	1
386	4
1685	7
386	3
1685	6
386	6
1685	5
1685	4
1226	2
1226	1
1226	6
1226	5
1226	4
1226	3
1226	8
1226	7
1231	6
1231	7
1231	8
2078	5
2078	6
2078	3
2078	4
2078	7
2078	8
2078	1
1231	1
1658	7
762	8
1658	8
1231	5
1231	4
1231	3
762	1
1658	1
762	2
1658	2
762	5
1658	5
762	6
1658	6
762	3
762	4
1658	4
764	6
764	5
764	8
764	7
1230	8
1230	7
1230	4
2612	8
1230	3
2612	7
410	7
1230	6
2612	6
410	8
1230	5
2612	5
410	5
2612	4
410	6
1230	2
2612	2
410	4
1230	1
2612	1
410	1
410	2
764	4
764	1
764	2
759	1
759	3
759	4
759	5
759	6
759	7
759	8
1235	1
1235	2
1235	3
1235	4
1235	5
1235	6
1235	7
1235	8
2607	1
2607	4
2607	5
2607	2
2606	1
2606	2
2606	3
2606	4
2606	5
2606	6
2606	7
2606	8
2608	8
1233	1
2608	7
2608	6
406	7
1233	3
2608	5
406	8
1233	2
2608	4
406	5
2608	3
406	6
2608	2
2608	1
406	4
1233	8
761	2
761	3
1233	5
1233	4
1233	7
1233	6
761	8
761	5
761	4
761	7
761	6
2607	7
2607	6
2607	8
1663	4
1663	5
1663	3
1663	1
1663	8
1663	7
1663	6
406	2
406	1
770	1
1666	2
770	5
1666	5
770	6
1666	6
770	3
1666	3
770	4
1666	4
404	7
769	4
404	8
769	5
404	5
769	6
404	6
769	7
769	8
2085	8
404	3
404	4
769	1
404	1
769	2
404	2
769	3
2085	1
2602	7
2085	2
2602	8
2085	3
2085	4
2085	5
2085	6
2085	7
2602	1
1237	8
2602	2
2602	5
2602	6
2602	3
2602	4
1237	7
1237	6
1237	5
1237	4
1237	3
2605	8
1237	2
1237	1
2605	5
2605	4
2605	7
2605	6
2605	1
2605	3
2084	7
2084	8
2084	5
2084	6
2084	3
2084	4
2084	1
2084	2
2604	8
2604	7
2604	6
2604	5
2604	3
2604	4
2604	1
2604	2
2083	6
2083	7
2083	8
770	8
1666	8
2083	2
770	7
1666	7
2083	3
2083	4
2083	5
1669	8
2083	1
2082	8
2082	7
401	1
401	2
401	3
401	4
1669	2
401	5
1669	3
401	6
1669	1
401	8
1669	6
1669	7
1669	4
1669	5
2082	1
2082	2
2082	3
2082	5
2082	6
1671	5
1671	4
1671	3
1671	1
1671	8
1671	7
1671	6
399	6
399	7
399	8
767	7
767	6
767	8
399	5
399	4
399	3
399	2
399	1
767	2
767	3
767	4
767	5
767	1
367	7
777	7
367	6
777	6
777	5
367	8
777	8
2597	1
2597	2
2597	3
2597	4
2118	1
2597	5
2118	2
2597	6
2597	7
2118	6
2597	8
2118	5
2118	4
2118	3
2118	8
2118	7
2119	1
2119	3
2119	2
2119	5
2119	4
2119	7
2119	6
1647	1
2119	8
1647	2
1647	3
1647	4
1647	5
1189	6
1644	4
1189	7
1644	3
1189	4
1644	2
1189	5
1644	1
1189	2
1189	3
1189	1
1644	7
1644	8
1644	5
1189	8
1644	6
776	7
2120	8
776	8
2120	7
776	5
2120	6
776	6
2120	5
776	3
2120	4
776	4
776	1
2120	2
776	2
2120	1
2596	4
2596	1
2596	2
2596	7
2596	8
2596	5
2596	6
777	1
777	2
777	3
364	1
364	2
364	3
364	4
2114	8
2114	7
2594	2
2594	3
2594	4
2115	1
2594	5
2594	6
364	6
364	5
364	8
364	7
1650	1
1650	2
1650	3
1650	4
1650	6
2115	3
2115	2
2594	8
2115	5
2594	7
2115	4
2115	7
2115	6
2115	8
1192	1
1192	2
1192	3
1192	4
1192	5
1192	6
1192	8
1650	8
1650	7
772	7
2116	8
772	8
2116	7
772	5
2116	6
772	6
2116	5
772	3
772	4
2116	3
772	1
2116	2
772	2
2116	1
1647	8
1647	6
1647	7
2117	5
773	5
2117	4
773	6
2117	7
773	7
2117	6
2117	1
773	1
773	2
2117	3
773	3
2117	2
367	5
367	4
367	3
367	2
367	1
2117	8
773	8
2125	1
2125	3
2125	2
2125	5
2125	4
2125	7
2125	6
1653	1
2125	8
1653	2
1653	3
361	2
1653	4
1653	5
1653	6
361	1
1653	7
784	2
784	1
784	4
1194	1
784	3
1194	2
784	6
1194	3
784	5
1194	4
784	8
784	7
1194	6
1194	7
1194	8
1654	2
361	5
361	4
361	7
361	6
1653	8
785	3
361	8
785	2
785	1
785	7
785	6
785	5
785	4
785	8
1196	6
1196	5
1196	8
1196	7
783	2
2127	3
2127	2
783	4
2127	5
783	5
2127	4
2127	1
783	1
362	6
362	5
362	4
362	3
362	1
1196	1
1196	2
1196	3
1196	4
362	8
362	7
1197	7
1197	6
1197	5
1197	4
1197	3
1197	2
1197	1
1197	8
2127	8
783	8
783	7
2127	6
783	6
2127	7
2587	4
781	8
2587	2
2587	3
2587	8
2587	6
2587	7
781	1
781	3
357	8
781	5
2587	1
781	4
781	7
781	6
357	2
357	1
357	6
357	7
357	4
357	5
359	8
359	7
359	6
359	5
359	4
359	3
359	2
359	1
779	6
2123	7
2123	6
779	8
2123	8
779	2
2123	3
779	3
2123	2
779	4
2123	5
779	5
2123	4
1654	7
1654	8
779	1
1654	3
1654	4
1654	5
1654	6
780	8
2124	7
780	7
2124	8
780	6
2124	5
780	5
2124	6
780	3
2124	4
780	4
2124	3
780	1
2124	2
780	2
1655	8
1655	6
1655	7
1655	4
1655	5
1655	2
1655	3
1655	1
2583	2
381	5
791	5
381	4
791	4
2583	4
381	7
791	3
2583	5
381	6
791	2
381	1
791	1
381	3
2583	1
2583	6
2583	7
381	8
791	8
2583	8
791	7
791	6
1631	1
1631	2
1631	5
1631	4
1631	6
1631	7
1631	8
1204	2
1204	1
1204	4
1204	6
1204	5
1204	8
1204	7
383	1
383	3
383	2
1203	1
383	5
383	4
383	6
2106	2
383	7
1203	4
2106	1
383	8
1203	3
1203	2
2106	6
1203	8
2106	5
1203	7
2106	4
1203	6
2106	8
2106	7
379	8
1206	1
2102	1
379	6
2102	2
379	5
379	4
379	3
379	2
379	1
378	8
378	7
378	4
378	6
378	5
378	2
378	1
1207	7
2103	7
1207	6
2103	6
1207	8
2103	8
2579	1
787	1
380	7
380	8
380	5
1207	1
2103	1
380	6
1207	3
2103	3
2103	2
1207	5
2103	5
1207	4
2103	4
2579	4
787	3
2579	5
787	2
2579	2
787	5
2579	3
787	4
2579	8
787	6
2579	6
2579	7
787	8
786	2
786	5
786	6
786	3
786	4
1206	6
2102	6
1206	5
2102	5
1206	4
2102	4
1206	3
2102	3
1206	8
2102	8
1206	7
2102	7
380	2
380	1
380	4
380	3
786	8
786	7
1640	7
1640	8
1640	5
1640	6
1640	3
1640	4
1640	1
1640	2
2577	1
2577	2
2577	3
2577	8
2577	4
2577	5
2577	6
2577	7
374	8
374	7
374	5
374	4
374	3
1208	5
1208	6
1208	7
1208	8
1208	1
1208	3
1208	4
377	5
377	6
377	7
377	8
1211	5
2114	2
1211	4
2114	1
1211	3
1211	2
2114	6
1211	8
2114	5
1211	7
2114	4
1211	6
2114	3
797	2
797	1
797	7
797	6
797	5
797	4
797	8
377	1
377	3
377	2
1637	8
2113	1
2113	2
2113	5
2113	4
2113	7
2113	6
2113	8
376	4
376	3
376	2
1637	3
376	1
1637	2
376	8
1637	5
1637	4
376	6
1637	7
376	5
1637	6
372	6
372	5
372	8
372	7
372	2
372	1
372	4
372	3
1643	8
1643	6
1643	7
1643	4
1643	5
1643	2
1643	3
1643	1
2573	8
2573	6
2573	7
2573	4
2573	5
2573	2
2573	1
1642	7
1642	8
1642	3
1642	5
1642	6
1642	1
1642	2
374	2
374	1
2572	5
2572	6
2572	7
2572	8
1214	6
2110	6
1214	5
2110	5
1214	4
2110	4
1214	3
2110	3
2572	2
2572	1
2572	4
1214	8
2110	8
1214	7
2110	7
373	8
1214	2
2110	2
1214	1
2110	1
373	3
373	2
373	1
373	7
373	6
373	5
373	4
2571	5
2571	4
1213	8
2571	3
2571	2
2571	8
2571	7
2571	6
1213	1
1213	3
1213	2
2571	1
1213	5
1213	4
1213	7
1213	6
2144	7
2144	8
2144	5
2144	6
2144	3
2144	4
2144	1
2144	2
1276	3
1731	1
1276	4
1276	1
1276	2
2564	1
2564	4
2564	3
2564	6
2564	5
2564	8
2564	7
2145	1
2145	2
2145	3
2145	8
2145	4
2145	5
2145	6
2145	7
1731	6
1731	7
1731	8
1276	5
1731	3
1276	8
1731	4
1276	7
1731	5
2566	3
1274	1
2566	4
1274	2
2566	5
2566	6
2566	7
1274	5
2566	8
1274	6
1274	3
1274	4
1274	7
1274	8
1732	3
2142	2
1732	4
2142	1
1732	1
1732	2
1732	7
2142	6
1732	8
2142	5
1732	5
2142	4
1732	6
2142	3
2566	2
2142	8
2566	1
2142	7
2143	7
2143	8
803	1
2143	1
2143	3
2143	2
2143	5
2143	4
342	1
342	2
2147	8
803	8
803	7
2147	6
803	6
803	5
2147	4
341	8
803	4
2147	5
803	3
2147	2
803	2
2147	3
2569	3
2569	2
2569	1
1728	5
1273	8
1728	6
1728	7
1728	8
1273	5
1728	1
1273	4
1728	2
1273	7
1728	3
1273	6
1728	4
1273	1
1273	2
804	6
804	5
804	8
804	7
804	2
804	1
342	8
804	4
342	7
804	3
342	6
342	5
342	4
342	3
2569	4
2569	5
2569	6
2569	7
2569	8
341	2
341	1
341	6
341	7
341	4
2147	1
341	5
806	4
806	5
806	6
806	7
806	8
1271	6
1271	7
2570	7
1271	8
2570	8
806	2
806	1
2570	1
2570	2
1271	1
2570	5
1271	2
2570	6
1271	3
2570	3
1271	4
2570	4
1271	5
2557	7
2557	6
331	1
2557	5
2557	4
2557	3
1282	8
2557	2
1282	7
331	8
331	6
331	7
331	4
331	5
331	2
2557	8
331	3
1283	1
1738	5
1283	8
1738	6
1283	7
1738	3
1283	6
1738	4
1283	5
1738	1
1283	4
1283	3
1283	2
1738	7
1738	8
808	8
2152	7
808	7
2152	8
808	6
2152	5
808	5
2152	6
808	4
2152	3
808	3
2152	4
808	2
808	1
2152	2
809	1
809	3
809	2
809	6
809	7
809	4
809	5
809	8
1282	1
1282	2
1282	5
1282	6
1282	4
1279	2
1279	3
1279	4
1734	2
1279	5
1734	1
810	8
2154	7
810	7
2154	8
810	4
2154	3
810	3
2154	4
810	6
2154	5
810	5
2154	6
810	2
2154	1
810	1
2154	2
335	4
335	5
335	2
2561	8
335	3
2561	7
2561	6
335	1
2561	5
2561	4
2561	3
1734	7
2561	2
1734	8
2561	1
1279	7
1734	3
1279	6
1734	5
1279	8
1734	6
335	7
335	6
335	8
1735	8
1735	6
1735	7
1280	8
1735	4
1280	7
1735	5
1280	6
1735	2
1280	5
1735	3
1280	4
1280	3
1735	1
1280	2
1280	1
1277	8
812	2
812	1
812	4
812	3
1277	1
1277	2
1277	3
1277	4
1277	5
1277	6
1277	7
1736	2
1736	3
1736	4
2563	1
1736	5
2153	1
1736	6
1736	7
2153	3
1736	8
2153	2
812	5
812	6
812	7
812	8
1278	5
1278	6
1278	3
1278	4
1278	7
1278	8
2563	2
2153	6
2153	7
2563	4
2153	4
2563	5
2153	5
2563	6
1278	1
2563	7
1278	2
2563	8
2153	8
334	3
334	4
334	5
334	6
334	7
334	8
334	1
334	2
2131	3
2131	4
2131	5
2131	6
2131	7
2131	8
815	1
815	2
815	5
815	4
2551	1
2551	5
2551	4
2551	3
2551	2
2551	8
2551	7
2551	6
2131	1
352	2
352	1
352	4
352	6
352	5
352	8
352	7
2550	4
1289	7
1289	6
2550	6
1289	5
2550	5
1289	4
2550	8
2550	7
1289	8
2553	8
2553	6
2553	7
2553	4
2553	5
1289	1
1289	2
1289	3
816	5
816	6
816	7
816	8
816	1
816	2
816	3
816	4
2553	3
2553	2
2553	1
2128	8
2128	7
350	1
2128	6
350	2
2128	5
815	8
2128	4
2128	3
815	6
2128	2
815	7
2128	1
2552	6
350	7
350	8
2552	8
2552	7
2552	2
2552	1
350	4
2552	4
350	5
2552	3
350	6
1287	7
1287	6
1287	8
818	7
818	8
1287	1
1287	3
1287	2
1287	5
1287	4
356	8
356	7
356	6
818	2
356	5
818	1
818	4
818	3
818	6
818	5
2134	3
2134	4
2134	5
2134	6
356	4
2134	7
356	3
2134	8
356	2
356	1
2134	1
817	7
817	6
1713	6
817	5
1713	5
817	4
1713	4
817	8
1713	8
355	2
355	5
355	4
355	7
1713	3
355	6
817	2
1713	2
817	1
1713	1
355	8
355	1
2556	7
2556	8
2556	5
2556	6
2556	2
2556	1
2556	4
2556	3
819	8
1715	8
819	6
1715	6
819	7
1715	7
819	4
1715	4
819	5
1715	5
819	2
1715	2
819	3
1715	3
1715	1
1284	7
1284	8
1284	5
1284	6
1284	3
1284	4
1284	1
1284	2
345	2
2137	1
345	3
2137	3
345	1
2137	2
345	7
345	6
2137	5
345	5
2137	6
345	4
2137	7
2137	8
345	8
2546	4
344	5
2136	8
344	6
2136	7
2546	6
344	7
2136	6
2546	5
344	8
2136	5
344	1
2136	4
344	2
2546	2
344	3
2136	2
2546	1
344	4
2136	1
2546	7
2546	8
1725	4
1725	5
1725	6
1725	7
1725	1
1725	2
1725	8
1721	3
1721	2
1721	1
1294	6
1294	5
1294	4
1294	3
1294	8
1294	7
1721	6
1721	7
1721	4
1721	5
1294	2
1294	1
1721	8
2547	1
348	8
348	7
348	6
348	5
2547	5
2547	3
2547	2
2547	8
2547	7
2547	6
2549	8
348	1
348	2
2550	2
348	3
2550	1
348	4
1291	6
1291	7
1291	8
1291	2
1291	3
1291	4
1291	5
1291	1
2549	6
2549	5
2549	4
2549	3
1722	7
2549	2
1722	8
2549	1
1722	3
1722	4
1722	5
1722	6
1722	1
1722	2
2538	8
1246	6
2538	7
1246	5
829	8
1246	4
1246	3
1246	8
1246	7
829	2
829	3
2538	2
2538	1
829	1
2538	4
829	6
1246	2
2538	3
829	7
1246	1
2538	6
829	4
2538	5
829	5
830	3
830	4
830	5
830	6
830	7
830	8
830	1
830	2
2172	3
2172	4
2172	1
2172	2
1703	8
1703	7
1703	6
1703	5
1703	4
1703	3
1703	2
1703	1
1249	8
1249	4
1249	5
1249	6
1249	7
1249	2
1249	3
311	8
311	6
311	7
311	4
311	5
311	2
311	3
311	1
2172	5
2172	8
2172	7
834	1
834	3
1244	2
834	4
1244	1
834	5
1244	4
834	6
1244	3
2174	1
2174	3
2174	4
2174	5
2174	6
2174	7
2174	8
314	3
314	4
314	5
314	6
831	8
2175	8
831	6
2175	7
314	2
831	7
2175	6
314	7
314	8
1699	8
1699	7
1699	6
1244	7
1699	5
1244	8
1699	4
1244	5
1699	3
1244	6
1699	2
831	5
2175	4
831	4
2175	5
2175	2
831	2
2175	3
831	1
2175	1
315	1
315	8
315	6
315	7
315	4
315	5
315	2
315	3
1245	4
1700	2
1245	5
1700	1
1245	6
1700	4
1245	7
1700	3
1245	1
1245	2
1245	3
1245	8
1700	6
1700	5
1700	8
1700	7
836	5
1253	1
836	6
836	7
1253	3
836	8
1253	2
1253	5
1253	4
1253	7
1253	6
836	1
836	2
836	3
836	4
302	6
302	5
302	4
302	8
302	7
1253	8
302	2
302	1
2532	6
2532	5
2532	8
2532	7
1254	2
1254	1
2532	2
2532	1
2532	3
2178	1
303	1
303	3
2178	5
303	2
2178	6
303	5
2178	3
303	4
2178	4
1254	6
1254	3
1254	4
1254	7
1254	8
834	7
303	8
2178	8
834	8
2178	7
303	6
303	7
2530	5
1710	8
2530	6
1710	7
2530	3
2530	1
1710	4
2530	2
1710	3
1710	6
1710	5
1710	2
1710	1
304	5
304	6
304	7
304	8
2530	8
2530	7
304	2
304	3
304	4
1256	7
1256	8
1256	5
1256	6
1256	3
1256	4
1256	1
1256	2
305	2
305	1
305	7
305	6
305	5
305	4
305	8
2535	1
2535	5
2535	4
2535	3
2535	2
840	1
2535	8
840	2
2535	7
840	3
840	4
1250	1
840	5
1250	4
840	6
1250	3
840	7
1250	6
840	8
1250	5
1250	7
1250	8
2181	2
2181	3
2181	1
2181	6
2181	4
2181	5
1709	2
1709	3
1709	1
2181	8
1709	6
1709	4
1709	5
2536	2
2536	1
2536	4
1709	8
2536	6
2536	5
2536	8
2536	7
1252	3
1252	4
1252	1
1252	2
1707	8
1707	7
1707	6
1252	7
1707	5
1252	8
1707	4
1252	5
1707	3
1252	6
1707	2
1692	2
1692	1
1692	4
1692	3
844	6
844	5
844	8
844	7
844	1
844	2
844	3
844	4
1691	8
1691	7
1691	6
1691	5
1691	4
1691	3
1691	1
1260	7
1260	8
1260	5
1260	6
843	8
1260	4
1260	3
843	6
1260	2
843	7
1260	1
843	4
843	2
843	3
843	1
2524	6
2524	5
2524	8
2524	7
2524	4
2524	1
2524	2
325	8
325	2
842	7
325	3
842	8
325	1
325	6
325	7
325	5
842	1
842	2
842	3
842	5
842	6
2523	2
1262	5
2158	5
1262	6
2158	6
2523	4
1262	3
2158	3
2523	5
1262	4
2158	4
2523	6
2523	7
2523	8
1262	7
2158	7
1262	8
2158	8
1689	7
1689	6
1689	5
1689	4
1262	1
2158	1
1262	2
2158	2
2523	1
1689	8
1689	3
1689	1
1257	8
2160	5
2160	6
2160	7
2160	8
1257	4
2160	1
1257	5
2160	2
1257	6
2160	3
1257	7
2160	4
326	7
326	8
326	3
326	4
326	5
326	6
1257	3
1257	2
1257	1
326	2
326	1
2527	8
2527	7
2527	6
846	1
846	2
846	3
846	4
846	5
846	6
846	7
846	8
1686	4
1686	3
1686	6
1686	5
1686	8
1686	7
1259	1
1259	2
2527	1
1259	4
1259	5
2527	4
1259	6
2527	5
1259	7
2527	2
1259	8
1686	1
1686	2
1258	1
1258	2
1685	8
1258	5
1258	6
2526	1
1258	3
2526	2
1258	4
2526	3
2526	4
2526	5
1258	7
2526	6
1258	8
2526	7
2526	8
2518	8
2518	7
2518	4
316	5
2518	3
316	6
2518	6
316	7
2518	5
316	8
1699	1
2164	7
1268	8
2164	8
1268	5
2164	5
1268	6
1268	3
2164	3
1268	4
2164	4
1268	1
2164	1
1268	2
2164	2
850	3
850	4
850	5
1267	1
850	6
850	1
850	2
2517	8
2518	1
316	4
2518	2
316	3
316	2
316	1
1267	6
1267	7
1267	8
850	8
1267	2
850	7
1267	3
1267	4
1267	5
849	6
849	7
849	4
849	5
849	8
849	2
849	3
849	1
2517	1
2517	3
2517	4
2517	5
2517	6
2517	7
848	1
848	2
848	3
848	4
848	5
848	6
848	8
2516	7
2516	8
2516	5
2516	6
1696	2
1696	1
1696	4
1696	3
2516	3
1696	6
2516	4
1696	5
2516	1
1696	8
2516	2
1696	7
1264	7
2167	4
1264	8
2167	5
854	8
1264	5
2167	2
854	7
1264	6
2167	3
854	6
1264	3
854	5
1264	4
2167	1
854	4
854	3
1264	2
2167	8
2167	6
2167	7
1694	2
1694	1
1694	8
1694	7
1694	4
1694	3
1694	6
854	1
854	2
1693	3
1693	2
1693	1
1693	6
1693	5
1693	4
1693	8
2169	2
2169	3
2169	1
2169	7
2169	6
2169	5
2169	4
2169	8
1692	6
2519	1
1692	5
1692	8
1692	7
2519	4
2519	5
2519	3
2519	8
2168	1
2168	2
2519	6
2168	3
2519	7
2168	4
2168	5
2168	6
2168	7
2168	8
321	2
321	3
321	1
321	6
321	7
321	4
321	5
321	8
1114	7
1114	8
1114	5
1114	6
1114	3
1114	4
1114	1
1114	2
645	8
280	5
645	6
280	6
645	7
280	7
645	4
280	8
645	5
280	1
645	2
280	2
645	3
280	3
280	4
645	1
1568	6
1568	5
1568	8
1568	2
1568	1
1568	4
1568	3
279	8
644	5
644	6
279	6
644	7
279	7
644	8
279	4
644	1
279	5
644	2
279	2
644	3
279	3
644	4
279	1
278	3
278	4
278	6
278	7
278	8
278	2
278	1
646	3
646	6
646	5
646	8
646	7
2507	5
2507	3
2507	2
2507	8
2507	7
646	1
2507	6
646	2
277	8
2507	1
2503	3
2503	2
2503	5
2503	4
2503	1
277	5
277	6
277	7
2503	7
2503	6
277	1
277	2
2503	8
277	3
1117	6
1117	7
1117	4
1117	5
1117	2
1117	3
1117	1
1117	8
1985	1
276	3
641	1
1985	3
2502	8
276	1
641	2
2502	7
276	2
641	3
2502	6
2502	5
2502	4
2502	3
641	8
1985	8
1985	5
276	7
641	4
1985	4
276	8
641	5
1985	7
276	5
641	6
1985	6
276	6
641	7
2502	1
2502	2
275	2
275	3
1574	6
275	4
1574	3
1574	4
275	6
275	7
275	8
1574	7
1574	8
643	5
643	4
643	3
643	2
643	8
643	7
643	6
1574	2
1574	1
275	1
1983	7
1983	6
274	7
1983	8
274	8
1115	1
1115	3
1115	2
1115	5
1115	4
1115	7
1115	6
643	1
1115	8
274	2
274	1
1983	1
1983	2
274	6
1983	3
274	5
274	4
1983	5
274	3
287	4
287	5
287	2
1107	1
287	3
287	1
1107	6
1107	7
1107	8
287	8
1107	3
287	7
1107	4
1107	5
1106	6
1106	5
1106	4
1106	3
1106	2
1106	1
637	8
1981	8
2512	6
1981	7
637	6
2512	5
1981	6
637	7
2512	8
1981	5
637	4
2512	7
1981	4
637	5
2512	2
1981	3
637	2
2512	1
637	3
2512	4
1981	1
2512	3
637	1
1106	8
2515	1
640	2
2515	5
640	1
2515	2
2515	3
640	3
2515	8
640	6
640	5
2515	6
640	8
2515	7
640	7
2514	2
2514	1
2514	4
2514	3
2514	6
2514	5
1104	4
1104	3
1104	2
1104	1
1104	8
1104	7
1104	6
1104	5
1563	5
1563	4
1563	2
1563	8
1563	7
1563	6
2514	7
2514	8
1563	1
1110	8
1110	3
1110	4
1110	5
1110	6
2510	2
2510	1
1979	1
1979	7
1979	6
2510	8
2510	7
1979	8
2510	6
1979	3
2510	5
1979	2
2510	4
1979	5
2510	3
2509	5
2509	4
2509	7
2509	6
283	1
2509	1
2509	3
2509	2
283	6
1110	2
283	7
1110	1
283	8
283	2
2509	8
283	3
283	4
283	5
2511	8
636	6
636	5
2511	6
636	8
2511	7
1567	1
1567	3
1977	1
1567	2
1977	2
1567	5
1977	3
1567	4
1977	5
282	1
1567	6
1977	4
282	2
1977	7
1567	8
1977	6
282	5
1977	8
282	6
282	3
282	4
282	7
282	8
2511	1
2511	3
636	3
2511	2
636	4
2511	5
636	1
2511	4
636	2
658	8
658	7
293	8
293	2
293	3
658	1
293	1
658	2
293	6
658	3
293	7
658	4
658	5
293	5
658	6
1128	3
1128	4
1128	1
1128	7
1128	8
1128	5
1128	6
294	4
294	3
294	6
294	5
294	8
294	7
294	1
294	2
1125	8
1125	5
1125	4
1125	7
1125	6
1125	1
1125	3
2493	8
1125	2
2493	7
2493	6
2493	5
2493	4
2493	3
2493	2
2493	1
292	5
292	6
292	7
292	8
292	1
292	2
292	3
292	4
290	1
290	2
655	1
290	5
655	2
290	6
655	3
290	3
655	4
1558	1
290	4
655	5
1558	2
1130	1
1130	2
1130	4
1130	5
1130	6
2488	3
1130	7
2488	4
1130	8
2488	1
2488	2
2488	7
2488	8
2488	5
2488	6
290	8
1558	6
290	7
655	8
1558	5
655	7
1558	4
1558	3
1131	1
1558	8
1558	7
1131	4
1131	5
1131	2
1131	3
1131	8
1131	6
1131	7
288	8
288	5
288	6
288	3
288	4
288	1
288	2
1129	1
1129	3
1129	2
1559	3
1969	1
1559	2
1969	2
1559	5
1559	4
1559	1
1969	8
1969	4
1559	7
1969	5
1559	6
1969	6
1969	7
1559	8
289	2
289	3
289	8
289	4
289	5
289	6
289	7
657	3
657	2
657	1
1129	8
1129	6
1129	7
1129	5
1560	8
1560	7
1560	6
657	8
1560	5
657	7
1560	4
657	6
1560	2
657	4
1560	1
1547	4
651	4
1547	5
1547	2
651	2
1547	3
651	3
1547	8
651	8
1547	6
651	6
1547	7
651	7
2498	8
2498	7
1967	8
1967	7
1967	6
1547	1
651	1
1120	4
1120	1
1120	2
1120	7
1120	8
1120	5
1120	6
652	1
652	2
652	3
652	4
1121	4
1121	5
1121	6
1121	7
1121	8
652	6
652	5
652	8
652	7
1121	1
1121	2
1118	8
1118	7
298	7
1118	6
298	8
1118	5
1118	4
1118	3
1118	2
298	4
1118	1
298	5
298	6
298	1
298	2
1549	8
1549	7
1549	6
1549	5
1549	4
1549	3
1549	2
1549	1
2501	7
2501	6
2501	5
2501	4
2501	3
2501	2
2501	1
1967	2
1967	4
1967	5
1967	1
2501	8
1123	4
1123	5
1123	2
1123	3
1123	8
1123	6
1123	7
1964	3
1964	4
1964	1
1964	2
1964	8
1964	7
1964	6
1964	5
1551	1
1551	4
1551	5
1551	2
1551	3
1551	6
1551	8
1965	1
1965	3
1965	2
1965	5
1965	4
1965	7
1965	6
1965	8
1552	8
1962	5
1552	7
1962	6
1552	6
1962	3
1552	5
1962	4
1552	4
1962	1
1552	3
1962	2
1552	2
1552	1
1962	7
1962	8
1122	6
1122	5
1122	4
1122	3
1122	2
1122	1
1122	7
1122	8
2498	6
2498	5
2498	4
2498	2
2498	1
1543	5
1543	4
1543	3
1543	2
1543	8
1543	7
1543	6
674	7
674	8
674	2
674	1
674	4
674	6
674	5
2479	8
2479	7
2479	6
673	3
673	2
673	1
1541	8
2479	2
2479	3
2479	4
2479	5
673	8
673	7
673	6
673	5
2479	1
673	4
252	5
252	6
252	8
1541	6
1541	7
1541	4
1541	5
1541	2
1541	3
1541	1
2478	1
672	6
2478	2
672	8
672	7
672	2
672	1
672	4
672	3
252	4
252	3
2478	7
252	2
2478	8
252	1
2478	5
2478	6
2478	3
2478	4
1085	5
1085	4
1085	7
1085	6
1085	1
1085	3
1085	2
1085	8
1546	8
1546	7
1546	2
1546	1
1546	6
1546	5
1546	4
1546	3
2476	8
2476	6
2476	5
2476	3
2476	4
2476	1
2476	2
1545	5
246	6
1545	4
246	5
1545	7
246	4
1545	6
246	3
1545	8
246	8
246	7
1545	2
1090	6
1545	3
1090	5
1090	4
1545	1
1090	3
1090	2
1090	1
249	8
249	4
249	5
249	6
249	7
249	1
249	3
249	2
2013	8
669	8
2013	6
669	7
669	6
2013	4
669	5
2013	5
669	4
2013	2
2013	3
669	2
669	1
2013	1
668	6
668	5
668	8
668	7
2008	2
2008	1
2008	4
2008	3
2008	6
2008	5
2008	8
2008	7
1536	2
1536	4
1536	3
1536	6
1536	5
1536	8
1536	7
668	2
668	1
668	4
1535	1
1535	4
1535	5
1535	2
1535	3
1535	8
1535	7
1535	6
257	1
667	1
257	3
257	2
257	5
667	5
257	4
667	4
257	7
667	3
257	6
667	2
257	8
667	8
667	7
667	6
2010	3
666	4
2010	4
2010	5
666	6
666	5
2010	1
666	2
2010	2
666	1
2010	7
666	8
2010	8
666	7
254	6
254	5
254	4
254	3
1081	1
254	8
1081	2
254	7
1081	3
1539	3
1539	2
1539	5
1539	4
1539	7
254	2
1539	6
254	1
1539	8
2005	1
2005	3
2005	2
2005	5
2005	4
2005	6
1081	5
1081	4
1081	7
1081	6
1081	8
1080	3
253	8
663	8
1080	4
663	7
1080	1
663	6
1080	2
1080	7
1080	8
1080	5
2483	1
1080	6
253	1
663	1
1538	8
253	3
1538	7
253	2
253	5
663	5
253	4
663	4
253	7
663	3
253	6
663	2
1539	1
2483	3
2483	2
2483	5
2483	4
2483	7
2483	6
2483	8
2482	5
2482	6
2482	3
2482	4
2482	1
2482	2
2006	7
662	8
2006	8
662	7
2006	3
662	4
2006	4
662	3
2006	5
662	6
2006	6
662	5
1538	3
1083	7
1538	4
1538	5
1538	6
1083	8
1083	3
1083	2
1538	1
1083	5
1538	2
1083	4
1083	1
2482	8
2482	7
255	3
255	2
255	5
255	4
255	1
2005	8
2006	2
662	1
2006	1
662	2
1537	8
1537	6
1537	7
1537	4
1537	5
1537	2
1537	3
1537	1
255	6
255	7
255	8
2466	5
264	8
2466	6
264	7
2466	3
264	6
2466	4
264	5
264	4
2466	2
264	3
264	2
264	1
2000	6
2000	5
1097	8
2000	8
2000	7
2000	2
1097	5
2000	1
1097	4
2000	4
1097	7
2000	3
1097	6
1528	5
1528	6
1528	7
1528	8
1528	1
1528	2
1528	3
1528	4
2001	3
688	7
1098	6
2001	2
688	8
1098	5
2001	1
688	5
688	6
1098	3
2466	8
1098	2
2466	7
688	4
1098	1
688	1
688	2
2001	8
2001	7
2001	6
2001	5
1098	8
2001	4
1098	7
2002	7
2464	3
2002	8
2464	1
2464	2
2464	7
2464	8
2464	5
686	2
2464	6
686	1
686	4
686	3
686	6
686	5
686	8
686	7
2002	2
2002	1
2002	4
2002	3
2002	6
2002	5
2003	4
1100	7
2003	5
1100	8
2003	2
1100	5
2003	3
1100	6
2003	8
2003	6
2003	7
266	1
266	3
266	4
266	5
266	6
266	7
266	8
2003	1
1100	4
1100	3
1100	1
1997	8
1101	8
1997	5
1101	5
1997	4
1101	4
1997	7
1101	7
1997	6
1101	6
1997	1
684	5
1101	1
684	6
684	7
1997	2
684	8
1101	2
684	2
2462	7
684	4
2462	8
684	3
2462	5
260	8
2462	6
260	7
2462	3
260	6
260	5
2462	1
260	4
2462	2
260	3
260	2
260	1
1998	8
1998	7
1998	6
1998	5
1998	4
685	8
1998	2
685	6
1998	1
685	7
685	5
261	8
685	2
685	3
685	1
261	5
261	7
261	6
261	1
261	3
261	2
1103	1
1103	3
1103	2
1103	5
1103	4
262	5
262	6
262	3
262	4
262	7
262	8
682	8
682	7
262	2
262	1
682	2
682	1
682	4
682	3
682	6
682	5
1531	4
263	6
1531	5
263	7
263	8
1531	3
1531	8
1531	6
1531	7
263	1
263	2
1531	1
263	3
263	4
263	5
1103	8
1103	6
1103	7
1090	8
1090	7
271	3
2473	1
271	2
681	2
1091	1
2473	2
271	5
681	1
2473	3
271	4
271	1
681	8
1091	7
1994	3
1091	6
1994	6
1994	5
2473	8
1091	8
2473	7
271	8
681	4
2473	6
681	5
1091	2
1994	2
2473	5
271	6
681	6
1091	5
1994	1
2473	4
271	7
681	7
1091	4
1994	8
1994	7
1519	8
272	1
272	2
1519	6
1519	7
272	4
1995	1
272	5
272	6
272	7
272	8
1995	5
1995	4
1995	3
1995	2
1995	8
1995	7
1995	6
679	1
2471	1
679	5
2471	3
679	4
2471	4
2471	5
679	2
2471	6
2471	7
679	8
2471	8
679	7
679	6
1520	1
1520	2
1520	3
1520	4
1520	5
1520	7
1520	8
1093	1
1093	3
1093	2
1093	5
1093	4
1093	7
1093	6
1093	8
2472	3
2472	4
2472	1
2472	2
2472	7
2472	8
2472	5
2472	6
1990	1
2469	4
677	7
1990	2
2469	5
677	6
2469	6
677	5
2469	7
677	4
2469	1
677	2
2469	2
677	1
2469	3
1990	8
1990	7
1990	6
1990	5
2469	8
1990	4
677	8
1990	3
2470	1
268	4
2470	2
268	3
268	2
678	2
268	1
678	1
1991	7
1991	6
1991	8
678	7
1991	2
678	8
1991	5
2470	8
1991	4
2470	7
2470	6
678	3
2470	5
268	8
678	4
1991	1
2470	4
268	5
678	5
268	6
678	6
2467	2
2467	3
2467	4
2467	5
2467	6
2467	7
2467	8
1992	4
269	8
1096	4
1992	3
1096	3
1992	2
1096	2
1992	1
1096	1
1992	8
1096	8
1992	7
1096	7
1992	6
1096	6
1992	5
1096	5
269	1
269	2
269	3
269	4
269	5
269	6
269	7
1524	5
1524	6
1524	7
1524	8
1097	1
1097	3
1097	2
1524	1
1524	2
1524	3
1524	4
2041	2
697	3
2041	3
697	2
697	1
2041	1
697	8
2041	8
697	6
2041	6
697	7
2041	5
697	4
2041	4
697	5
220	8
220	7
220	6
220	5
1172	2
1172	1
1172	4
1172	3
1172	6
1172	5
1172	8
1172	7
1629	3
1629	2
1629	1
1629	7
2449	1
1629	6
2449	2
1629	5
2449	3
1629	4
2449	4
2449	5
2449	6
2449	7
1629	8
2449	8
1171	1
1171	5
1171	4
1171	3
1171	2
1171	8
1171	7
1171	6
220	1
220	2
220	3
220	4
2038	3
2038	4
2038	5
2038	6
2038	7
2038	8
219	1
219	5
219	2
219	3
219	8
219	6
219	7
1624	7
1624	8
2451	1
1624	5
1624	6
1624	3
1624	4
1624	1
1624	2
700	7
700	8
700	5
700	6
2451	6
2451	7
2451	8
2451	2
2451	3
2451	4
2451	5
700	2
700	1
700	4
700	3
224	8
224	7
224	6
224	5
224	4
224	3
224	2
224	1
702	5
702	6
702	4
702	7
702	8
1167	8
1167	7
1167	6
702	1
702	2
2453	1
2453	2
2453	3
2453	4
2453	5
2453	6
2453	7
701	8
701	1
701	2
701	3
701	4
701	5
701	6
2452	7
2452	8
2452	5
2452	6
1167	1
1167	2
1167	3
1167	4
1167	5
2452	3
2452	4
2452	1
2452	2
1621	4
1621	5
1621	7
1621	1
1621	2
1621	3
228	4
228	3
228	2
228	1
228	8
228	6
228	5
2453	8
226	8
226	7
226	1
226	2
226	3
226	4
226	5
226	6
2031	8
2031	6
2031	7
2455	1
1621	8
2455	2
2455	4
2455	5
2455	6
2455	7
2455	8
694	2
2038	2
694	1
2458	7
2458	8
2458	5
2458	6
2458	4
2458	1
2458	2
693	8
693	6
693	5
693	4
231	7
693	3
231	6
693	2
693	1
231	8
2457	8
231	2
231	5
231	4
2457	5
2457	6
231	1
2457	7
2457	1
2457	3
2457	2
230	6
230	5
230	4
230	8
230	7
230	1
230	2
2459	2
1160	3
2459	3
1160	4
1160	1
2459	5
2459	6
1160	7
2459	7
1160	8
2459	8
1160	5
1160	6
2035	5
2035	2
1618	8
2035	3
1618	7
2035	8
2035	6
2035	7
2459	1
1618	1
1618	2
2035	1
1618	5
1618	6
1618	3
1618	4
694	5
694	6
694	4
694	7
694	8
234	2
234	1
234	6
234	5
234	4
234	8
234	7
710	2
710	1
710	3
710	4
710	5
710	6
710	7
710	8
2027	1
2027	4
2027	5
2027	2
2027	8
2027	6
2027	7
1614	1
1614	2
1614	5
1614	6
1614	3
1614	4
1614	7
1614	8
2435	1
712	5
712	6
712	7
712	8
712	1
712	2
712	3
712	4
2435	6
2435	7
2435	8
2435	2
2435	3
2435	5
1185	3
1185	1
713	3
713	1
1185	8
1185	7
1185	6
1185	5
1185	4
2436	8
1182	4
2436	7
1182	3
2436	6
1182	6
2436	5
1182	5
1182	8
713	4
713	5
713	6
713	7
2436	4
713	8
2436	3
2436	2
1182	2
2436	1
1182	1
2437	1
1183	1
2437	3
714	7
2437	2
714	8
2437	5
1183	5
2437	4
1183	4
2437	7
1183	3
1183	2
714	1
714	2
714	5
714	6
714	3
2031	1
239	1
2031	4
239	3
2031	5
239	2
239	5
2031	3
239	4
2437	8
1183	8
1183	7
2438	2
2438	1
236	4
236	1
236	2
1180	6
1180	5
1180	8
1180	7
2438	7
2438	8
236	8
2438	6
236	7
2438	3
236	6
2438	4
236	5
1612	3
1612	4
1612	1
1612	2
1612	8
1612	7
1612	6
1612	5
1606	5
1606	6
1606	3
1606	4
1606	7
1606	8
2019	4
2019	5
2019	2
2019	3
2019	8
241	1
2019	6
241	3
2019	7
241	2
241	5
241	4
241	7
241	6
1606	2
241	8
1606	1
704	1
704	2
242	7
242	8
704	4
704	5
704	6
704	7
704	8
1180	2
2441	2
1180	1
2441	1
1180	4
1180	3
2020	1
2020	2
2020	4
2020	5
242	2
2020	6
242	1
2020	7
2020	8
242	6
242	5
242	4
242	3
2018	6
2018	5
2018	4
2018	3
2018	2
2018	1
2441	8
2441	4
239	7
2441	5
239	6
2441	6
2441	7
239	8
1178	4
1178	3
1178	5
1178	2
1178	1
706	3
706	4
2019	1
706	5
706	6
1178	8
1178	7
706	1
706	2
2442	5
240	8
240	7
2442	3
240	6
2442	4
240	5
2018	7
2442	1
240	4
2018	8
2442	2
240	3
240	2
240	1
2442	7
2442	8
2023	8
245	1
2023	6
2023	7
245	2
245	5
1603	1
245	4
245	7
245	6
2023	1
2023	5
2023	2
2023	3
2443	3
2443	2
1175	8
2443	5
1175	7
2443	4
1175	6
2443	7
2443	6
2443	8
1175	1
706	7
1602	7
706	8
1602	8
1175	5
1175	4
2443	1
1175	3
1175	2
2024	1
2024	2
2024	3
2024	4
2024	5
246	2
2024	6
2024	7
2024	8
1603	2
1603	3
245	8
1603	5
1603	6
1603	7
1603	8
2021	8
2021	7
2021	6
2021	5
2021	4
708	7
1604	7
2021	2
708	8
1604	8
2021	1
708	5
1604	5
1604	6
708	3
1604	3
708	4
1604	4
708	1
1604	1
708	2
709	8
1605	8
709	4
1605	4
709	5
1605	5
709	6
1605	6
709	7
1605	7
709	1
1605	1
709	2
1605	2
709	3
1605	3
1143	8
1143	6
1143	7
726	6
726	5
1143	1
726	3
1143	4
1143	5
726	8
726	7
1143	3
1602	1
1602	2
1602	5
1602	6
1602	3
1602	4
2066	1
2066	3
2066	4
2066	5
2066	6
726	1
726	2
2066	8
2066	7
194	4
194	5
194	6
194	1
194	2
1600	7
1600	8
1600	5
1600	6
1600	3
1600	4
1600	1
1600	2
1144	5
2419	1
1144	6
1144	7
1144	8
1144	1
1144	3
1144	4
193	8
724	5
193	6
724	6
193	7
724	7
193	4
724	8
193	5
724	1
193	2
2419	8
724	2
193	3
2419	7
724	3
2419	6
724	4
193	1
2419	5
2419	4
2419	3
2419	2
2070	6
195	2
2070	5
2070	4
195	4
2070	3
195	5
195	6
195	7
2070	8
195	8
2070	7
730	2
730	1
730	6
730	5
730	4
730	3
730	8
730	7
194	7
194	8
195	1
2070	1
2070	2
2072	8
728	7
2072	7
728	8
2072	6
728	5
2072	5
728	6
2072	4
728	3
2072	3
728	4
2072	2
728	1
2071	3
196	3
2071	2
196	4
2071	5
196	1
2071	4
196	2
2071	1
2071	7
196	7
196	8
196	5
2071	8
1595	3
1595	4
1595	5
1595	6
1595	7
1595	8
1595	1
2428	7
2428	8
2428	5
2428	6
1594	7
1594	8
2428	2
2428	1
2428	4
2428	3
1594	1
1594	2
1594	5
1594	6
1594	3
1594	4
2059	4
2059	5
2059	2
2059	3
2059	8
2059	6
2059	7
1135	8
1135	6
1135	7
2059	1
201	2
2427	8
2427	7
201	1
2427	5
2427	4
2427	3
2427	2
2427	1
1138	8
1138	7
1138	3
1138	4
1138	6
1138	1
1138	2
200	5
200	6
200	8
200	1
200	2
200	3
717	8
2061	8
200	4
2061	7
717	6
2061	6
717	7
2061	5
717	4
2061	4
717	5
2061	3
717	2
2061	2
717	3
717	1
1592	8
1592	7
1137	8
1592	6
1592	5
1137	6
1592	4
1137	7
1137	4
1592	2
1137	5
1592	1
1137	3
1137	1
1133	1
1133	2
1133	3
1133	4
1133	5
1133	6
1133	7
1133	8
2063	7
2063	6
2063	8
1591	1
1591	3
1591	4
1591	5
1591	6
1591	7
1591	8
2431	6
1132	7
2431	7
1132	8
2431	8
1132	5
1132	6
2063	1
2063	4
2063	5
2063	2
2063	3
201	4
201	5
1590	6
201	6
1590	3
201	7
1590	4
201	8
1590	7
1590	8
2431	1
2431	3
1132	4
2431	2
1132	3
2431	5
2431	4
1132	1
204	8
204	7
204	6
204	5
1135	2
1135	3
1135	4
1590	2
1135	5
1590	1
1135	1
2065	1
721	1
2065	3
721	2
2065	2
204	3
721	8
2065	8
204	4
204	1
204	2
2065	5
721	4
721	5
2065	7
721	6
2065	6
721	7
2429	5
2429	4
2429	7
2429	6
203	1
2429	1
2429	3
2429	2
203	6
203	7
203	8
203	2
2429	8
203	4
203	5
1156	5
2052	6
1156	6
2052	7
1156	7
2052	8
1156	8
2052	1
739	7
2052	2
739	6
1156	2
2052	3
1156	3
2052	4
739	8
1156	4
739	3
739	2
739	5
739	4
2407	8
2407	7
2407	6
2407	4
2407	3
2407	2
2407	1
2408	6
2408	5
2408	8
2408	7
2408	1
2408	4
2408	3
1158	1
1158	2
207	1
738	1
738	2
207	4
738	4
207	5
738	5
207	2
738	6
1158	4
1158	3
1158	6
1158	5
1158	8
1158	7
207	7
207	6
738	8
738	7
207	8
739	1
2410	6
2410	5
2410	4
2410	3
2410	2
1583	6
2410	1
1583	7
1583	8
2410	8
2410	7
743	3
743	2
743	5
743	1
743	7
743	6
743	8
2057	2
2057	1
2057	5
2057	4
2057	7
2057	6
2057	8
2409	2
2409	3
2409	1
2058	2
2409	5
1155	5
2058	1
2409	4
1155	4
2409	7
1155	3
2409	6
1155	2
2058	6
2058	5
2409	8
1155	8
2058	4
1155	7
2058	3
1155	6
2058	8
2058	7
1583	1
1583	5
1583	4
1583	3
1583	2
212	5
212	6
212	7
212	8
212	1
212	2
212	3
212	4
1580	7
1580	8
1580	5
1580	6
1580	4
1580	3
1580	2
1580	1
2045	8
2045	6
2045	7
2045	4
2045	5
2045	2
732	8
732	7
732	6
2045	1
732	5
2415	5
2415	4
2415	3
2415	2
2415	1
1581	8
1581	4
1581	5
1581	6
1581	7
1581	1
1581	3
731	4
731	5
731	2
731	8
731	6
731	7
1151	8
1151	7
1151	6
731	1
1151	1
1151	4
1151	5
1151	2
2413	8
732	1
732	2
732	3
732	4
2048	2
2413	3
2048	1
2413	2
2048	4
2413	1
2048	3
2048	6
2413	7
2048	5
2413	6
2048	8
2048	7
2413	4
2049	2
736	8
1146	5
2049	3
736	7
1146	6
736	6
1146	3
2049	1
736	5
1146	4
736	4
1146	1
736	3
1146	2
736	2
736	1
2049	8
2049	6
2049	7
2049	4
1146	7
2049	5
1146	8
215	2
215	4
215	5
215	1
215	6
215	7
215	8
1147	1
2418	7
2418	8
1147	6
1147	7
1147	8
1147	2
1147	4
1147	5
2418	6
2418	5
2418	4
2418	3
2418	2
2418	1
217	5
217	4
217	7
1575	5
217	8
1575	4
1575	3
1575	2
1575	8
1575	7
1575	6
1148	3
2051	1
1148	1
1148	2
2415	7
2415	6
2415	8
734	1
734	2
734	5
734	6
734	3
734	4
217	1
217	2
734	7
217	3
734	8
218	2
218	1
218	6
218	5
218	4
218	3
218	8
218	7
2416	4
1148	6
2051	2
2416	3
1148	5
2051	5
2416	2
1148	8
2051	4
2416	1
1148	7
2051	7
2416	8
2051	6
2416	7
2416	6
2051	8
2416	5
