1451	8
159	2
159	3
1451	6
159	4
1451	7
159	5
1451	4
631	7
1451	5
631	6
1451	2
159	1
631	8
1451	1
631	2
631	5
631	4
631	1
2299	8
2299	7
2299	6
2299	5
2299	4
2299	3
2299	1
159	7
159	8
1881	1
985	3
1881	3
985	2
1881	2
1450	8
1450	3
1450	4
1450	5
1450	6
1450	1
1450	2
2298	8
985	8
1881	8
2298	4
2298	3
2298	6
2298	5
985	4
1881	4
985	5
1881	5
985	6
1881	6
2298	2
985	7
1881	7
2298	1
984	4
984	3
984	2
984	8
984	7
984	6
984	5
1453	8
1453	3
1453	2
1453	1
1453	7
1453	6
1453	5
1453	4
983	7
1879	7
632	4
983	6
1879	6
632	2
983	8
1879	8
632	1
1452	1
632	8
1452	2
632	7
632	6
1452	4
632	5
983	1
1879	1
983	3
1879	3
983	2
983	5
1879	5
983	4
1879	4
1452	6
1452	5
1452	8
1452	7
1885	6
2295	5
1885	7
2295	4
982	7
1885	4
2295	3
982	8
1885	5
2295	2
982	5
1885	2
162	8
982	6
1885	3
162	7
982	3
982	4
1885	1
2295	8
1885	8
2295	7
2295	6
2294	8
2294	7
981	8
2294	4
2294	3
2294	6
2294	5
1454	2
1454	7
162	5
1454	8
162	6
982	2
162	3
982	1
1454	3
162	1
1454	4
162	2
1454	5
1454	6
2297	3
2297	1
2297	6
2297	7
2297	4
2297	5
2297	8
981	3
981	2
981	1
981	7
981	6
981	5
981	4
160	3
160	4
160	1
160	2
980	2
980	1
160	8
980	4
160	5
980	3
160	6
980	6
980	5
980	8
980	7
1889	8
2306	4
2306	3
2306	6
2306	5
1889	4
1889	5
1889	6
2306	2
1889	7
2306	1
1889	1
1889	2
1889	3
1888	7
1888	8
1888	5
1888	6
1888	4
1888	1
1888	2
151	6
151	7
151	8
151	2
151	3
151	4
151	5
623	7
623	6
623	8
1460	6
1460	5
1460	8
1460	7
626	7
626	8
1460	2
1460	1
1460	4
1460	3
626	2
626	1
626	6
626	5
626	4
626	3
2307	2
2307	4
2307	5
2307	6
2307	7
2307	8
2307	1
625	5
625	4
625	6
625	8
149	8
2306	7
2306	8
625	1
625	3
625	2
1462	1
1462	2
989	4
1892	1
989	5
1892	2
989	6
2302	2
989	7
1892	4
2302	1
989	1
989	2
989	3
2302	8
2302	7
989	8
1892	5
2302	4
1892	6
2302	3
1892	7
2302	6
1892	8
2302	5
620	6
620	5
620	8
620	7
2301	7
2301	5
2301	4
2301	3
2301	2
2301	1
620	1
620	2
620	3
620	4
2301	8
623	1
623	5
623	4
623	2
1463	1
1463	3
1463	2
1463	5
1463	4
1463	7
1463	6
1463	8
2303	8
153	4
153	5
2303	6
153	6
2303	7
153	7
153	8
622	2
622	1
987	5
622	4
987	4
622	3
987	3
622	6
987	2
622	5
622	8
987	8
622	7
987	7
987	6
1462	6
1462	5
1462	4
1462	3
1462	8
1462	7
2303	1
2303	5
153	1
2303	4
2303	3
153	3
153	2
971	3
971	5
971	4
971	7
971	6
971	8
1436	5
1436	6
1436	7
1436	8
971	1
972	3
972	2
972	1
1896	4
1896	1
1896	2
1896	7
2313	3
1896	8
2313	2
1896	5
2313	1
1896	6
972	7
972	8
972	5
972	6
1893	5
1893	4
1893	7
1893	6
1893	3
1893	2
2313	8
2313	4
2313	5
2313	7
143	5
143	4
143	2
143	1
1893	8
1439	4
1894	2
1894	1
1439	2
1439	3
1439	1
970	8
2314	7
970	7
2314	8
970	6
2314	5
970	5
2314	6
970	4
2314	3
970	3
970	2
2314	1
143	6
970	1
2314	2
143	7
143	8
1894	7
1894	8
1894	5
1439	8
1894	6
1439	7
1439	6
1894	4
1898	1
1898	2
1898	3
1898	4
1898	5
1898	6
1898	7
613	2
1898	8
613	3
613	6
613	7
613	4
613	5
1440	1
1440	2
1440	3
1440	4
613	8
1440	5
148	3
1440	6
148	4
1440	7
148	1
1440	8
148	2
968	2
148	7
968	1
148	8
968	4
148	5
968	3
148	6
968	6
968	5
968	8
614	1
614	2
614	4
614	3
614	6
614	5
614	8
614	7
149	1
149	2
149	3
149	4
149	6
149	7
146	6
146	5
966	1
146	4
966	2
146	3
146	2
146	1
966	8
966	7
966	4
966	3
966	6
146	7
966	5
146	8
967	5
2311	4
967	4
2311	5
967	3
2311	2
967	2
2311	3
967	1
2311	1
1443	1
2311	8
967	8
967	7
2311	6
967	6
2311	7
2319	1
2319	5
2319	3
2319	2
1443	4
137	4
1443	5
137	5
1443	2
137	6
1443	3
137	7
1443	8
137	8
1443	6
1443	7
1903	1
1903	2
1903	3
1903	4
1903	5
2319	6
2319	7
2319	8
136	6
136	5
136	8
136	7
136	2
136	1
136	4
136	3
2320	7
2320	8
2320	5
2320	6
2320	3
2320	4
2320	2
137	3
137	2
137	1
2321	8
977	8
977	5
2321	4
977	4
2321	5
977	7
2321	6
977	6
977	1
2321	1
977	3
2321	2
977	2
2321	3
141	1
141	2
141	3
141	4
141	5
141	6
141	7
975	1
141	8
975	5
975	4
975	3
975	2
606	1
606	2
606	3
606	4
606	5
606	6
606	7
606	8
975	6
975	7
975	8
139	1
1903	8
1903	6
1903	7
139	7
139	6
139	8
139	3
139	2
139	5
139	4
974	2
2318	1
974	1
2318	2
140	7
140	8
140	5
140	6
974	8
2318	7
974	7
2318	8
2318	3
974	3
2318	4
974	6
2318	5
974	5
2318	6
1904	5
1904	6
1904	7
1904	8
1904	1
1904	2
1904	3
1904	4
140	4
140	3
140	2
140	1
605	1
605	3
605	2
1425	2
605	5
1425	3
605	4
605	7
1425	1
605	6
1425	6
1425	7
605	8
1425	4
1425	5
185	1
1425	8
185	2
185	3
185	5
185	4
185	7
1012	3
1012	4
185	8
1012	1
1012	2
1012	7
1012	8
1012	5
1012	6
1424	1
1424	2
1424	3
1424	4
1424	5
1424	6
1424	7
1424	8
1011	1
1011	2
1011	3
1011	4
1011	5
1011	6
1011	7
1011	8
1854	2
1854	1
2326	7
2326	8
2326	5
2326	6
2326	3
2326	4
1854	8
1854	6
1854	5
1854	4
1854	3
187	1
187	7
187	6
187	8
187	3
187	2
187	4
1853	5
1853	7
1853	6
1853	1
2325	8
1853	3
1853	2
1853	8
603	1
603	8
2326	2
603	6
2326	1
603	7
603	4
603	5
603	2
603	3
188	6
188	5
188	8
188	7
2325	2
2325	3
2325	1
2325	6
2325	4
2325	5
1856	4
1856	3
1856	2
1856	1
1856	8
1856	7
1856	6
1856	5
601	2
601	3
601	1
188	4
188	1
188	2
601	7
601	6
601	5
601	4
601	8
2323	1
2323	8
2323	6
2323	7
2323	4
2323	5
2323	2
1426	4
1426	3
1426	6
1426	5
599	8
1426	2
1426	1
599	7
599	4
599	5
599	2
599	3
599	1
1426	7
1426	8
178	8
1019	1
1019	2
1019	3
1019	4
1019	5
1019	6
1019	7
1019	8
1432	1
178	1
1432	2
178	2
1432	3
1432	4
1432	5
178	5
1432	6
178	6
1432	7
178	3
1432	8
178	4
1018	1
1018	2
1018	5
1018	6
1018	4
1018	7
1018	8
177	1
177	2
177	3
177	4
177	5
177	7
177	8
179	7
179	6
179	8
179	3
179	2
179	5
179	4
179	1
1436	1
1436	2
1436	3
1436	4
595	5
595	4
595	3
595	2
595	8
595	7
595	6
595	1
1435	4
2331	4
1435	5
2331	5
1435	2
2331	2
1435	3
2331	3
1435	8
2331	8
2331	6
1435	7
2331	7
1435	1
2331	1
1017	8
1017	5
1017	4
1017	7
1017	6
1017	1
593	8
1017	3
593	6
183	8
593	7
183	7
593	4
183	6
593	5
183	5
593	2
593	3
183	3
183	2
593	1
183	1
1433	8
1433	6
1433	7
1433	4
1433	5
1016	7
1433	3
1016	8
1016	5
1433	1
1016	6
1016	3
1016	4
1016	1
1016	2
170	5
170	6
170	3
170	4
1410	7
170	1
1410	8
170	2
997	5
2341	4
2341	5
997	7
2341	6
997	6
2341	7
997	1
2341	1
997	3
2341	2
170	7
997	2
2341	3
170	8
997	8
2341	8
591	4
591	5
591	2
591	3
591	1
171	1
591	7
591	6
591	8
171	6
171	7
171	8
171	2
171	3
171	5
172	3
172	4
172	1
172	2
172	8
172	7
172	6
999	1
172	5
999	2
999	3
999	4
999	5
999	6
999	7
999	8
2340	3
2340	4
2340	1
2340	2
2340	7
2340	8
2340	5
2340	6
1868	4
1868	3
1868	2
1868	1
1868	7
1868	8
1868	5
173	3
1868	6
173	2
173	5
173	4
173	7
173	6
1000	3
1000	4
1410	1
173	8
1000	1
1000	2
1000	7
1410	6
1000	8
1410	5
1000	5
1410	4
1000	6
1410	3
1414	2
174	7
174	8
174	5
174	6
174	3
174	4
1414	7
174	1
1414	8
174	2
1414	3
1414	4
1414	5
1414	6
588	1
588	2
588	3
588	4
588	6
588	5
588	8
588	7
2336	1
2336	2
2336	4
2336	5
2336	6
2336	7
2336	8
996	7
1413	3
586	7
996	8
1413	2
586	8
996	5
996	6
1413	7
1413	6
1413	5
1413	4
586	1
586	2
996	3
586	3
996	4
586	4
996	1
586	5
996	2
1413	8
2348	8
2348	7
2348	6
2348	5
1872	8
1872	7
1417	8
1872	6
1872	5
1417	6
1872	4
1417	7
1872	3
1417	4
1872	2
1417	5
1872	1
2348	3
2348	4
2348	1
2348	2
2349	5
2349	4
2349	7
2349	6
2349	1
2349	3
2349	2
2349	8
1006	1
1006	2
1006	5
1006	6
1006	3
1006	4
1006	7
1006	8
583	4
583	5
583	2
583	3
583	8
583	6
583	7
1417	1
1417	3
1417	2
2347	1
2347	2
2347	3
2347	4
2347	5
2347	6
2347	8
2345	2
2345	3
2345	1
580	5
580	6
580	7
580	8
580	1
580	2
580	3
580	4
1422	7
168	7
1422	8
168	8
168	6
168	3
1422	4
168	4
1422	5
168	1
1422	6
168	2
1422	1
1422	2
2345	8
2345	5
2345	4
2345	7
2345	6
169	1
169	3
1419	5
1419	4
1419	2
1419	8
1419	7
1419	6
1419	1
169	7
579	4
169	6
579	5
169	5
579	2
169	4
579	3
579	8
579	6
169	8
579	7
1941	7
2351	4
1941	6
2351	5
1941	5
2351	2
1941	4
2351	3
1941	3
2351	1
1941	1
1037	5
1037	4
2350	1
1037	7
2350	2
1037	6
1509	8
1037	1
1037	3
2350	7
2350	8
2350	3
2350	4
1037	8
2350	5
2350	6
1509	5
1509	4
1509	7
1509	6
1509	1
1509	2
2352	4
105	5
2352	3
105	4
2352	2
105	7
2352	1
105	6
2352	8
2352	7
105	8
2352	6
2352	5
105	2
105	1
573	2
2351	6
573	3
2351	8
573	1
573	6
573	7
573	4
573	5
573	8
1507	1
576	5
576	6
576	7
576	8
576	1
576	2
576	3
576	4
1506	7
1506	8
1506	4
1506	3
1506	6
1506	5
1506	2
1506	1
1936	6
1040	6
1936	5
1040	5
1936	8
1040	8
1936	7
1040	7
1936	2
1040	2
1936	1
1936	4
1040	4
1936	3
1040	3
1508	7
1508	8
1508	5
1508	6
1039	8
1039	7
1039	6
1508	3
1508	1
1508	2
577	6
577	7
577	4
577	5
1039	1
1039	2
1039	3
577	8
1039	4
1039	5
2355	3
2355	2
2355	5
2355	4
101	8
577	2
2355	6
577	3
2355	8
577	1
101	2
101	3
101	1
101	6
101	7
101	4
2355	1
101	5
1507	2
1507	3
1507	4
1507	5
1507	6
1507	7
1507	8
100	3
100	2
100	1
100	8
100	7
100	6
100	5
1948	2
1948	1
1948	4
1516	4
1516	3
1516	2
1516	1
1947	1
1516	7
1516	8
1516	6
1947	8
1947	7
1947	6
1947	5
1947	4
1947	3
1947	2
567	1
98	8
98	7
567	4
567	5
567	2
567	3
567	8
567	6
567	7
1043	1
1043	3
1043	2
1043	5
1043	4
1043	7
1043	6
1043	8
1945	2
1945	3
1945	1
1945	7
1945	5
1945	4
1945	8
98	1
98	2
98	3
98	4
98	5
98	6
1944	6
569	3
1944	5
2361	1
569	2
1944	8
2361	2
569	1
1944	7
2361	3
1944	2
1944	1
1944	4
1944	3
2361	8
569	8
2361	5
569	6
2361	4
569	7
569	4
2361	6
569	5
2360	7
2360	8
2360	5
2360	6
2360	3
2360	4
2360	1
2360	2
96	6
96	5
96	8
96	7
96	2
96	1
96	4
96	3
95	1
95	4
95	5
95	2
95	3
2363	3
2363	2
2363	5
2363	4
2363	7
2363	6
2363	8
95	8
95	7
95	6
2363	1
94	3
94	4
1514	7
94	5
1514	8
94	6
94	7
94	8
1514	1
1514	2
1941	8
1514	5
1514	6
1514	3
94	1
1514	4
94	2
570	7
570	8
570	1
570	2
570	3
570	4
570	5
570	6
1023	7
1023	6
1023	8
1954	2
1954	1
1954	4
1954	6
1954	5
1495	1
1495	3
1495	2
1495	5
1495	4
1495	7
1495	6
1023	1
1495	8
1023	2
1023	3
1023	4
1023	5
559	1
1955	1
559	3
559	2
559	5
559	4
93	1
1954	7
93	3
1954	8
93	2
93	4
93	7
93	6
1496	4
1496	3
93	8
1496	1
1496	8
1496	7
1496	6
1496	5
1952	6
1952	5
1952	8
1952	7
1952	2
1952	1
1952	4
1952	3
1021	4
1021	5
1021	6
1021	7
559	8
1021	1
1021	2
559	6
1021	3
559	7
1021	8
2366	2
2366	1
560	6
560	7
560	8
560	1
560	2
560	3
560	4
2366	8
2366	7
2366	6
2366	5
2366	4
2366	3
1492	6
1492	5
1492	8
1492	7
2367	7
2367	6
2367	8
1492	2
1492	1
1492	4
1492	3
1950	4
561	7
1950	3
561	6
1950	6
561	5
1950	5
2367	1
561	4
1950	8
2367	2
1950	7
2367	3
2367	5
561	8
561	3
561	2
1950	2
561	1
1950	1
1493	3
90	8
1493	2
90	7
1493	1
1493	6
1493	5
1493	4
562	7
562	8
90	2
90	1
90	4
90	3
90	6
90	5
562	2
562	1
562	4
562	6
562	5
1493	8
1948	6
1948	5
1948	8
1948	7
88	5
88	6
88	7
88	8
88	1
88	2
88	3
88	4
1502	2
1502	1
1502	6
1502	5
1502	4
1502	3
1030	1
1030	2
1502	8
1502	7
1030	6
1030	5
1030	3
1030	8
1030	7
1961	2
1961	1
1961	4
1961	5
1961	6
1961	7
1961	8
2372	4
1028	3
2372	3
1028	4
2372	2
1028	1
1028	2
2372	8
1028	7
2372	7
1028	8
2372	6
1028	5
2372	5
1028	6
1504	7
1504	8
1504	5
1504	6
1504	3
1504	4
1504	1
1504	2
1029	4
1029	5
1029	6
1029	7
1029	1
1029	2
1029	8
1499	5
1499	4
1499	3
1499	2
1499	8
1499	7
1499	6
1034	8
1034	7
83	1
1034	2
1034	1
1034	4
1034	3
1034	6
1034	5
2375	7
2375	6
2375	8
1500	2
1500	1
1500	4
1500	3
83	5
83	4
2375	1
83	3
83	2
2375	2
83	8
2375	5
83	7
2375	4
83	6
80	5
1955	8
80	6
1955	7
1955	6
80	8
1500	7
1955	5
80	1
1500	8
1955	4
80	2
1500	5
1955	3
80	3
1500	6
1955	2
80	4
81	8
81	6
1956	5
81	7
1956	8
81	4
1956	7
81	5
1956	2
81	2
1956	1
1956	4
1956	3
81	1
547	1
2380	7
133	8
2380	8
2380	5
2380	6
1911	8
133	1
1911	6
133	3
1911	7
133	2
2380	4
2380	3
133	4
2380	2
133	7
2380	1
133	6
1911	1
1911	5
1911	2
1911	3
1063	7
1063	6
1063	8
1063	1
1063	3
1063	2
1063	5
1063	4
1910	3
1910	4
1910	5
1910	6
1910	7
1910	8
1913	8
1913	7
1913	6
1913	5
1913	4
1913	2
1913	3
1913	1
1912	5
1912	6
1912	7
1912	8
1912	1
1912	2
1912	3
1912	4
1481	8
1481	5
1481	4
1481	7
1481	6
550	3
550	4
550	5
550	6
1908	3
550	7
1908	4
550	8
1908	1
1908	2
1908	7
1908	8
1908	5
1908	6
130	1
130	4
1481	2
130	3
1481	1
130	6
130	5
1067	1
1067	5
1067	4
1067	2
1067	8
550	2
1067	7
550	1
1067	6
1907	2
1907	3
1907	4
549	8
1907	5
1907	6
129	3
1907	7
129	2
1907	8
129	1
129	7
129	6
129	5
129	4
129	8
1066	2
1066	1
1066	4
1066	3
1066	6
1066	5
549	3
1066	8
549	2
1066	7
549	1
549	7
549	6
1907	1
549	4
1479	5
2382	2
2382	1
1479	3
1479	2
1479	1
1910	1
1910	2
2382	8
2382	7
2382	6
1479	8
2382	5
1479	7
2382	4
1479	6
131	6
548	2
131	7
548	1
131	8
548	4
548	3
131	2
131	3
131	4
1909	8
131	5
548	6
548	5
548	8
548	7
2381	5
2381	7
2381	6
2381	1
1068	5
1068	6
2381	3
1068	7
2381	2
1068	8
1909	4
131	1
1909	5
1909	6
1909	7
1909	1
2381	8
1909	2
1909	3
547	8
547	7
547	6
547	5
547	4
130	7
547	3
130	8
1068	2
1068	1
1068	4
2387	1
2387	2
2387	4
2387	5
2387	6
2387	7
2387	8
1070	6
1070	5
1070	4
1070	3
1070	8
1070	7
1070	2
1070	1
2385	8
2385	5
2385	4
2385	7
2385	6
2385	1
1072	5
1072	6
2385	3
1072	7
2385	2
1072	8
1072	1
1072	2
1072	3
1072	4
538	8
538	7
538	6
538	5
538	4
538	3
538	2
538	1
543	1
1074	2
1074	1
1074	4
543	5
1074	3
543	4
543	3
1074	5
543	2
1074	7
543	8
1074	8
543	6
543	7
123	1
123	5
123	4
123	2
123	8
123	7
123	6
2389	8
1073	3
1073	2
1073	1
542	2
1073	7
542	4
1073	6
542	3
1073	5
542	6
1073	4
542	5
542	8
542	7
1073	8
122	2
122	1
122	4
122	6
122	5
122	8
122	7
1916	6
1916	5
1916	8
1916	7
1076	1
1076	2
1486	2
1486	1
1076	4
1486	8
2389	5
1486	7
2389	4
2389	7
2389	6
1486	4
2389	1
1076	5
1486	3
1076	6
1486	6
2389	3
1076	7
1486	5
2389	2
1076	8
1916	3
1916	4
1916	1
1916	2
2393	8
1049	8
2393	4
1049	5
2393	5
1049	4
2393	6
1049	7
2393	7
1049	6
2393	1
1049	1
2393	3
1049	2
1049	3
1469	8
1469	5
1469	4
1469	7
1469	6
1469	1
1469	3
1469	2
533	5
533	7
533	6
533	1
2394	7
533	3
1050	8
2394	8
533	2
1050	7
2394	5
2394	6
1050	5
2394	3
1050	4
2394	4
1050	3
2394	1
1050	2
2394	2
1050	1
119	7
119	6
119	8
119	3
119	2
119	4
119	1
1051	3
1051	2
1051	5
1051	4
1051	7
1051	6
1051	8
1926	4
1926	3
1926	6
1926	5
1926	8
1926	7
1051	1
120	4
120	3
120	2
120	1
120	8
120	7
1926	1
1926	2
120	5
121	4
121	5
121	6
121	7
121	8
2392	4
2392	3
2392	2
2392	1
2392	8
121	1
2392	7
2392	6
121	3
2392	5
1921	1
115	8
1921	2
115	7
115	6
115	5
115	4
115	3
115	2
1921	8
1921	4
1921	5
1921	6
1921	7
2396	5
2396	6
2396	7
2396	8
115	1
1922	5
1922	6
1922	3
1922	4
1922	1
1922	2
2397	6
2397	7
2397	4
2397	5
2397	3
2397	1
536	6
536	5
536	8
536	7
536	2
536	1
2397	8
536	4
536	3
2395	1
2395	3
2395	2
2395	5
2395	4
2395	7
2395	6
1923	1
2395	8
1922	8
1922	7
533	8
1054	2
1054	1
1054	4
1054	3
1054	6
1054	5
1054	8
1054	7
2396	4
2396	3
2396	2
1923	5
1923	4
1923	3
1923	2
1923	8
1923	7
1923	6
1931	8
1931	6
1931	7
1476	8
1931	4
1476	7
1931	5
1476	6
1931	2
1476	5
1931	3
1476	4
1476	3
1931	1
1476	2
1476	1
111	7
111	6
111	8
525	8
2400	7
525	5
2400	8
525	4
2400	5
525	7
2400	6
525	6
2400	3
525	1
2400	4
2400	1
525	3
2400	2
525	2
1932	1
1932	2
1932	3
1932	4
112	8
112	7
112	6
112	5
112	4
112	3
112	2
112	1
2401	8
1057	8
2401	4
1057	5
2401	5
1057	4
2401	6
1057	7
2401	7
1057	6
1057	1
2401	1
2401	2
1057	2
1932	6
1932	5
1932	8
1932	7
113	5
523	2
113	4
523	3
113	7
523	4
113	6
523	5
523	6
113	8
523	7
523	8
1474	8
1474	7
113	1
113	3
113	2
523	1
1933	8
1933	2
1933	1
1933	7
1933	6
1933	5
1933	4
2399	1
2399	3
2399	2
2399	5
2399	4
1059	1
2399	6
2399	7
2399	8
528	6
1059	8
528	5
1059	7
528	8
1059	6
528	7
1059	5
528	2
1059	4
528	1
528	4
1059	2
528	3
1928	7
1928	8
1928	5
1928	6
1928	4
1928	1
1928	2
1060	2
1060	1
1060	4
1060	3
1060	6
1060	5
1060	8
1060	7
109	7
109	6
109	5
109	4
109	3
109	2
109	1
1474	4
1474	3
1929	1
1474	6
1929	2
1474	5
1474	1
109	8
1929	7
1929	6
1929	5
1929	4
1929	8
1061	3
1471	1
1061	1
1471	4
1061	7
1471	5
1061	6
1471	2
1061	5
1471	3
1061	4
1471	8
1471	7
1061	8
1471	6
110	2
110	1
110	4
110	3
110	6
110	5
527	1
110	8
527	2
527	4
527	5
527	8
1930	2
527	7
1930	1
527	6
1930	4
1930	3
1930	6
1930	5
1930	8
1930	7
1062	2
1062	1
1472	2
1062	3
1472	1
1062	4
1472	4
1062	5
1062	6
1472	6
1062	7
1472	5
1062	8
1472	8
1472	7
111	1
111	5
111	4
111	2
41	1
41	2
41	3
2194	7
2194	8
2194	6
2194	5
1777	8
2194	4
2194	3
2194	2
1777	7
2194	1
1777	4
1777	5
1777	2
1777	3
1777	1
1346	8
1346	7
2195	7
2195	8
882	8
2195	2
882	7
2195	3
2195	4
2195	5
882	4
882	5
2195	1
882	6
882	1
882	2
41	8
41	7
41	6
41	5
41	4
2196	7
2196	8
2196	5
2196	3
2196	4
2196	1
2196	2
1775	8
1775	6
1775	7
1349	8
1349	3
1349	2
1349	5
1349	4
1349	7
1349	6
880	1
1776	1
880	2
1776	2
880	3
1776	3
880	4
1776	4
1776	5
880	6
1776	6
880	7
1776	7
880	8
1776	8
878	1
878	2
1350	8
1350	7
1350	6
44	6
44	5
1350	4
44	8
1350	3
44	7
2191	5
2191	4
878	7
2191	3
878	8
2191	2
878	5
2191	1
878	6
878	3
878	4
1350	1
44	1
1350	2
44	2
44	3
44	4
45	7
45	6
45	5
45	4
45	3
45	2
45	1
45	8
510	2
510	1
2191	7
2191	8
510	8
510	7
510	6
510	5
510	4
510	3
876	7
1779	4
511	6
876	8
1779	5
511	7
876	5
1779	2
511	8
876	6
1779	3
1779	8
1779	6
1779	7
42	1
42	2
42	3
42	4
42	5
42	6
42	7
42	8
511	1
876	4
1779	1
511	3
876	3
511	2
876	2
511	5
876	1
511	4
512	3
877	1
512	4
877	2
512	1
877	3
512	2
877	4
512	7
877	5
512	8
877	6
512	5
512	6
877	8
1353	1
1353	3
1353	2
1770	7
1770	8
1770	3
1770	4
1770	5
1770	6
1770	1
1770	2
1340	1
520	8
1340	2
520	7
1340	3
520	6
1340	4
520	5
520	4
520	2
520	1
875	8
1771	8
875	6
1771	6
875	7
1771	7
875	4
1771	4
875	5
1771	5
875	2
1771	2
1771	3
875	1
1771	1
1340	8
1340	6
1340	5
522	7
522	8
522	1
522	2
522	3
522	4
522	5
522	6
51	1
871	2
871	3
51	8
871	4
51	7
871	5
51	6
51	5
51	4
51	3
871	1
51	2
2184	6
2184	8
2184	7
871	6
2184	2
871	7
2184	1
871	8
2184	4
2184	3
517	5
517	4
517	7
517	6
517	1
517	2
52	2
52	1
52	3
517	8
872	7
1775	4
2185	3
872	8
1775	5
2185	2
872	5
1775	2
872	6
872	3
52	6
1775	1
52	5
872	1
52	8
872	2
52	7
2185	4
2185	5
2185	6
2185	7
2185	8
49	2
49	3
49	1
869	1
49	6
49	7
869	3
869	2
49	5
869	4
869	7
49	8
869	6
869	8
1345	3
1345	2
1345	5
1345	4
1345	7
1345	6
1345	8
50	1
50	2
50	3
50	4
50	5
50	6
50	8
50	7
1346	2
1346	1
1346	6
1346	5
1346	4
1346	3
2209	4
500	8
2209	5
500	7
2209	6
500	6
2209	7
500	5
2209	8
28	3
1334	1
28	1
28	2
1792	2
1792	1
1792	4
1792	3
1792	6
2209	1
500	3
1792	8
2209	2
500	2
1792	7
2209	3
500	1
1333	8
1333	2
27	2
1333	3
27	4
1333	1
27	5
1333	6
27	6
1333	7
27	7
1333	4
27	8
1333	5
2208	3
1791	8
2208	4
1791	7
2208	1
1791	6
2208	2
2208	7
2208	8
2208	6
27	1
1791	1
1791	4
1791	5
1791	3
867	4
867	5
867	2
867	3
867	8
867	6
867	7
867	1
1790	7
1790	8
1790	4
1790	5
1790	6
1790	1
1790	2
866	7
866	8
866	6
866	5
866	4
866	3
866	2
866	1
25	8
25	4
25	5
25	6
25	7
25	1
25	3
25	2
1334	8
1334	7
1334	6
1334	5
1334	4
1334	3
31	8
31	7
31	6
865	1
865	2
865	4
865	5
865	6
865	7
865	8
496	4
1795	3
496	3
1795	2
2205	1
496	2
1795	5
496	1
1795	4
2205	3
496	8
1795	7
2205	4
496	7
1795	6
2205	5
496	6
2205	6
496	5
1795	8
2205	7
2205	8
31	4
31	5
31	2
31	3
864	3
864	4
864	1
864	2
864	7
864	8
864	5
864	6
1795	1
1794	8
1794	7
498	7
498	8
1794	3
1794	4
1794	5
1794	6
1794	1
1794	2
29	6
29	7
29	4
29	5
29	2
29	1
498	6
498	5
498	4
498	3
498	2
498	1
29	8
1338	6
1338	5
1338	4
1338	3
1338	2
1338	1
1338	8
1338	7
28	5
28	6
28	7
28	8
861	8
34	8
861	3
34	7
861	1
861	6
861	7
861	4
861	5
507	3
507	2
2202	7
2202	8
507	4
507	7
507	6
507	8
2202	1
2202	2
2202	5
2202	6
2202	3
507	1
2202	4
2201	1
2201	3
2201	2
34	1
34	2
506	8
506	7
34	5
34	6
34	4
2201	4
506	2
2201	5
506	1
2201	6
2201	7
2201	8
506	6
506	5
506	4
506	3
508	5
508	6
508	8
33	8
33	4
33	5
33	6
33	7
33	2
33	3
2203	6
508	4
2203	7
508	3
2203	8
508	2
508	1
2203	3
2203	4
2203	5
2203	1
1788	8
1788	7
1788	6
1788	5
1330	1
1330	2
1330	5
1330	6
1330	3
1330	4
1330	8
1330	7
857	1
857	3
857	4
857	5
857	6
857	7
857	8
1788	1
1788	2
1788	4
2200	7
2200	8
2200	5
2200	6
2200	3
2200	4
2200	1
1787	1
1787	8
1787	6
1787	4
1787	5
1787	2
1787	3
1786	3
1786	4
1786	5
1786	6
1786	1
1786	2
1786	7
1786	8
487	1
487	3
487	2
487	5
487	4
487	7
487	6
487	8
67	1
66	8
2685	1
2223	8
66	7
2223	7
2223	6
2685	2
2685	5
907	1
2685	4
2685	7
2685	6
907	4
907	5
2685	8
907	2
907	8
907	6
907	7
488	4
488	3
488	2
488	1
488	8
488	7
488	6
488	5
67	5
67	4
67	3
67	2
2686	2
67	8
2686	1
67	7
67	6
2686	6
2686	5
2686	4
2686	3
2686	8
2686	7
909	7
909	6
909	5
909	4
909	3
485	8
909	2
909	1
909	8
485	5
485	6
485	7
485	1
485	2
485	3
486	8
486	7
486	6
486	5
486	4
486	3
2223	2
2223	3
2223	4
2223	1
486	1
486	2
904	3
904	4
904	1
904	2
904	8
904	5
904	6
1324	8
2220	8
1324	7
2220	7
1324	6
2220	6
1324	5
2220	5
2220	3
1324	4
1324	1
2220	1
1324	2
2220	2
483	3
483	2
483	5
483	4
483	7
483	6
483	8
1325	8
905	1
905	2
905	3
1325	1
1325	3
1325	2
1325	5
1325	7
1325	6
484	8
484	7
484	6
484	5
484	4
484	3
484	2
484	1
482	3
72	6
482	4
72	5
482	5
72	8
482	6
72	7
72	2
72	1
482	1
482	2
72	3
1322	7
2218	7
1322	8
2218	8
1322	5
2218	5
1322	6
2218	6
1322	3
2218	3
905	8
1322	4
2218	4
905	7
1322	1
2218	1
905	6
1322	2
2218	2
905	5
905	4
73	3
73	2
73	1
1754	7
1754	8
1754	4
1754	5
1754	6
1754	1
1754	2
1323	6
2219	6
1323	7
2219	7
1323	8
2219	8
1323	2
2219	2
1323	3
2219	3
1323	4
2219	4
1323	5
2219	5
1323	1
2219	1
482	8
482	7
73	7
73	6
73	5
73	4
73	8
2693	1
901	3
2693	3
901	1
2693	2
901	6
2693	5
901	7
2693	4
901	4
2693	7
901	5
2693	6
2693	8
901	8
75	1
75	8
902	1
75	7
902	2
75	6
75	5
75	3
75	2
902	8
1312	5
2215	2
902	7
1312	6
2215	3
1312	7
2215	4
1312	8
2215	5
902	4
1312	1
902	3
902	6
1312	3
902	5
1312	4
2215	1
1743	3
1743	2
1743	5
2215	6
2215	7
1743	1
2215	8
1743	8
1743	6
1743	7
1313	2
493	4
1313	3
493	7
493	6
1313	1
493	1
493	3
493	2
2216	7
2216	8
1313	8
2216	5
2216	6
1313	6
2216	3
493	8
1313	7
2216	4
1313	4
2216	1
1313	5
2216	2
1317	1
2213	1
1317	2
2213	2
1317	3
1317	4
2213	4
2213	5
1317	6
2213	6
1317	7
2213	7
897	4
897	5
897	6
897	7
77	8
897	8
77	3
1317	8
2213	8
77	2
77	1
77	7
897	1
77	6
897	2
77	5
897	3
77	4
491	3
491	2
491	4
491	7
2214	1
491	6
2214	2
491	8
491	1
898	1
78	4
898	2
78	6
2690	2
78	5
2690	1
898	5
78	8
2690	4
898	6
78	7
2690	3
898	3
2690	6
2690	5
2214	6
2214	5
2214	4
2214	3
2214	8
78	2
2214	7
78	1
898	8
898	7
2690	7
2690	8
2691	1
1747	1
2212	7
2212	8
2212	5
2212	6
2212	3
2691	6
2212	4
2691	7
2212	1
2691	8
2212	2
2691	2
2691	3
2691	4
2691	5
1747	8
1747	6
1747	7
1747	4
1747	5
1747	2
1747	3
474	6
474	4
474	3
474	2
2700	7
474	1
2700	8
2700	5
2700	6
1308	1
54	1
1308	2
1308	3
1763	1
1308	4
474	8
474	7
894	1
894	2
2238	1
1762	7
1762	8
53	8
894	7
2238	8
894	8
2238	7
2700	3
2700	2
2700	1
894	3
2238	4
894	4
2238	3
894	5
2238	6
2238	5
473	8
473	5
473	4
473	7
473	6
1762	6
53	4
1762	5
53	5
53	6
1762	3
53	7
1762	2
1762	1
53	1
53	2
53	3
473	1
473	2
473	3
1305	6
1305	7
2701	1
1305	4
2701	2
1305	5
2701	3
2701	4
2701	5
1305	8
2701	6
2701	7
2701	8
1763	4
54	4
1763	5
54	3
1763	2
54	6
1763	3
54	5
471	2
1763	8
54	8
471	3
54	7
471	4
1763	6
471	5
471	6
471	7
471	8
1305	3
1305	2
1305	1
2696	6
2696	5
2696	8
2696	2
2696	1
2696	4
2696	3
469	8
469	2
1768	1
59	5
469	3
1768	2
59	4
1768	3
469	1
1768	4
59	2
469	6
469	7
1768	6
59	8
469	4
1768	7
59	7
469	5
1768	8
59	6
2233	5
2233	4
2233	7
2233	6
59	1
2233	8
1309	8
2698	7
2698	8
2233	1
2233	2
2233	3
2698	1
1309	1
2698	2
1309	2
1309	3
1309	4
2698	5
1309	5
2698	6
1309	6
2698	3
1309	7
1767	8
1767	6
1767	7
1767	1
1767	4
1767	5
1767	2
2232	3
2232	4
2232	2
2232	7
2232	8
2232	5
2232	6
1308	7
1308	8
1308	5
1308	6
60	6
60	5
60	8
60	7
481	1
481	3
481	2
1301	6
481	8
1301	7
1301	4
1301	5
481	5
1301	2
481	4
1301	3
481	7
481	6
1301	1
886	8
886	3
886	4
886	5
886	6
2706	6
2706	5
2706	4
2706	3
2706	1
480	8
480	7
480	6
480	5
480	4
480	3
480	2
2706	7
480	1
2706	8
60	3
60	4
60	1
60	2
1757	3
1757	1
2229	8
1757	6
1757	7
1757	4
1757	5
1757	8
479	2
889	2
1299	1
479	3
889	3
479	4
479	5
889	1
479	7
889	7
1299	4
479	6
889	6
1299	5
889	5
1299	2
479	8
889	4
1299	8
1299	6
889	8
1299	7
478	1
478	2
478	5
478	6
478	3
1298	2
478	4
1298	1
1298	4
1298	3
478	7
1298	6
478	8
1298	5
1298	7
1298	8
2229	1
2229	2
2229	4
2229	5
2229	6
2229	7
1304	7
1304	8
1304	5
1304	6
1304	3
1304	4
1304	1
1758	8
1758	7
63	5
883	1
63	2
63	3
1303	6
1758	4
1303	7
1758	3
63	1
1303	8
1758	6
1758	5
1303	2
1303	3
1303	4
1758	2
1303	5
1758	1
883	6
883	7
883	8
883	2
883	3
63	8
883	4
63	7
883	5
63	6
2705	4
2705	5
2705	6
2705	7
2705	8
1302	5
1302	6
1302	3
1302	4
2705	1
1302	7
1302	8
2705	3
66	1
886	1
66	4
886	2
66	3
66	6
66	5
1301	8
1302	2
1302	1
1760	1
1760	2
1760	3
1760	4
1760	5
1760	6
1760	7
1760	8
1405	6
1405	7
1405	4
1405	5
1405	2
1405	3
1405	1
1405	8
2656	6
2656	8
2656	7
2656	2
2656	1
2656	4
2656	3
1406	1
1406	2
1406	7
1406	8
1406	3
1406	4
1406	5
1406	6
455	4
2247	3
455	5
2247	2
455	2
2247	5
455	3
2247	4
455	1
2247	1
455	8
2247	6
455	6
455	7
2247	8
931	5
931	4
931	3
931	2
931	8
931	7
2654	1
931	6
2654	2
2654	3
2654	4
2654	5
2654	6
2654	8
932	2
932	1
932	4
1835	1
932	3
932	6
1835	3
932	5
1835	2
2655	1
932	8
1835	5
1835	4
1835	7
2655	4
1835	6
2655	5
2655	2
1835	8
2655	3
2655	8
2655	7
2655	6
2249	1
2249	3
2249	8
2249	7
2249	6
2249	5
2249	4
937	3
1833	3
937	2
1833	2
937	1
1833	1
2250	8
2250	7
458	7
458	8
458	5
937	8
1833	8
2250	4
458	6
2250	3
458	3
2250	6
458	4
2250	5
458	1
937	4
1833	4
458	2
937	5
1833	5
937	6
1833	6
2250	2
937	7
1833	7
2250	1
1403	6
1403	7
1403	8
1403	2
1403	3
1403	4
1403	5
1403	1
935	8
1831	8
935	7
1831	7
2658	1
935	6
1831	6
2658	2
2658	3
2658	4
2658	5
2658	6
935	1
1831	1
935	5
1831	5
935	4
1831	4
935	3
1831	3
935	2
1831	2
460	3
460	4
460	1
460	2
2658	8
2658	7
936	1
936	4
936	3
936	6
936	5
936	8
936	7
460	8
460	7
460	6
460	5
2239	7
2239	6
2239	8
2239	2
2239	3
2239	4
2239	5
2239	1
462	1
1830	7
462	2
1830	8
927	8
1830	5
1830	6
927	6
1830	3
927	7
1830	4
462	7
462	8
2664	5
2664	8
2664	7
462	3
2664	2
462	4
2664	1
462	5
2664	4
462	6
2664	3
927	5
1830	2
927	4
1830	1
927	3
927	2
927	1
1827	3
1827	5
1827	4
1827	7
1827	6
1827	8
1400	1
1400	2
1400	3
1400	4
1400	5
1400	6
1400	7
1400	8
925	3
925	2
925	1
1828	4
925	6
1828	3
925	5
1828	2
925	4
1828	1
1828	8
1828	6
925	8
1828	5
930	3
930	6
930	5
930	2
930	1
464	7
464	8
464	5
464	6
464	3
464	4
464	1
464	2
931	1
1827	1
465	8
2667	7
2667	6
2667	8
465	4
2667	3
465	5
2667	2
465	6
2667	5
465	7
2667	4
465	1
465	2
2667	1
465	3
930	7
930	8
1397	1
1397	2
1397	3
1397	4
1397	5
1397	6
1397	7
1824	2
1824	1
1824	4
1824	3
1824	6
1824	5
1824	8
929	7
929	6
929	5
929	4
929	8
467	3
467	2
467	5
2245	8
467	4
467	7
929	3
467	6
929	2
929	1
467	8
2245	3
2245	2
2245	1
2245	7
2245	6
2245	5
467	1
2245	4
1397	8
1392	1
1392	2
1392	3
1392	4
1392	5
1392	6
1392	7
1392	8
441	3
441	2
441	1
441	6
441	7
441	4
441	8
1851	1
1851	2
2261	1
2671	1
1851	3
1851	4
1851	5
2261	2
1851	6
2261	5
2671	5
1851	7
2261	4
2671	4
1851	8
2261	7
2261	6
2671	2
919	1
919	5
919	4
919	2
919	8
919	7
919	6
1850	1
1850	2
1850	5
1850	6
1850	3
2670	2
1850	4
2670	1
2670	3
1850	7
2670	6
1850	8
2670	5
2670	8
2670	7
918	8
2262	7
918	7
2262	8
918	4
2262	3
918	3
2262	4
918	6
2262	5
918	5
2262	6
1394	3
1394	4
1394	5
1394	6
1394	1
1394	2
443	1
1394	8
1394	7
443	8
443	6
443	7
443	4
443	5
443	2
443	3
2261	8
917	8
1848	8
2668	1
1848	7
1848	6
2668	3
1848	5
2668	4
1848	4
1848	2
1848	1
2668	6
2668	5
2668	8
2668	7
918	1
918	2
2262	1
2674	1
2674	6
2674	5
2674	4
2674	3
444	7
444	8
444	5
444	6
2674	7
2674	8
1388	4
1388	3
1388	2
1388	1
1846	6
1846	3
1846	4
1846	7
1846	8
923	5
923	4
923	3
923	2
444	2
444	1
923	8
444	4
923	7
444	3
923	6
1388	7
1388	8
1388	5
1388	6
1846	2
1846	1
922	8
922	7
922	4
922	3
922	6
922	5
922	2
922	1
921	2
921	1
445	8
445	4
445	5
445	6
445	7
2671	7
445	1
2671	6
445	2
2671	8
1390	7
1390	8
1390	5
1390	6
1390	4
1390	1
1390	2
921	8
921	7
921	6
921	5
921	4
1844	3
2254	2
1844	4
2254	1
1844	1
1844	2
1844	7
2254	6
1844	8
2254	5
1844	5
2254	4
1844	6
2254	3
2254	8
2678	2
2254	7
2678	1
1385	6
1385	7
1385	4
1385	5
1385	8
1843	2
2253	1
1843	3
1843	4
2253	3
1843	5
1843	6
2253	5
1843	7
2253	4
1843	8
2253	7
2253	6
2253	8
1385	1
1385	2
1843	1
450	3
450	4
450	5
450	6
450	2
1387	1
2255	8
2255	6
2255	7
1387	8
1387	6
1387	7
1387	4
1387	5
1387	2
1387	3
2255	3
2255	5
2255	4
2255	1
1386	3
1841	1
1386	4
1386	5
1841	3
1386	6
1386	1
1386	2
1841	8
1386	7
1841	5
1386	8
1841	4
1841	7
1841	6
917	2
917	1
917	7
917	6
917	5
917	4
2257	7
2257	6
2257	5
2257	4
2257	8
451	2
451	3
451	4
451	5
451	6
2257	3
451	7
2257	2
451	8
2257	1
916	6
916	5
916	8
916	7
451	1
916	2
916	1
916	3
2680	4
2680	3
2680	2
2680	1
2680	8
2680	7
2680	6
2680	5
1839	6
1839	7
450	7
1839	8
450	8
1839	5
1839	3
1839	2
1839	1
2259	8
2259	6
2259	7
2259	4
2259	5
2259	2
2259	1
1838	8
1838	7
1838	4
1838	3
1838	6
1838	5
1838	2
1838	1
2258	7
2258	8
2258	4
2258	3
2258	6
2258	5
2258	2
2258	1
2678	8
2678	7
2678	6
2678	5
2678	4
2678	3
959	1
959	5
959	4
959	3
959	2
1379	4
2275	4
2626	7
1379	5
2275	5
2626	8
1379	2
1379	3
2275	3
1379	8
2275	8
1379	6
2275	6
1379	7
2275	7
2627	1
959	8
959	6
959	7
1380	5
2276	5
1380	6
2276	6
1380	7
2276	7
1380	8
2276	8
2627	4
2627	5
2627	2
2627	3
1380	1
2276	1
2627	8
1380	2
2276	2
1380	3
2627	6
1380	4
2276	4
2627	7
429	8
429	2
429	3
429	1
429	7
429	4
429	5
16	5
16	6
16	7
16	8
16	1
16	2
16	3
16	4
2629	6
427	8
2629	7
427	7
2629	4
427	6
2629	5
427	5
2629	2
427	4
2629	3
427	3
427	2
2629	1
427	1
962	3
962	4
962	5
1379	1
2275	1
962	6
962	1
2629	8
431	6
431	7
962	7
431	8
962	8
11	1
11	2
11	5
11	4
11	7
11	6
2630	2
11	8
2630	1
1376	3
2630	3
2630	4
1376	1
2630	5
1376	2
2630	6
1376	7
2630	7
1376	8
2630	8
1376	5
1376	6
963	1
963	2
432	3
963	3
432	4
963	4
432	1
963	5
432	2
963	6
432	7
963	7
432	8
963	8
432	5
432	6
1804	1
1804	2
1804	3
1804	6
1804	5
1804	8
1804	7
1377	1
1377	2
1377	3
1377	4
1377	6
1377	7
1377	8
1374	2
1374	1
1374	8
1374	7
1374	6
1374	5
1374	4
13	5
13	6
13	7
13	1
13	2
13	3
13	8
965	4
965	5
1375	2
965	6
1375	5
965	7
1375	4
965	1
965	2
1375	1
965	3
14	2
1375	6
965	8
1375	7
1375	8
431	5
2633	2
431	4
431	3
14	7
431	2
14	8
2633	1
431	1
14	5
14	6
14	3
14	4
22	2
22	1
435	4
435	5
435	2
435	3
435	8
435	6
435	7
952	2
952	4
952	3
952	6
952	5
952	8
952	7
2633	6
2633	7
21	8
2633	4
2633	5
2633	8
436	5
436	6
436	7
436	8
1801	2
1801	3
1801	1
953	6
953	7
953	5
436	1
436	2
953	8
436	4
2634	7
2634	8
1373	8
2269	8
953	3
953	2
953	1
1373	2
2269	2
22	3
1373	3
22	4
22	5
2634	1
1373	1
2269	1
22	6
2634	2
1373	6
2269	6
22	7
2634	3
1373	7
2269	7
22	8
2634	4
2269	4
2634	5
1373	5
2269	5
2634	6
1371	7
2267	7
2267	6
1371	8
2267	8
1371	3
2267	3
1371	2
2267	2
1371	5
2267	5
1371	4
1371	1
2267	1
2635	8
2635	6
2635	7
23	8
2635	4
2635	5
23	6
2635	2
23	7
2635	3
23	4
1801	8
23	5
2635	1
23	3
1801	5
1801	4
23	1
1801	7
1801	6
955	8
955	6
955	7
955	4
955	5
955	2
955	3
955	1
434	7
2636	6
434	8
2636	5
2636	8
2636	7
434	4
434	3
2636	2
2636	3
434	5
2636	4
434	2
1802	8
434	1
1802	7
1802	6
1802	5
1802	4
1802	3
1802	2
1802	1
2272	1
2272	3
18	7
2272	4
18	8
2272	5
2272	6
2272	7
2272	8
438	5
438	6
438	3
438	4
1796	1
1796	2
438	7
438	8
1796	4
1796	5
18	2
1796	6
18	1
1796	7
1796	8
18	6
18	5
18	4
18	3
1370	1
19	2
19	4
19	5
1370	5
19	6
1370	6
19	7
1370	3
19	8
2638	1
1370	4
2638	3
2638	4
1370	7
2638	5
1370	8
2638	6
2638	7
2638	8
439	1
439	2
439	3
439	4
439	5
439	6
439	8
19	1
2639	4
437	6
2639	5
437	5
2639	2
437	4
2639	3
437	3
437	2
2639	1
437	1
1367	3
1367	2
1367	5
1367	4
2270	1
1367	1
2270	8
2270	7
1367	7
2270	4
1367	6
2270	3
2270	6
1367	8
2270	5
1799	5
1799	4
1799	3
1799	2
1799	1
21	4
21	5
438	2
21	6
438	1
21	7
1799	8
21	1
1799	7
21	2
1799	6
21	3
437	8
2639	7
2639	6
2639	8
1368	8
1368	7
1368	6
1368	5
1368	4
1368	3
1368	2
1368	1
946	4
415	5
946	3
415	4
946	6
415	3
2641	8
946	5
415	2
415	1
1821	8
2641	7
946	2
2641	4
946	1
2641	5
1821	5
2641	2
1821	4
2641	3
1821	7
1821	6
2641	1
1821	1
1821	3
1821	2
946	7
415	8
946	8
415	6
415	7
414	8
414	7
414	4
414	6
414	5
2640	5
2640	6
414	2
2640	7
414	1
2640	8
2640	1
2640	2
1365	8
2640	4
1	8
1	5
1	4
1	7
1	6
1	1
1	3
1	2
1823	1
1823	2
1823	5
1823	4
2288	1
2288	2
2288	3
2288	4
2288	5
2288	6
2288	7
2288	8
1365	1
1365	3
1365	2
1365	5
1365	4
1365	7
1365	6
1823	6
1823	7
1823	8
1822	6
1822	5
1822	4
2642	1
947	1
2642	3
2642	4
1822	8
2642	5
1822	7
2642	6
2287	8
2287	6
2287	7
1822	2
1822	1
1364	8
1364	7
1364	6
1364	5
947	4
2642	8
947	5
2642	7
947	2
947	3
947	8
1364	4
1364	3
947	6
1364	2
947	7
1364	1
418	7
418	8
1818	4
1818	6
1818	5
1818	2
1818	1
2645	6
950	2
2294	1
2645	4
950	1
2294	2
2645	5
1818	8
2645	2
1818	7
2645	3
2645	1
1362	6
1362	5
1362	4
1362	3
1362	2
1362	1
2644	1
2644	2
2644	3
2644	4
1362	7
1362	8
418	4
418	3
418	6
418	5
2644	5
2644	6
418	2
2644	7
418	1
2644	8
2646	6
2646	5
2646	4
2646	3
1361	1
1361	3
2646	8
1361	2
2646	7
1361	5
1361	4
1361	6
1361	8
417	3
2292	1
417	2
2292	2
417	1
2292	3
2292	4
417	7
2292	5
417	6
417	5
2292	7
417	4
2292	8
417	8
950	5
950	6
2645	8
950	4
950	7
950	8
2291	1
2291	4
2291	5
2291	2
2291	3
1819	1
2291	8
2291	7
1819	5
1819	4
1819	3
1819	2
1819	8
1819	7
1819	6
2646	2
2283	8
939	8
2648	6
939	7
2283	6
2648	7
939	6
2283	7
2648	8
939	5
2283	4
2648	1
939	4
2283	5
2648	2
939	3
2283	2
2648	3
939	2
2283	3
2648	4
939	1
2283	1
938	8
2647	8
938	7
2647	6
2647	7
938	4
2647	4
938	3
2647	5
938	6
938	5
2647	3
1813	8
2647	1
938	2
938	1
1358	6
2650	8
1358	5
2650	7
1358	3
1358	8
1358	7
2650	2
2650	1
1358	2
2650	4
1358	1
2650	3
2650	6
2650	5
940	5
2649	7
940	6
2649	6
940	7
2649	5
940	8
2649	4
2649	8
940	2
2649	2
940	1
940	4
940	3
2649	1
1811	8
1811	7
1811	6
1811	5
5	8
1811	4
1811	3
1811	2
2287	4
2652	1
2287	5
2652	2
2652	3
2287	3
2652	4
2287	1
5	5
1811	1
5	7
5	6
5	1
5	3
5	2
2651	1
1810	8
1810	7
2651	8
2651	7
2651	4
2651	5
2651	2
2651	3
1355	1
1355	7
1810	3
1355	6
1810	4
1810	5
1355	8
1810	6
1355	3
1355	2
1355	5
1810	1
1355	4
1810	2
424	2
424	1
1813	2
424	4
1813	1
424	3
424	6
1813	7
424	5
1813	6
424	8
1813	5
424	7
1813	4
1354	2
1354	1
1354	6
1354	5
1354	4
1354	3
1354	8
1354	7
423	1
2284	5
2284	6
2284	7
2284	8
423	5
423	4
423	3
423	8
423	7
423	6
1353	5
2652	8
1353	4
2652	7
1353	7
2652	6
1353	6
2652	5
1353	8
2284	2
2284	1
2284	4
2284	3
2092	3
2092	4
2092	2
1217	8
1217	7
1217	6
1217	5
1217	4
1217	3
1217	2
1217	1
2092	8
2092	7
2092	6
2092	5
1218	4
1218	3
1673	1
398	7
1218	6
1673	2
398	8
1218	5
398	5
749	8
398	6
2093	8
1218	2
398	4
1218	1
398	1
2093	5
398	2
749	5
2093	4
749	6
749	7
2093	6
2093	1
749	1
749	2
2093	3
749	3
2093	2
395	2
395	5
395	4
395	7
395	6
395	8
1673	7
1673	6
1673	5
1673	4
395	1
1673	8
2091	2
2091	3
2091	4
2091	5
396	4
2091	6
396	3
2091	7
2091	8
396	1
2091	1
2626	2
2626	1
2626	6
2626	5
2626	4
2626	3
396	7
396	8
396	5
396	6
393	8
1675	1
393	4
393	5
393	6
393	7
1675	8
1675	6
1675	7
1675	4
1675	5
1675	2
1675	3
745	3
745	2
745	1
394	5
745	8
394	6
394	3
394	4
394	1
745	4
394	2
745	5
745	6
745	7
1676	1
1676	2
1676	3
1676	4
394	7
394	8
1676	6
1676	5
1676	8
1676	7
1218	8
1218	7
1677	3
1677	2
1677	1
1677	7
1677	6
1677	5
1677	4
392	2
392	1
392	4
392	3
1677	8
392	6
392	5
392	8
392	7
1678	2
1678	1
1678	4
1678	6
1678	5
393	3
1678	8
393	2
1678	7
393	1
1224	6
1679	2
1224	5
1679	3
1224	8
1679	4
1679	5
1224	2
1224	1
1224	4
1224	3
1679	1
390	7
390	8
390	5
390	6
390	3
390	4
390	2
2616	7
390	1
2616	8
2616	5
2616	6
2616	3
2616	4
2616	1
2616	2
2100	8
2100	6
2100	5
2100	4
2100	3
2100	2
2100	1
1679	8
1679	6
2618	8
2618	7
1222	4
2618	2
1222	3
2618	1
1222	6
1222	5
1222	8
2618	6
1222	7
2618	5
2618	4
2618	3
388	8
2097	4
388	7
2097	5
388	6
2097	6
388	5
2097	7
2097	8
1222	1
1222	2
388	4
2097	1
388	2
2097	2
388	1
2097	3
758	1
758	2
389	8
2098	8
2098	7
389	1
2098	1
2098	2
389	3
389	2
389	5
2098	5
389	4
2098	6
389	7
2098	3
389	6
2613	6
2613	7
2613	4
2613	5
2613	2
2613	1
2095	7
2095	6
2095	8
1683	8
1683	7
1683	6
1683	5
1683	3
1683	2
2614	1
2614	2
752	7
2096	8
752	8
2096	7
752	5
2096	6
752	6
2096	5
2096	4
752	4
2096	3
2613	8
752	1
2096	2
752	2
2096	1
1683	1
385	2
385	1
2094	1
2094	2
385	7
385	6
2094	4
385	5
2094	5
385	4
2094	6
2094	7
2094	8
385	8
2614	6
2614	5
2614	4
2614	3
753	2
2614	8
753	3
2614	7
753	4
753	5
753	6
753	7
753	8
754	8
754	7
2095	1
2095	5
2095	2
2095	3
2615	3
2615	2
2615	5
2615	4
754	1
2615	7
754	2
2615	6
2615	8
754	5
754	6
754	3
754	4
763	2
763	3
763	4
763	5
763	6
763	7
763	8
763	1
2609	4
2609	5
2609	6
2609	7
2609	8
2609	1
2609	2
411	2
411	3
411	4
762	7
1658	7
411	5
762	8
1658	8
411	6
411	7
411	8
762	1
1658	1
762	2
1658	2
762	5
1658	5
762	6
1658	6
762	3
1658	3
411	1
762	4
1658	4
2077	8
2077	5
2077	6
2077	7
764	6
2077	1
764	5
2077	2
764	8
2077	3
764	7
1230	8
1230	7
1230	4
2612	8
2612	7
410	7
1230	6
2612	6
410	8
1230	5
2612	5
410	5
2612	4
410	6
410	3
1230	2
2612	2
410	4
1230	1
2612	1
410	1
410	2
2076	7
2076	8
2076	5
2076	6
764	3
764	4
764	1
764	2
1229	8
1229	7
1229	6
1229	4
1229	3
1229	2
1229	1
759	1
759	2
759	3
759	4
1662	1
759	5
1662	2
759	6
1662	3
759	7
1662	4
759	8
1662	5
1662	6
1662	8
2076	2
2076	3
2076	4
758	5
758	6
758	3
758	4
758	7
758	8
2606	2
2606	3
2606	4
2606	5
2606	6
2606	7
2606	8
1233	1
1233	3
1233	2
1233	8
761	2
761	3
1233	5
1233	4
1233	7
1233	6
2074	3
1664	6
2074	4
761	8
1664	5
2074	5
1664	8
2074	6
1664	7
761	5
1664	2
761	4
1664	1
2074	1
761	7
1664	4
2074	2
761	6
1664	3
2074	7
2074	8
1232	8
1232	7
1232	6
1232	5
1232	4
1232	3
1232	2
1232	1
770	1
770	2
770	5
770	6
770	3
770	4
1238	5
1238	6
1238	3
1238	4
1238	7
1238	8
769	4
1665	4
769	5
1665	5
769	6
1665	6
769	7
1665	7
769	8
1665	8
1238	2
1238	1
769	1
1665	1
769	2
1665	2
769	3
1665	3
2602	7
2602	8
2602	1
1237	8
2602	2
2602	5
2602	6
2602	3
2602	4
1237	6
1237	5
1237	4
1237	3
1237	2
1237	1
403	6
403	7
403	8
403	2
403	3
403	4
403	5
403	1
2084	7
2084	8
2084	5
2084	6
2084	3
771	8
2084	4
771	7
2084	1
771	6
2084	2
771	5
771	4
771	3
771	2
771	1
1236	6
1236	5
1236	8
1236	7
1236	2
1236	1
1236	4
1236	3
770	8
770	7
1242	1
1242	2
1242	5
1242	6
1242	3
1242	7
1242	8
766	1
766	2
766	5
766	6
766	3
766	4
766	7
766	8
2599	1
2599	4
2599	5
2599	2
2599	3
2599	8
2599	6
2599	7
1668	1
1668	2
1668	3
1668	4
1668	5
1668	6
1668	7
1668	8
1671	5
1671	4
1671	3
1671	2
1671	1
1671	8
1671	7
1671	6
2601	8
2601	5
2601	4
2601	7
2601	6
1240	8
1240	7
1240	6
1240	5
1240	4
1240	2
1240	1
767	7
767	6
767	8
2601	2
2601	3
2601	1
767	2
767	4
767	5
767	1
367	7
777	7
1187	4
367	6
777	6
1187	5
777	5
1187	2
367	8
777	4
1187	3
1187	8
1187	6
777	8
1187	7
2118	1
2118	2
2118	6
2118	5
2118	4
2118	3
1646	1
1646	2
2118	8
2118	7
1646	5
1646	6
1646	3
1646	4
1646	7
1646	8
368	4
368	3
368	2
778	2
368	1
778	1
368	8
778	4
1188	1
368	7
778	3
1188	2
368	6
778	6
1188	3
778	5
1188	4
778	8
1188	5
778	7
1188	6
1188	7
1188	8
2598	1
2598	2
2598	6
2598	5
2598	4
2598	3
2598	8
2598	7
1647	1
1647	2
1647	3
1647	4
1647	5
1644	4
1644	3
1644	2
1644	1
1644	7
1644	8
1644	5
1644	6
776	7
2120	8
776	8
2120	7
2120	6
776	6
2120	5
776	3
2120	4
776	4
2120	3
776	1
2120	2
776	2
2120	1
2596	3
2596	4
2596	1
2596	2
1190	1
1190	2
2596	7
2596	8
2596	5
2596	6
1190	8
1190	7
1190	4
1190	3
1190	6
1190	5
2121	1
777	1
777	2
2121	3
777	3
2121	2
1649	6
1649	7
1649	4
1649	5
774	1
774	2
1649	8
1649	2
1649	3
1649	1
2594	2
2594	3
2594	4
2594	5
2594	6
774	6
774	4
774	3
774	8
774	7
2594	8
2594	7
775	7
775	6
775	8
775	1
775	2
775	5
775	4
772	7
2116	8
772	8
2116	7
772	5
2116	6
772	6
2116	5
772	4
2116	3
772	1
2116	2
772	2
2116	1
1647	8
1647	6
1647	7
366	8
1193	2
366	7
1193	3
1193	1
366	4
366	6
366	5
2592	5
2592	6
2592	7
366	2
2592	8
366	1
2592	1
2592	2
2592	3
2592	4
2117	5
2117	4
2117	7
2117	6
2117	1
2117	3
1648	5
1193	8
1648	6
1648	7
1648	8
1193	5
1648	1
1193	4
1648	2
1193	7
1648	3
1193	6
1648	4
367	5
367	4
367	3
367	2
367	1
2117	8
1653	1
1653	2
1653	3
361	2
1653	4
1653	5
1653	6
361	1
1653	7
1194	1
1194	2
1194	3
1194	4
1194	5
1194	6
1194	7
1194	8
2591	7
2591	6
2591	8
1654	1
1654	2
361	5
361	4
361	7
361	6
1653	8
361	8
1195	1
1195	4
1195	5
1195	2
2591	1
1195	3
2591	2
1195	8
2591	3
1195	6
2591	5
1195	7
1651	6
1651	7
1651	8
1651	3
1651	4
1651	5
362	6
362	5
362	4
362	3
2588	7
2588	8
362	1
2588	5
1651	1
362	8
362	7
1197	7
1652	3
1197	6
1652	4
1197	5
1652	1
1197	4
1652	2
1197	2
1197	1
1652	7
1652	8
1652	5
1197	8
2589	4
2589	5
2589	6
363	1
2589	7
2589	1
2589	2
2589	3
363	7
363	6
363	8
2589	8
363	3
363	2
363	5
363	4
2587	4
781	8
2587	2
2587	3
2587	8
2587	6
2587	7
781	1
781	3
781	5
2587	1
781	4
781	7
781	6
2121	5
2121	4
2121	7
2121	6
2121	8
782	6
782	5
782	4
782	3
2588	1
2588	2
2588	3
782	8
2588	4
782	7
358	4
1657	7
358	3
1657	6
358	6
1657	5
358	5
1657	4
358	8
782	2
358	7
782	1
1657	8
2122	8
2122	7
1657	2
1657	3
358	1
1657	1
2122	2
2122	1
2122	6
2122	5
2122	4
2122	3
359	8
359	7
359	6
359	5
359	4
359	3
359	2
359	1
779	6
779	7
779	8
779	2
779	3
779	4
779	5
1654	7
1654	8
779	1
1654	3
1654	4
1654	5
1654	6
360	6
360	5
360	8
360	7
2586	7
360	2
2586	8
360	1
360	4
360	3
2586	3
2586	4
2586	5
2586	6
2586	2
1200	8
1200	6
1200	5
1200	4
1200	3
1200	2
1200	1
382	2
382	1
792	6
1202	3
792	5
1202	4
2105	1
382	8
792	8
1202	5
2105	2
382	7
1202	6
2105	3
382	6
792	2
382	5
792	1
382	4
792	4
1202	1
382	3
792	3
1202	2
1633	1
2105	8
1633	2
1633	3
1202	8
2105	5
1202	7
2105	4
2105	7
2105	6
1633	8
1633	4
1633	6
1633	7
791	5
791	4
791	3
791	2
791	1
791	8
791	7
791	6
1631	1
1631	2
1631	5
1631	4
1631	6
1631	7
1631	8
1204	2
1204	1
1204	4
2107	1
1204	3
1204	6
2107	3
1204	5
2107	2
1204	8
2107	5
1204	7
2107	4
2107	7
2107	6
2107	8
2581	8
789	8
1630	2
1630	1
1630	6
1630	5
383	1
1630	4
383	3
383	2
1203	1
383	5
1630	8
383	4
1630	7
383	6
383	7
1203	4
383	8
1203	3
1203	2
1203	8
1203	7
1203	6
1636	5
1636	6
1636	7
1636	8
1636	1
1636	2
1636	3
1636	4
2581	6
789	5
2581	4
789	7
2102	1
2581	5
789	6
2102	2
2581	2
789	1
2581	3
789	3
2581	1
789	2
2580	5
788	8
2580	6
788	7
2580	7
788	6
2580	8
788	5
2580	1
788	4
2580	2
788	3
788	2
2580	4
788	1
1207	7
2103	7
1207	6
2103	6
1207	8
2103	8
2579	1
787	1
380	7
1634	7
380	8
1634	8
380	5
1207	1
2103	1
380	6
1207	3
2103	3
2103	2
1207	5
2103	5
1207	4
2103	4
2579	4
787	3
2579	5
787	2
2579	2
787	5
2579	3
787	4
2579	8
787	7
787	6
2579	6
2579	7
787	8
2102	6
2102	5
2102	4
2102	3
2102	8
2102	7
1634	2
1634	1
380	2
1634	6
380	1
1634	5
380	4
1634	4
380	3
1634	3
2577	1
2577	2
2577	3
2577	8
2577	4
2577	5
2577	6
2577	7
377	5
377	6
377	7
377	8
2575	6
2575	7
2575	8
377	1
377	3
377	2
1637	8
2575	1
2575	5
2575	4
2575	3
2575	2
796	6
796	5
796	8
1637	3
1637	2
1637	5
1637	4
1637	7
1637	6
2574	7
796	4
2574	8
796	3
796	2
796	1
2574	3
2574	5
2574	6
2574	1
2574	2
1643	8
1643	6
1643	7
1643	4
1643	5
1643	2
1643	3
1643	1
1212	8
1212	7
1212	6
1212	5
1212	1
1212	2
1212	4
2573	8
2573	6
2573	7
371	8
2573	4
371	7
2573	5
371	6
2573	2
371	4
371	3
2573	1
371	2
371	1
1642	7
1642	8
1642	3
1642	4
1642	5
1642	6
1642	1
1642	2
794	8
794	7
794	1
794	6
794	5
794	4
794	3
1214	6
2110	6
2110	5
1214	4
2110	4
1214	3
2110	3
1214	8
2110	8
1214	7
2110	7
1214	2
2110	2
1214	1
2110	1
800	8
800	7
800	6
800	5
800	4
800	3
800	2
800	1
1276	3
1276	4
1276	1
1276	2
2564	2
2564	1
2564	4
2564	3
2564	6
2564	5
2564	8
2564	7
2565	8
1276	5
1276	8
1276	7
2565	7
2565	6
2565	5
2565	4
2565	3
2565	2
2565	1
1274	1
1274	2
1274	5
1274	6
1274	3
1274	4
802	2
802	1
1274	8
802	6
802	5
802	4
802	3
336	1
336	2
336	3
336	4
336	5
1732	3
2142	2
2142	1
336	7
1732	1
336	8
1732	2
1732	7
2142	6
1732	8
2142	5
1732	5
2142	4
1732	6
2142	3
2142	8
2143	6
2143	7
2143	8
803	1
802	7
802	8
337	2
337	1
337	6
337	7
337	4
2143	1
337	5
2143	3
2143	2
337	8
2143	5
2143	4
1727	8
1727	7
1727	5
1727	4
1727	3
1727	2
1727	1
2147	8
803	8
803	7
2147	6
803	6
803	5
2147	4
341	8
803	4
2147	5
803	3
2147	2
803	2
2147	3
2569	3
2569	2
2569	1
1728	5
1273	8
1728	6
1728	7
1728	8
1273	5
1728	1
1273	4
1728	2
1273	7
1728	3
1273	6
1728	4
1273	1
1273	2
1273	3
340	5
1729	6
340	6
1729	7
340	7
1729	4
340	8
1729	5
1729	8
805	8
340	1
1729	2
340	2
1729	3
340	3
1729	1
805	3
805	2
805	1
805	7
805	6
805	4
2569	4
1270	5
2569	5
1270	6
2569	6
1270	3
2569	7
1270	4
2569	8
1270	8
341	2
341	3
341	1
341	6
341	7
341	4
2147	1
341	5
1271	6
1271	7
1271	8
1271	1
1271	2
1271	3
1271	4
1271	5
2557	7
1737	8
2557	6
331	1
2557	5
2557	4
2557	3
1282	8
1737	4
2557	2
1282	7
1737	5
2557	1
1737	6
1737	7
331	8
331	6
331	7
331	4
331	5
331	2
2557	8
331	3
1283	1
1283	8
1283	7
1283	6
1283	5
1283	4
1283	2
332	1
332	2
332	4
332	6
332	5
332	8
332	7
808	8
2152	7
808	7
2152	8
808	6
2152	5
2152	6
808	4
2152	3
808	3
2152	4
808	2
2152	1
808	1
2152	2
1739	1
2149	1
1739	3
1739	4
2149	3
1739	5
2149	2
1739	6
2149	5
1739	7
2149	4
1739	8
2149	7
2149	6
2149	8
809	1
809	2
809	6
809	7
330	1
809	4
330	2
809	5
330	3
330	4
330	5
809	8
330	6
330	7
330	8
2150	2
2150	1
2560	1
2150	5
2560	2
2560	3
2150	3
2150	4
2560	5
2560	6
2560	7
2150	7
2560	8
2150	8
1282	1
1282	2
1282	5
1282	6
1282	3
1282	4
1279	2
1279	3
1279	4
1279	5
1279	1
2561	8
2561	7
2561	6
2561	5
2561	4
2561	3
2561	2
2561	1
1279	7
1279	6
1279	8
2155	8
811	8
811	7
2155	6
811	6
2155	7
811	5
2155	4
811	4
2155	5
811	3
2155	2
811	2
811	1
2155	1
1277	8
812	2
812	1
812	4
812	3
1277	1
1277	2
1277	3
1277	5
1277	6
1277	7
333	8
2563	1
2153	1
2153	3
333	2
812	5
333	3
812	6
812	7
333	1
812	8
333	6
333	7
333	5
1278	5
1278	6
1278	3
1278	4
1278	7
1278	8
2563	2
2153	6
2153	7
2563	4
2153	4
2563	5
2153	5
2563	6
1278	1
2563	7
2563	8
2153	8
813	8
1737	3
1737	1
813	2
813	1
813	6
813	7
813	4
813	5
815	1
815	2
815	5
815	4
1718	1
2551	1
1717	8
2551	5
2551	4
2551	3
2551	2
2551	8
2551	7
2551	6
352	2
352	1
352	4
352	6
352	5
814	1
352	8
352	7
814	6
1717	3
814	5
1717	2
814	4
1717	1
814	3
1717	7
1717	6
814	8
1717	5
814	7
1289	7
1289	6
1289	5
1289	4
1289	8
1289	1
1289	2
1289	3
1719	2
1719	4
1719	5
1719	1
1719	6
1719	7
1719	8
1718	7
1718	8
815	8
1718	5
1718	6
815	6
1718	3
815	7
1718	4
2555	5
1287	7
2555	4
1287	6
2555	3
1287	8
2555	8
2555	7
2555	6
818	7
818	8
1287	1
2555	1
1287	3
1287	2
1287	5
1287	4
356	8
356	7
356	6
818	2
356	5
818	4
818	3
818	6
818	5
2134	3
2134	4
2134	5
2134	6
356	4
2134	7
2134	8
356	2
356	1
2554	8
2554	7
2134	2
2134	1
1286	6
1286	5
2554	2
1286	4
2554	1
2554	4
2554	6
1286	8
2554	5
1286	7
817	7
817	6
817	5
817	4
1286	1
1286	2
817	8
2133	8
817	2
817	1
2133	5
2133	4
2133	7
820	5
2133	1
820	6
820	7
2133	3
820	8
2133	2
820	2
820	3
820	4
1285	8
1285	4
1285	5
1285	6
1285	7
1285	1
1285	2
2556	8
2556	5
354	8
2556	6
354	7
2556	2
2556	1
354	4
2556	4
354	5
2556	3
354	6
354	1
354	2
1284	7
1284	8
1284	5
1284	6
1284	3
1284	4
1284	1
1284	2
2544	2
1724	7
2544	1
1724	8
1724	5
2544	3
1724	6
2544	6
1297	3
2544	5
1297	2
2544	8
1297	1
2544	7
1297	7
1297	6
1297	5
1297	4
1297	8
346	2
346	1
346	4
346	3
346	6
346	5
346	8
346	7
2137	1
2137	3
2137	2
2137	5
2137	6
2137	7
2137	8
1724	2
1724	1
1724	4
1724	3
823	4
823	5
823	2
823	3
823	1
2546	4
344	5
2136	8
2546	3
344	6
2136	7
2546	6
344	7
2136	6
2546	5
344	8
2136	5
344	1
823	8
2136	4
344	2
2136	3
2546	2
344	3
823	6
2136	2
2546	1
344	4
2136	1
2546	7
2546	8
2545	3
1725	4
2135	3
2545	2
1725	5
2135	2
2545	1
1725	6
2135	5
1725	7
2135	4
1725	1
1725	2
2135	1
1725	3
2545	8
2545	7
1725	8
2545	6
2135	6
2545	5
2545	4
2135	8
349	8
825	3
1721	3
825	2
1721	2
825	1
1721	1
349	1
349	3
349	2
349	5
349	4
349	7
2548	6
1294	6
2548	5
1294	5
2548	8
1294	4
2548	7
1294	3
1294	8
1294	7
825	6
825	7
1721	7
825	4
1721	4
825	5
1721	5
2548	2
1294	2
2548	1
1294	1
2548	4
825	8
1721	8
2548	3
824	2
824	1
1720	1
824	4
1720	4
824	3
1720	3
824	6
1720	6
824	5
1720	5
824	8
1720	8
824	7
1720	7
2140	5
2140	6
2140	7
2140	8
1293	8
1293	1
1293	3
1293	2
1293	5
1293	4
1293	7
1292	3
1292	4
1292	1
1292	2
2549	8
2140	4
2140	3
2140	2
2140	1
1292	8
1292	7
1292	6
1292	5
1291	6
1291	8
1291	2
1291	3
1291	4
1291	5
1291	1
347	8
2139	7
2549	6
2139	6
2549	5
347	6
2549	4
347	7
2139	8
2549	3
347	4
826	7
2139	3
2549	2
347	5
826	8
2139	2
2549	1
347	2
2139	5
2139	4
826	3
347	1
826	4
826	5
2139	1
826	6
826	1
826	2
2170	7
2170	8
1705	3
1705	2
1705	1
2170	1
2170	2
2170	5
2170	6
2170	3
2170	4
2171	2
2171	3
2171	4
2171	5
2171	6
2171	7
2171	8
2171	1
2539	5
2539	4
830	4
2539	3
830	5
2539	2
830	6
830	7
2539	8
830	8
2539	7
2539	6
1705	4
1705	5
1705	6
1705	7
2539	1
1705	8
830	1
830	2
2172	3
2537	1
2172	4
2537	2
2172	1
2537	3
2172	2
1248	7
1248	8
1248	5
1248	6
1248	3
1248	4
1248	1
1248	2
2537	8
2537	7
2537	6
2172	5
2172	8
2537	4
2172	7
1701	8
833	2
833	3
833	1
833	6
833	7
833	4
833	5
833	8
2173	2
2173	3
2173	1
2173	6
2173	4
2173	5
312	2
1701	3
312	1
1701	2
312	4
1701	1
2173	8
312	6
1701	7
312	5
1701	6
312	8
1701	5
312	7
1701	4
313	6
313	7
1702	4
1702	5
313	5
1702	6
1702	7
1702	8
313	8
1244	2
1244	1
1244	4
2174	1
2174	2
2174	3
2174	4
2174	5
2174	6
313	3
2174	7
313	2
2174	8
313	1
1702	2
1702	1
831	8
831	6
831	7
1244	7
1244	8
1244	5
1244	6
831	5
831	4
831	3
831	2
831	1
832	5
2176	6
315	1
832	6
2176	5
832	7
2176	8
832	8
2176	7
832	1
832	2
2176	1
832	3
2176	4
832	4
2176	3
315	8
315	6
315	7
315	4
315	5
315	2
315	3
1245	4
1245	5
1245	6
1245	7
1245	1
1245	2
1245	3
1245	8
836	5
1253	1
836	6
836	7
1253	3
836	8
1253	2
1253	5
1253	4
1253	7
1253	6
1711	6
1711	7
1711	8
836	2
836	3
836	4
302	6
2177	4
302	5
2177	5
302	4
2177	6
2177	7
2177	8
302	8
302	7
1253	8
302	2
302	1
2177	1
2177	2
2177	3
837	2
837	3
837	1
837	6
837	4
837	5
303	1
303	3
303	2
303	5
303	4
837	8
303	8
303	6
303	7
2530	5
2530	6
2530	3
835	1
2530	4
2530	1
1255	6
2530	2
1255	7
1255	8
1255	2
1255	3
1255	4
1255	5
1255	1
835	8
304	5
304	6
835	6
304	7
835	7
304	8
2530	8
835	4
2530	7
835	5
304	2
835	2
304	3
304	4
1256	7
1711	5
1256	8
1711	4
1256	5
1256	6
1711	2
1256	3
1711	1
1256	1
1256	2
2180	1
305	2
2180	2
305	1
2180	3
2180	4
305	7
2180	5
305	6
2180	6
305	5
2180	7
305	4
2180	8
305	8
2535	1
2535	5
2535	4
2535	3
2535	2
840	1
2535	8
840	2
2535	7
840	3
1250	2
2535	6
840	4
1250	1
840	5
1250	4
840	6
1250	3
840	7
1250	6
840	8
1250	5
1250	7
1250	8
2181	2
2181	3
306	2
306	1
2181	1
306	4
2181	6
306	3
306	6
2181	4
2181	5
306	7
1709	2
306	8
1709	3
1709	1
2181	8
1709	6
1709	4
1709	5
2536	2
2536	1
2536	4
1709	8
2536	6
841	2
1251	1
2536	5
841	3
2536	8
2536	7
841	1
1251	6
1251	7
1251	8
1251	2
1251	3
1251	4
1251	5
2533	6
307	1
2533	7
2533	4
2533	5
2533	2
2533	3
2533	1
307	8
307	6
307	7
307	4
307	5
307	2
2533	8
307	3
1252	4
1252	1
1252	2
2534	1
2534	2
1252	7
1252	8
1252	5
1252	6
2534	8
2534	7
2534	4
2534	6
2534	5
1692	1
1692	4
1692	3
2157	8
2157	4
2157	5
2157	6
2157	7
844	6
2157	1
844	8
2157	2
844	7
2157	3
844	1
844	2
844	3
844	4
2525	8
2525	7
323	8
2525	6
2525	5
323	6
323	7
2525	3
323	4
2525	2
323	5
2525	1
323	2
323	3
1691	8
323	1
1691	7
1691	6
1691	5
1691	4
1691	3
1691	2
1691	1
2524	6
322	7
2524	5
322	8
2524	8
2524	7
1690	8
1690	7
1263	1
2159	1
1263	2
2159	2
2524	4
2159	3
2524	1
1263	4
2159	4
2524	2
1263	5
2159	5
325	8
1690	1
1690	4
1690	3
1690	6
1690	5
325	2
842	7
325	3
842	8
325	1
325	6
325	7
325	5
842	1
842	2
842	3
842	4
842	5
842	6
2523	2
1262	5
2158	5
2523	3
1262	6
2158	6
2523	4
1262	3
2158	3
2523	5
1262	4
2158	4
2523	6
2523	7
2523	8
1262	7
2158	7
1262	8
2158	8
1689	7
1689	6
1689	5
1689	4
1262	1
2158	1
1262	2
2158	2
2523	1
1689	8
324	5
324	6
324	8
1689	2
1689	3
1689	1
841	6
841	7
841	4
841	5
324	1
324	2
324	3
841	8
324	4
2529	3
327	4
2529	2
327	5
2529	1
327	2
327	3
327	1
2529	8
327	8
2529	6
2529	5
327	6
2529	4
327	7
1688	6
1688	5
1688	8
1688	7
1688	2
1688	1
1688	4
1688	3
326	7
2528	5
326	8
2528	8
2528	7
2528	2
326	3
2528	1
2528	4
326	5
2528	3
326	6
2159	8
2159	6
2159	7
326	2
326	1
846	1
846	2
846	3
846	4
846	5
846	6
846	7
846	8
1258	1
1258	5
2161	2
1258	6
2161	3
2526	1
1258	3
2526	2
1258	4
2161	1
2526	3
2161	6
2526	4
2161	7
2526	5
1258	7
2161	4
2526	6
1258	8
2161	5
2526	7
2526	8
2161	8
851	1
316	5
316	6
316	7
316	8
1268	8
1268	5
1268	6
1268	3
851	8
1268	4
851	7
1268	1
851	6
1268	2
851	5
851	3
851	2
2517	8
316	4
316	2
316	1
318	3
318	4
318	5
318	6
318	8
318	1
318	2
1697	7
2517	1
1697	6
2517	2
1697	5
2517	3
1697	4
2517	4
1270	1
2517	5
1270	2
2517	6
2517	7
1697	8
1697	3
1697	1
317	8
317	2
317	3
317	1
317	6
317	7
317	4
317	5
2516	7
2516	8
2516	5
2516	6
1696	2
1696	4
1696	3
2516	3
1696	6
2516	4
1696	5
2516	1
1696	8
1696	7
1264	7
2167	4
1264	8
2167	5
1264	5
2167	2
1264	6
2167	3
1264	3
1264	4
2167	1
1264	1
1264	2
1695	5
1695	4
1695	3
1695	1
2167	8
2167	6
2167	7
320	5
320	6
320	7
320	8
320	1
1695	8
320	2
320	3
1695	6
320	4
1695	7
1694	2
1694	1
1263	6
853	8
1263	7
1263	8
319	5
1694	8
319	4
1694	7
319	3
319	2
1694	4
1694	3
1694	6
319	8
319	6
319	7
2520	1
1266	1
1266	2
2520	3
2520	4
2520	5
1266	5
2169	2
2520	6
1266	6
2169	3
2520	7
2520	8
1266	4
2169	1
2169	7
2169	6
1266	8
2169	5
1266	7
2169	4
2169	8
853	2
853	3
322	1
853	1
322	2
853	6
322	3
853	7
322	4
322	5
853	5
322	6
1692	6
1692	5
1692	8
1692	7
2168	1
2168	2
2168	3
2168	4
2168	5
2168	6
2168	7
2168	8
852	1
321	2
852	2
852	3
852	4
321	1
852	5
321	6
852	6
321	7
852	7
321	4
852	8
321	5
321	8
1569	8
1569	7
1569	6
1569	5
1569	4
1569	3
1569	2
645	8
645	6
645	7
645	4
645	5
2506	8
645	2
2506	7
645	3
645	1
2506	4
2506	3
2506	6
2506	5
2506	2
2506	1
1568	6
1568	5
1568	8
1568	2
1568	1
1568	4
1568	3
1988	6
279	8
644	5
1988	5
644	6
1988	8
279	6
644	7
1988	7
279	7
644	8
1988	2
1988	1
279	5
644	2
1988	4
279	2
644	3
1988	3
279	3
644	4
279	1
647	8
647	7
647	6
647	1
647	5
647	3
647	2
1112	4
1112	3
1112	2
1112	1
1112	8
1112	7
1112	6
1112	5
646	4
646	3
646	6
646	5
646	8
646	7
2507	5
1111	7
1111	6
2507	3
2507	2
1111	8
2507	8
2507	7
646	1
2507	6
646	2
1111	1
2507	1
1111	3
1111	5
1111	4
642	5
642	6
642	3
642	1
642	2
1117	6
1117	7
1117	4
1117	5
1117	2
1117	1
1117	8
641	1
641	2
641	3
641	8
641	4
641	5
641	6
1116	5
1116	6
1116	7
1116	8
1984	3
1984	2
1984	1
1984	8
1984	7
1984	6
1984	5
1116	4
1116	2
1116	1
274	7
274	8
642	8
642	7
274	1
274	6
274	5
274	4
274	3
638	7
638	8
638	3
638	5
638	6
638	1
638	2
1562	8
1562	7
1562	4
1562	3
1562	6
1562	5
1562	2
1562	1
286	7
1106	6
1561	2
286	8
1106	5
1561	3
1106	4
1106	3
1561	1
286	3
1106	2
286	4
1106	1
286	5
286	6
2512	6
2512	5
2512	8
286	1
2512	7
286	2
2512	2
2512	1
2512	4
2512	3
1561	8
1561	7
1561	6
1106	7
1106	8
1561	4
1105	5
1105	4
1105	6
2515	1
1105	8
1980	6
1980	8
1980	7
1105	1
1105	3
1105	2
2515	4
640	2
2515	5
640	1
2515	2
640	4
2515	3
640	3
2515	8
640	6
640	5
2515	6
640	8
2515	7
640	7
2514	2
2514	1
2514	4
2514	6
2514	5
284	5
284	6
284	7
284	8
1563	5
1563	4
1563	3
1563	2
1980	3
1980	4
1563	8
1980	1
1563	7
1980	2
1563	6
2514	7
2514	8
1563	1
1110	7
1565	5
1110	8
1565	4
1565	7
1565	6
1110	3
1565	1
1110	4
1110	5
1565	3
1110	6
1565	2
1565	8
2510	2
2510	1
1979	1
1979	7
1979	6
284	4
2510	8
284	1
1979	8
284	2
2510	6
1979	3
2510	5
1979	2
1979	5
2510	4
2510	3
1979	4
1109	8
1978	6
1978	5
1978	3
283	1
1978	2
1978	1
283	6
1110	2
283	7
1110	1
283	8
283	2
283	3
1978	8
283	4
1978	7
283	5
1567	1
1567	3
1977	1
1567	2
1977	2
1567	5
1977	3
1567	4
1977	5
1567	6
1977	4
1567	7
1977	7
1567	8
1977	6
1977	8
1109	1
1109	3
1109	2
1109	5
1109	7
1109	6
1566	1
1976	3
1566	6
1976	4
1566	5
1976	1
1566	4
1976	2
1566	3
1976	7
1976	8
1566	8
1976	6
1566	7
1108	4
1108	3
1108	2
1108	1
1108	8
1108	7
1108	6
1108	5
1127	6
1127	7
1127	8
658	8
658	7
1127	1
1127	2
1127	3
1127	4
1127	5
658	1
658	2
658	3
658	4
658	5
658	6
1128	3
1128	4
1128	1
1128	7
1128	8
1128	5
1128	6
294	4
659	5
659	4
294	6
659	3
294	5
294	8
294	7
659	8
659	7
659	6
659	1
294	1
294	2
660	6
1556	6
660	5
1556	5
660	8
1556	8
660	7
1556	7
660	2
1556	2
660	1
1556	1
660	4
660	3
1556	3
1557	7
661	6
1557	6
661	5
1557	5
661	4
1557	4
661	3
1557	3
661	2
1557	2
661	1
1557	1
2494	8
2494	7
2494	4
292	5
2494	3
292	6
2494	6
292	7
2494	5
292	8
292	1
292	2
2494	2
292	3
2494	1
292	4
655	1
655	2
655	3
655	4
1558	1
655	5
1558	2
1557	8
2489	5
2489	4
2489	7
2489	6
2489	8
1558	6
655	8
1558	5
655	7
1558	4
1558	3
1558	8
1558	7
2489	1
2489	2
2489	3
2490	6
2490	5
2490	4
2490	3
2490	2
2490	1
1129	1
1129	3
1129	2
2490	8
2490	7
656	6
1559	3
1969	1
656	5
1969	2
656	8
1559	5
1969	3
656	7
1559	4
656	2
656	1
656	4
1559	1
656	3
1969	8
1969	4
1559	7
1969	5
1559	6
1969	6
1969	7
1559	8
289	2
289	3
1970	8
1970	7
289	8
289	4
289	5
289	6
289	7
1129	8
1129	6
1129	7
1129	4
1129	5
1970	6
1970	3
1970	4
1970	1
1970	2
651	4
651	5
651	2
651	3
651	8
651	6
651	7
651	1
1548	1
652	1
1548	2
652	2
1548	4
652	4
1968	2
1968	1
1968	4
1968	3
1968	6
1968	5
1968	8
1968	7
1121	4
1121	5
1121	6
301	8
1121	7
1121	8
1548	6
301	3
652	6
1548	5
301	2
652	5
1548	8
301	1
652	8
1548	7
652	7
301	7
301	6
1121	1
301	5
1121	2
301	4
1121	3
1118	8
1118	7
2500	6
1118	6
2500	5
1118	5
2500	8
1118	4
2500	7
1118	3
2500	2
2500	1
1118	1
2500	4
2500	3
1966	7
1966	8
1966	5
1966	6
1966	3
1966	4
1966	1
1966	2
299	8
299	6
299	7
299	4
299	5
299	2
299	3
299	1
1550	8
1550	7
1550	3
1550	6
1550	5
1550	2
1550	1
2495	1
2495	2
1964	3
2495	3
1964	4
2495	4
1964	1
2495	5
1964	2
2495	7
1964	8
2495	6
1964	7
2495	8
1964	5
648	3
648	1
648	2
648	7
648	8
648	5
648	6
1124	1
1124	2
1124	3
1124	4
1124	5
1124	6
1124	7
1124	8
2496	4
2496	3
2496	2
2496	1
2496	8
2496	7
2496	6
2496	5
649	1
649	2
649	3
1552	8
1552	7
1552	6
1552	5
649	8
1552	4
649	7
649	6
1552	2
649	5
1552	1
649	4
1122	6
1122	5
1122	4
1122	3
1122	2
1553	1
650	4
650	3
1553	3
650	6
1553	2
650	5
1122	7
1122	8
650	2
1553	8
1553	5
650	8
1553	4
650	7
1553	7
1553	6
296	7
296	8
296	5
296	6
296	3
296	4
296	1
296	2
1543	1
1543	5
1543	4
1543	3
1543	2
1543	8
1543	7
1543	6
2480	2
2480	1
2480	4
674	7
2480	3
674	8
2480	6
2480	5
2480	8
2480	7
1542	4
1542	3
1542	6
1542	5
1542	8
1542	7
674	2
674	1
674	4
674	6
674	5
2479	8
2479	7
2479	6
2014	2
2014	1
2014	4
2014	6
2014	5
2014	8
2014	7
1542	1
2017	2
673	3
2017	3
673	2
673	1
2017	1
2479	2
2479	3
2017	8
2479	4
2479	5
673	8
2017	6
2017	7
673	6
2017	4
673	5
2017	5
2479	1
673	4
252	5
252	6
252	7
252	8
2016	5
2478	1
2016	6
2478	2
2016	8
2016	1
2016	2
2016	3
2016	4
252	4
252	3
2478	7
252	2
2478	8
252	1
2478	5
2478	6
2478	4
1085	5
1085	4
1085	7
1085	6
1085	3
1085	2
1085	8
2012	4
2012	3
2012	2
2012	1
2011	3
2011	2
2011	5
2011	4
2011	7
2011	6
2011	8
1545	5
246	6
1545	4
246	5
1545	7
246	4
1545	6
246	3
1545	8
246	8
246	7
1545	3
1545	1
249	8
249	4
249	5
249	6
249	7
249	1
249	3
249	2
2013	8
2013	6
2013	7
2013	4
2013	5
2013	2
2013	3
2013	1
1089	8
1089	5
1089	4
1089	7
1089	6
1089	1
1089	3
1089	2
2474	7
2474	8
2474	5
2474	6
2474	3
2474	4
2012	5
2474	1
668	6
2012	6
2474	2
668	5
2012	7
668	8
2012	8
668	7
2008	2
2008	1
2008	4
2008	3
2008	6
2008	8
2008	7
668	2
668	1
668	4
2007	1
2486	4
2486	3
2486	6
2007	5
2486	8
2007	4
2486	7
2007	3
2007	2
2007	8
2007	7
2007	6
1535	4
1535	5
1535	2
1535	3
1535	8
1535	7
1535	6
667	1
667	5
667	4
667	2
667	8
667	7
667	6
259	8
1534	1
259	6
259	7
259	4
259	5
259	2
1534	7
1534	8
1534	3
1534	4
1534	5
1534	6
2010	3
2010	4
2010	5
2010	6
2010	1
2010	2
2486	1
2486	2
2010	7
2010	8
1533	6
1533	7
1533	5
1533	2
1533	3
1533	1
665	2
665	1
1533	8
665	8
665	7
665	6
665	5
665	4
259	1
254	6
254	5
254	4
1081	1
254	8
1081	2
254	7
1539	2
1539	5
1539	4
1539	7
254	2
1539	6
254	1
1539	8
2484	8
2484	6
2484	5
1081	5
1081	4
1081	7
1081	6
2484	4
2484	3
1081	8
2484	2
2484	1
663	8
663	7
663	6
663	1
663	5
663	4
663	3
663	2
1539	1
2482	5
2482	6
2482	3
2482	4
2482	1
2482	2
2006	8
2006	3
2006	4
2006	5
2006	6
1083	7
1083	6
1083	8
1083	3
1083	2
1083	5
1083	4
256	7
256	8
256	5
1083	1
256	6
256	3
256	4
2482	8
256	1
2482	7
256	2
2481	8
2481	4
2481	6
2481	7
2481	1
2481	2
2481	3
661	8
2006	2
2006	1
1537	8
1537	6
1537	7
1537	4
1537	5
1537	2
1537	3
1537	1
2466	5
2466	6
2466	3
2466	4
2466	1
2466	2
2000	6
2000	5
1097	8
2000	8
2000	7
2000	2
687	6
1097	5
2000	1
687	7
1097	4
2000	4
687	8
1097	7
2000	3
1097	6
1529	8
1529	7
1529	6
1529	5
1529	4
2001	3
1098	6
2001	2
1098	5
2001	1
1098	4
1098	3
2466	8
1098	2
2466	7
1098	1
1529	2
1529	3
1529	1
2001	8
2001	7
2001	6
2001	5
1098	8
1098	7
2464	3
2464	4
2464	1
2464	2
2464	7
2464	8
2464	5
686	2
2464	6
686	1
686	4
686	3
686	6
686	5
686	8
686	7
1099	1
1099	3
1099	5
1099	4
1099	7
1099	6
1099	8
2465	1
2465	2
2465	3
2465	4
687	1
2465	5
2465	6
2465	7
2465	8
687	5
687	4
687	3
687	2
1527	1
1527	4
1527	5
1527	2
1527	8
1527	6
1527	7
1532	2
1532	3
1532	4
1997	8
1101	8
1997	5
1101	5
1997	4
1101	4
1997	7
1101	7
1997	6
1101	6
1997	1
684	5
1101	1
684	6
684	7
1997	2
684	8
1101	2
684	2
684	4
684	3
1998	8
1102	8
1998	7
1102	7
1998	6
1102	6
1998	5
1102	5
1998	4
685	8
1102	4
1102	3
1998	2
685	6
1102	2
1998	1
685	7
685	4
685	5
2463	7
261	8
685	2
2463	6
685	3
2463	8
685	1
2463	2
261	5
2463	3
261	4
261	7
2463	5
261	6
261	1
261	3
2463	1
261	2
1532	8
1532	7
1532	6
1532	5
1530	7
1530	8
1530	1
1530	2
1530	3
1530	4
1530	5
1530	6
682	8
682	7
2460	7
2460	8
2460	5
2460	6
682	1
682	4
682	3
682	6
682	5
1531	4
1531	5
1531	2
1531	3
1531	8
1531	6
1531	7
1531	1
271	3
681	3
271	2
681	2
271	5
681	1
271	1
681	8
1994	3
1994	6
1994	5
271	8
681	4
681	5
1994	2
271	6
681	6
1994	1
271	7
681	7
1994	8
1994	7
1520	1
1520	2
1520	3
1520	4
1520	5
1520	7
1520	8
1093	1
1093	3
1093	2
1093	5
1093	4
1093	6
1093	8
1990	1
2469	4
267	7
1094	1
1990	2
2469	5
267	6
1094	2
2469	6
2469	7
267	8
267	3
2469	1
267	2
2469	2
267	5
2469	3
267	4
267	1
1990	8
1094	8
1990	7
1094	7
1990	6
1094	6
1990	5
2469	8
1094	5
1990	4
1094	4
1990	3
1094	3
268	4
268	3
268	2
678	2
268	1
678	1
1991	7
1095	7
1991	6
1095	6
1991	8
1095	8
678	7
1991	2
678	8
1095	2
1991	5
1095	5
1991	4
1095	4
678	3
268	8
678	4
1991	1
268	5
678	5
1095	1
268	6
678	6
1096	4
1992	3
1096	3
1992	2
1096	2
1992	1
1096	1
1992	8
1096	8
1992	7
1992	6
1096	6
1992	5
1096	5
2468	7
2468	8
676	5
2468	5
676	8
2468	6
676	7
2468	3
676	2
2468	4
676	1
2468	1
676	4
2468	2
676	3
1524	5
1524	6
1524	7
1524	8
1097	1
1097	3
1524	1
1524	2
1524	3
1524	4
221	5
221	4
221	7
221	6
2447	6
221	1
2447	7
2447	8
221	3
221	2
2041	2
2041	3
2041	1
221	8
2041	8
2041	7
2041	6
2041	5
2041	4
1173	7
1173	6
1173	5
1173	3
1173	2
1173	1
696	6
696	5
696	8
696	7
696	2
696	1
696	4
696	3
1172	2
1172	1
1172	4
1172	3
1627	1
2447	5
1627	6
2447	4
1627	7
2447	3
1627	8
2447	2
2447	1
1172	6
1627	2
1172	5
1627	3
1172	8
1627	4
1172	7
1627	5
1629	3
1629	1
1629	7
2449	1
1629	6
2449	2
1629	5
1629	4
2449	4
2449	5
2449	6
2449	7
1629	8
2449	8
699	1
699	4
699	5
699	2
699	8
699	6
699	7
2451	1
700	7
700	8
700	5
700	6
2451	6
2451	7
2451	8
2451	2
2451	3
2451	4
2451	5
1168	6
1168	5
1168	8
1168	7
1168	2
1168	1
1168	4
1168	3
700	2
700	1
700	4
700	3
224	8
224	7
224	6
224	5
224	4
224	3
224	2
224	1
1167	8
1167	7
1167	6
701	8
1625	1
1625	2
1625	3
701	1
701	2
701	3
701	4
701	5
701	6
1167	1
1167	2
1167	3
1167	4
1167	5
1625	5
1625	7
1625	6
1625	8
2034	8
690	7
2034	7
690	8
1621	4
1621	5
1621	7
1621	1
1621	2
1621	3
690	4
2034	4
690	3
2034	5
690	6
2034	6
690	5
2034	1
2034	2
690	1
1620	3
1165	6
1620	4
1165	5
1620	1
1165	4
1620	2
1165	3
1165	2
1165	1
1620	7
1620	8
1620	5
1165	8
1620	6
2033	2
689	3
2033	3
689	2
689	1
2033	1
2033	8
689	8
689	7
2033	7
689	6
2033	4
2033	5
689	4
2032	1
1622	4
2032	2
1622	3
2032	3
1622	6
2032	4
1622	5
2032	5
1622	8
2032	6
1622	7
2032	8
691	4
691	5
691	2
691	3
691	8
691	6
691	7
1622	2
1621	8
1163	1
1163	4
1163	5
1163	2
1163	3
691	1
1163	8
1163	6
1163	7
2458	7
2458	8
2458	5
2458	6
2458	4
2458	1
2458	2
1617	8
1617	4
1617	5
1617	6
1617	7
1617	1
1617	2
1617	3
693	8
693	7
693	6
693	5
693	4
231	7
693	3
231	6
693	2
693	1
231	8
2457	8
231	2
231	5
231	4
2457	5
2457	6
231	1
2457	7
2457	1
2457	3
2457	2
1616	7
1616	8
1616	5
1161	8
1616	6
1616	3
1161	6
1616	4
1161	5
1616	1
1161	4
1616	2
2460	4
1161	1
2460	1
1161	2
2460	2
1161	3
2035	5
229	8
2035	2
1618	8
2035	3
1618	7
2035	8
2035	6
2035	7
229	1
1618	2
229	2
229	3
2035	1
229	4
1618	5
229	5
1618	6
229	6
1618	3
229	7
1618	4
710	2
710	1
710	4
710	5
710	6
710	7
710	8
1186	2
1186	1
1186	4
1186	3
1186	6
1186	5
1186	7
1186	8
711	1
711	4
711	5
711	2
711	3
711	8
2434	2
711	6
2434	1
2434	4
1187	1
2434	6
2434	5
2434	7
2434	8
1184	6
1184	8
1184	7
1184	2
1184	1
1184	4
1184	3
2025	1
233	2
1615	2
233	3
1615	3
2025	3
1615	4
2025	2
233	1
1615	5
1615	1
233	8
2025	8
2025	6
233	5
2025	7
233	4
1615	8
2025	4
233	7
1615	7
2025	5
233	6
1615	6
1185	3
1185	2
1185	1
713	2
713	3
713	1
1185	8
1185	7
1185	6
1185	5
1185	4
713	4
713	5
713	6
713	7
713	8
238	6
238	5
238	4
238	3
238	8
238	7
238	2
238	1
2437	1
1183	1
2437	3
2437	2
2437	5
1183	5
2437	4
1183	4
2437	7
1183	3
1183	2
2437	8
1183	8
1183	6
1183	7
2028	2
236	3
715	6
1611	6
2028	1
236	4
715	7
1611	7
2028	4
236	1
715	8
1611	8
2028	3
236	2
715	2
1611	2
715	3
715	4
1611	4
715	5
1611	5
715	1
1611	1
1180	6
1180	5
1180	8
1180	7
236	8
2028	6
236	7
2028	7
236	6
2028	8
236	5
2439	6
2439	7
2439	8
2439	2
2439	4
2439	5
2439	1
2440	2
2440	1
2440	4
2440	6
2440	5
2440	8
2440	7
2019	4
2019	5
2019	2
2019	3
2019	8
241	1
2019	6
241	3
2019	7
241	5
241	4
241	7
241	6
241	8
704	1
704	2
704	4
704	5
704	6
704	7
704	8
1180	2
1180	1
1180	4
2020	1
2020	2
2020	3
2020	4
2020	5
2020	6
2020	7
2020	8
705	2
705	3
705	1
1177	8
1177	7
1177	6
1177	5
1177	4
2018	6
1608	7
2018	5
1608	8
705	8
1608	5
2018	3
1608	6
2018	2
705	6
1608	3
2018	1
705	7
1608	4
705	4
1608	1
705	5
1608	2
1177	2
1177	1
2019	1
2442	5
2442	6
2442	3
2442	4
2018	7
2442	1
2018	8
2442	2
2442	7
2442	8
2443	3
2443	2
2443	4
2443	7
2443	6
2443	8
2443	1
2024	1
2024	2
2024	4
2024	5
246	2
2024	6
2024	7
2024	8
1174	1
1174	2
243	6
243	8
243	3
243	2
2021	8
243	5
243	4
2021	7
2021	6
2021	5
2021	4
243	1
2021	3
708	7
2021	2
708	8
2021	1
708	5
708	6
708	3
708	4
708	1
708	2
1173	8
244	8
244	7
244	6
244	5
2022	7
244	4
2022	8
244	3
244	2
244	1
2022	3
2022	4
1605	8
2022	5
2022	6
1605	4
1605	5
2022	2
1605	6
2022	1
1605	7
1605	1
1605	2
1174	8
1174	7
1174	4
1174	3
1174	6
1174	5
1143	8
1143	6
1143	7
2421	8
1143	1
1143	4
1143	5
1143	2
1143	3
2422	2
2422	1
191	1
191	5
191	4
191	2
725	8
2421	3
2421	2
2421	1
2421	7
2421	6
2421	5
191	8
191	6
191	7
1145	2
1145	1
2069	7
725	6
2069	6
725	7
194	4
2069	5
725	4
194	5
2069	4
725	5
194	6
2069	3
725	2
2069	2
725	3
2069	1
194	1
725	1
194	2
1600	7
1600	8
1600	5
1145	8
1600	6
1145	7
1600	3
1145	6
1600	4
1145	5
1600	1
1145	4
1600	2
1144	5
2419	1
1144	6
1144	7
1144	8
1144	1
1144	2
1144	3
1144	4
2068	6
724	5
2068	5
724	6
2068	8
724	7
724	8
2068	2
724	1
2068	1
2419	8
724	2
2068	4
2419	7
724	3
2068	3
2419	6
2419	5
2419	4
2419	3
2419	2
2070	6
195	2
2070	5
195	3
195	4
2070	3
195	5
195	6
195	7
1598	2
2070	8
195	8
2070	7
1598	5
1598	6
1598	3
1598	4
2425	1
2425	3
1598	7
2425	2
1598	8
2425	4
730	2
2425	5
730	1
2425	7
2425	8
730	6
730	5
730	3
730	8
730	7
2069	8
194	7
194	8
729	1
729	2
729	3
729	5
729	4
729	7
729	6
729	8
195	1
2070	1
2070	2
2423	2
2423	5
2423	4
1596	8
2423	1
1596	5
1141	8
1596	6
2072	8
197	4
2072	7
197	5
2072	6
197	6
2072	5
197	7
2072	4
2423	7
2072	3
2423	6
197	1
2072	2
197	2
2072	1
2423	8
197	3
197	8
196	3
196	4
2422	8
196	1
2422	7
196	2
2422	6
2422	5
2422	3
196	7
196	8
196	5
196	6
1141	4
1596	2
1141	5
1596	1
1141	6
1596	4
1141	7
1596	3
1141	1
1141	2
1141	3
199	8
1595	3
199	6
1595	4
199	7
1595	5
1595	6
1595	7
1595	8
2060	6
2060	5
199	1
2060	8
2060	7
199	4
199	5
199	2
1595	1
2060	1
2060	2
2060	3
2060	4
719	7
1136	1
719	6
1136	2
1136	3
719	8
1136	4
1136	5
1136	6
1136	7
1136	8
719	1
1594	7
1594	8
719	4
719	5
719	2
719	3
1594	1
1594	2
1594	5
1594	6
1594	3
1594	4
1135	8
1135	6
1135	7
2062	8
201	2
2062	7
201	1
2062	4
2062	3
2062	6
2062	5
2062	2
2062	1
200	5
200	6
200	8
2426	8
200	1
2426	7
200	2
200	3
717	8
2061	8
200	4
2061	7
2426	4
717	6
2061	6
2426	3
717	7
2061	5
2426	6
717	4
2061	4
2426	5
717	5
2061	3
717	2
2061	2
717	3
2061	1
2426	2
2426	1
717	1
1592	8
1592	7
1592	6
1592	5
1592	4
1592	2
1592	1
202	1
202	2
202	5
202	6
202	4
202	7
202	8
201	4
1590	5
201	5
1590	6
201	6
1590	3
201	7
1590	4
201	8
1590	7
1590	8
1135	2
1135	3
1135	4
1590	2
1135	5
1590	1
1135	1
721	1
721	2
1589	8
721	8
721	4
721	5
721	6
721	7
1134	1
1134	2
1589	7
1589	6
1134	7
1589	5
1134	8
1589	4
1134	5
1589	3
1134	6
1134	3
1589	1
720	7
720	8
720	5
720	6
720	3
720	4
720	1
720	2
1587	1
2052	5
1156	5
2052	6
1156	6
2052	7
1156	7
2052	8
1156	8
2052	1
1156	1
2052	2
1156	2
2052	3
1156	3
2052	4
1156	4
2407	8
2407	7
2407	6
2407	5
1587	6
2407	4
1587	7
2407	3
1587	8
2407	2
2407	1
1587	2
1587	3
1587	4
1587	5
2053	6
2053	7
2053	4
2053	5
2053	2
740	8
2053	3
740	7
740	6
740	4
740	3
740	2
740	1
206	7
206	8
206	3
206	4
206	5
206	6
206	1
206	2
2053	8
2405	2
1585	5
2405	3
1585	4
1585	7
2405	1
1585	6
2405	6
2405	7
1585	8
2054	1
2405	4
2054	2
2405	5
1585	3
1585	2
207	1
207	4
207	5
207	2
207	3
2054	4
2054	3
2054	6
2054	5
2405	8
2054	8
2054	7
207	7
207	6
207	8
2410	6
2410	5
2410	4
2410	2
1583	6
2410	1
1583	7
1583	8
2410	8
2410	7
743	3
743	2
743	5
743	4
743	1
2056	5
2056	6
2056	7
2056	8
2056	1
743	7
743	6
2056	3
2056	4
743	8
1584	7
1584	8
2411	1
1584	5
1584	6
1584	4
1584	1
1584	2
2411	7
2411	6
2411	8
2411	2
2411	5
2411	4
2057	2
2057	3
2057	1
2057	5
2057	4
2057	7
2057	6
2057	8
1582	2
1582	1
1582	4
1582	3
1582	6
1582	8
1582	7
2058	2
1155	5
1155	4
1155	3
1155	2
2058	6
2058	5
1155	8
2058	4
1155	7
2058	3
1155	6
2058	8
2058	7
1583	1
1583	5
1583	4
1583	3
1583	2
2414	8
2414	7
2414	4
2414	6
2414	5
2414	2
2414	1
732	8
732	7
732	6
732	5
1581	8
1581	4
1581	5
1581	6
1581	7
1581	1
1581	2
1581	3
2047	8
2047	7
2047	6
2047	1
2047	4
2047	5
2047	2
2047	3
732	1
732	2
732	4
1152	2
1152	1
1152	4
1152	3
1152	6
1152	5
1152	8
1152	7
2049	2
1146	5
2049	3
1146	6
1146	3
2049	1
1146	4
1146	1
1146	2
1577	3
1577	2
2049	8
1577	1
2049	6
2049	7
2049	4
1146	7
2049	5
1146	8
2417	1
2417	3
2417	2
2417	8
2417	5
2417	4
2417	7
2417	6
737	1
737	3
737	2
2418	7
2418	8
2050	4
737	8
2050	5
2050	6
737	5
737	4
2050	1
737	7
2050	2
737	6
1577	8
1577	4
1577	5
1577	6
2418	6
216	7
2418	5
216	8
2418	4
216	5
2418	3
216	6
2418	2
216	3
2418	1
216	4
216	2
217	5
217	4
217	7
217	8
2051	1
2050	8
2050	7
734	1
734	2
734	5
734	6
734	3
734	4
217	1
217	2
734	7
217	3
734	8
735	7
735	6
735	8
2416	4
2051	2
2416	3
2051	5
2416	2
2051	4
2416	1
2051	7
2416	8
2051	6
2416	7
2416	6
2051	8
2416	5
735	1
735	2
735	3
735	4
