325	390	1.0
787	792	1.0
1758	1843	1.0
487	1279	1.0
844	1102	1.0
83	549	1.0
987	137	1.0
327	325	1.0
2092	2618	1.0
2474	435	1.0
1355	1177	1.0
2072	1810	1.0
100	2680	1.0
1255	1063	1.0
866	252	1.0
1204	882	1.0
1516	937	1.0
1969	1775	1.0
75	872	1.0
229	120	1.0
1912	1720	1.0
1801	1908	1.0
1253	1116	1.0
478	1646	1.0
427	1062	1.0
789	946	1.0
687	120	1.0
75	882	1.0
1909	1839	1.0
2698	1760	1.0
1622	825	1.0
965	966	1.0
1507	1277	1.0
1596	1777	1.0
1592	34	1.0
965	967	1.0
75	907	1.0
325	327	1.0
966	982	1.0
2691	2054	1.0
794	857	1.0
1898	2147	1.0
567	187	1.0
1453	1376	1.0
1813	1514	1.0
520	11	1.0
966	967	1.0
2018	1583	1.0
567	174	1.0
327	279	1.0
1355	1124	1.0
1507	1309	1.0
1110	2152	1.0
159	434	1.0
1566	1089	1.0
1364	787	1.0
625	573	1.0
2041	673	1.0
229	53	1.0
1204	817	1.0
2500	1419	1.0
1194	1184	1.0
415	1443	1.0
1955	2223	1.0
1711	1451	1.0
1947	2517	1.0
1019	1143	1.0
75	950	1.0
1697	1944	1.0
508	2392	1.0
691	2458	1.0
2269	2276	1.0
641	1898	1.0
2418	2533	1.0
1584	2397	1.0
1355	1040	1.0
1720	1217	1.0
866	2561	1.0
687	224	1.0
122	1991	1.0
758	1966	1.0
567	2481	1.0
651	1558	1.0
1839	2515	1.0
1255	931	1.0
19	867	1.0
508	2549	1.0
567	2486	1.0
570	256	1.0
1062	1652	1.0
28	533	1.0
749	139	1.0
2587	1648	1.0
1801	2017	1.0
2680	100	1.0
510	315	1.0
325	279	1.0
1276	2291	1.0
1452	1273	1.0
2422	75	1.0
1276	2292	1.0
1504	1508	1.0
1961	1950	1.0
1011	1652	1.0
160	2544	1.0
889	1732	1.0
259	752	1.0
2306	2184	1.0
296	1317	1.0
1955	2184	1.0
1799	2121	1.0
75	788	1.0
480	1355	1.0
42	95	1.0
2613	725	1.0
650	1644	1.0
431	1021	1.0
1379	83	1.0
2361	2355	1.0
137	1371	1.0
567	322	1.0
439	721	1.0
2203	2639	1.0
1325	2077	1.0
2563	2596	1.0
1524	814	1.0
389	2591	1.0
2680	2579	1.0
427	1188	1.0
1346	1345	1.0
72	930	1.0
2606	952	1.0
1253	919	1.0
996	2140	1.0
439	693	1.0
1440	54	1.0
1909	1894	1.0
2050	2411	1.0
573	113	1.0
2613	2626	1.0
159	599	1.0
137	1414	1.0
1616	1230	1.0
732	809	1.0
439	711	1.0
2422	2267	1.0
261	620	1.0
2599	1233	1.0
1143	1019	1.0
2586	1810	1.0
1504	1109	1.0
110	2054	1.0
1141	812	1.0
356	2069	1.0
1460	805	1.0
641	131	1.0
1068	1802	1.0
1811	1767	1.0
460	131	1.0
626	701	1.0
2254	2592	1.0
1524	344	1.0
143	824	1.0
1719	811	1.0
2054	2686	1.0
1647	146	1.0
644	51	1.0
644	50	1.0
1582	658	1.0
2220	1978	1.0
2062	216	1.0
1379	560	1.0
687	382	1.0
2000	2516	1.0
333	325	1.0
1909	1583	1.0
1197	841	1.0
687	431	1.0
883	1617	1.0
159	185	1.0
206	601	1.0
1888	2259	1.0
1622	1195	1.0
493	735	1.0
720	1134	1.0
641	200	1.0
1118	1589	1.0
673	925	1.0
360	1872	1.0
794	1111	1.0
1253	831	1.0
1253	830	1.0
2076	1856	1.0
963	830	1.0
1426	685	1.0
284	2094	1.0
427	1276	1.0
1204	543	1.0
1851	2555	1.0
162	96	1.0
794	1070	1.0
2586	1831	1.0
646	52	1.0
968	690	1.0
1584	2564	1.0
1029	1043	1.0
77	1129	1.0
2216	2058	1.0
1284	1548	1.0
1117	1594	1.0
987	2606	1.0
2209	2314	1.0
840	1527	1.0
360	1788	1.0
1903	1888	1.0
2468	2469	1.0
1583	2678	1.0
1841	2706	1.0
1121	1678	1.0
1355	1305	1.0
1368	818	1.0
559	424	1.0
641	21	1.0
1325	261	1.0
1507	1109	1.0
2058	2466	1.0
460	268	1.0
1017	1671	1.0
2686	2054	1.0
2302	2589	1.0
794	1128	1.0
346	2267	1.0
1844	2627	1.0
1323	324	1.0
75	1018	1.0
917	2375	1.0
100	2579	1.0
1361	1096	1.0
1697	1770	1.0
1508	1109	1.0
673	2654	1.0
2381	1839	1.0
2422	346	1.0
431	1285	1.0
2419	2142	1.0
2016	2035	1.0
160	2173	1.0
732	577	1.0
445	754	1.0
431	1271	1.0
319	687	1.0
576	2486	1.0
1504	1277	1.0
833	1702	1.0
1410	2601	1.0
1795	2546	1.0
2319	1978	1.0
2627	2400	1.0
2654	1364	1.0
491	735	1.0
130	1410	1.0
559	377	1.0
1910	1583	1.0
151	644	1.0
745	66	1.0
1854	2321	1.0
1909	1648	1.0
2176	1720	1.0
1504	1309	1.0
1796	2546	1.0
641	110	1.0
2468	324	1.0
625	701	1.0
1460	776	1.0
1011	1012	1.0
673	131	1.0
139	749	1.0
2143	2097	1.0
1627	1165	1.0
1534	782	1.0
2093	2016	1.0
427	1577	1.0
455	542	1.0
2500	1872	1.0
767	980	1.0
1907	2422	1.0
1293	1050	1.0
1282	1452	1.0
252	2561	1.0
660	626	1.0
660	625	1.0
1242	999	1.0
1286	1299	1.0
2565	1786	1.0
1083	522	1.0
2255	2348	1.0
794	1250	1.0
411	299	1.0
1282	1472	1.0
966	1433	1.0
1596	2347	1.0
593	1145	1.0
866	796	1.0
2613	27	1.0
411	306	1.0
1073	840	1.0
93	2439	1.0
486	1839	1.0
1124	1177	1.0
1030	2457	1.0
1054	1569	1.0
583	1499	1.0
1293	1072	1.0
1394	1129	1.0
996	1496	1.0
2025	1779	1.0
303	599	1.0
1224	1608	1.0
2500	1936	1.0
570	2100	1.0
1017	729	1.0
1183	1074	1.0
2545	2569	1.0
2269	1754	1.0
567	734	1.0
794	1334	1.0
197	708	1.0
1289	1129	1.0
1499	2159	1.0
1394	1098	1.0
803	974	1.0
261	2167	1.0
1846	1980	1.0
1062	1245	1.0
577	356	1.0
110	172	1.0
5	171	1.0
1584	901	1.0
1970	2201	1.0
1462	1594	1.0
169	1757	1.0
427	1529	1.0
561	939	1.0
1690	1739	1.0
577	1802	1.0
2313	2588	1.0
2205	2174	1.0
1051	1592	1.0
423	1692	1.0
520	511	1.0
567	700	1.0
577	331	1.0
1334	1370	1.0
567	689	1.0
641	1364	1.0
2668	2382	1.0
2367	2507	1.0
1364	2169	1.0
559	2464	1.0
1567	1568	1.0
196	708	1.0
579	483	1.0
2010	2535	1.0
2560	2077	1.0
2439	2092	1.0
1340	1112	1.0
1637	929	1.0
1516	1582	1.0
2058	2696	1.0
699	1432	1.0
996	1691	1.0
2331	1770	1.0
431	1569	1.0
231	1285	1.0
753	1622	1.0
2150	1956	1.0
1232	1233	1.0
1794	1796	1.0
2092	1945	1.0
42	2457	1.0
67	1532	1.0
2058	791	1.0
469	183	1.0
660	696	1.0
1911	2367	1.0
1824	2581	1.0
809	864	1.0
975	971	1.0
586	1276	1.0
676	2340	1.0
1794	1776	1.0
1282	1605	1.0
614	233	1.0
238	1061	1.0
1534	901	1.0
1195	595	1.0
1462	1358	1.0
1017	857	1.0
1970	2052	1.0
1051	1493	1.0
1796	1776	1.0
577	1711	1.0
965	1433	1.0
1620	1615	1.0
1051	1500	1.0
1637	984	1.0
1534	971	1.0
690	1827	1.0
110	1889	1.0
2372	2490	1.0
195	674	1.0
882	113	1.0
1059	1212	1.0
520	2609	1.0
1283	1472	1.0
561	2288	1.0
2025	1933	1.0
1185	861	1.0
1822	835	1.0
520	2591	1.0
1813	1156	1.0
252	483	1.0
1304	2348	1.0
1068	835	1.0
59	1892	1.0
1016	853	1.0
962	1516	1.0
1283	1495	1.0
487	1598	1.0
668	481	1.0
876	371	1.0
732	331	1.0
713	1037	1.0
261	2070	1.0
570	711	1.0
1795	1796	1.0
2250	2272	1.0
1694	1229	1.0
2022	88	1.0
2586	1264	1.0
1367	2414	1.0
174	1379	1.0
1644	774	1.0
1913	1933	1.0
2135	2645	1.0
123	1094	1.0
955	1592	1.0
2149	2137	1.0
2496	1763	1.0
151	51	1.0
2381	289	1.0
115	172	1.0
2022	2219	1.0
2249	2297	1.0
1462	1289	1.0
2422	2591	1.0
1637	1074	1.0
729	244	1.0
767	2533	1.0
1452	1605	1.0
360	2423	1.0
1291	894	1.0
2142	2419	1.0
1334	1709	1.0
1507	1508	1.0
1964	2196	1.0
424	63	1.0
44	577	1.0
2012	2634	1.0
1081	815	1.0
261	2525	1.0
967	1141	1.0
2229	1095	1.0
613	2569	1.0
1165	1585	1.0
1379	22	1.0
2229	1094	1.0
1016	997	1.0
1011	1183	1.0
567	467	1.0
1386	1654	1.0
101	759	1.0
579	14	1.0
567	484	1.0
918	851	1.0
1955	322	1.0
567	473	1.0
431	1618	1.0
2375	2514	1.0
254	2671	1.0
2422	2655	1.0
792	1662	1.0
567	478	1.0
815	813	1.0
2381	2295	1.0
41	762	1.0
139	417	1.0
623	346	1.0
100	1853	1.0
577	60	1.0
1644	869	1.0
673	2361	1.0
1688	1558	1.0
141	324	1.0
567	450	1.0
75	1677	1.0
2262	1720	1.0
1185	782	1.0
268	21	1.0
479	53	1.0
1283	1282	1.0
403	682	1.0
1141	2295	1.0
1256	96	1.0
966	1061	1.0
146	2287	1.0
1364	2654	1.0
955	1462	1.0
625	113	1.0
713	682	1.0
1108	1618	1.0
72	1642	1.0
1405	1144	1.0
1410	959	1.0
577	294	1.0
2306	322	1.0
1286	1177	1.0
137	2636	1.0
146	2297	1.0
2208	1787	1.0
1283	1273	1.0
194	520	1.0
1737	1691	1.0
2253	2272	1.0
2208	80	1.0
478	1767	1.0
1367	2563	1.0
889	42	1.0
1848	1928	1.0
1070	1097	1.0
2500	1788	1.0
2191	2366	1.0
137	2581	1.0
1284	1285	1.0
146	2249	1.0
2254	2214	1.0
1168	1333	1.0
49	2457	1.0
1367	2514	1.0
905	1373	1.0
360	2323	1.0
1688	1633	1.0
2481	2486	1.0
520	191	1.0
1118	1262	1.0
493	1187	1.0
522	2313	1.0
1627	1585	1.0
1568	1567	1.0
110	1662	1.0
2556	2561	1.0
1063	1324	1.0
1729	130	1.0
259	436	1.0
1530	883	1.0
137	2544	1.0
794	1692	1.0
794	1695	1.0
1017	1111	1.0
2195	2191	1.0
690	1581	1.0
1193	322	1.0
1345	1122	1.0
1719	2414	1.0
2320	2480	1.0
966	1141	1.0
2693	1371	1.0
818	820	1.0
1839	2381	1.0
1282	1283	1.0
1258	2176	1.0
577	1923	1.0
143	392	1.0
2195	2150	1.0
2381	216	1.0
687	45	1.0
109	305	1.0
2393	1926	1.0
965	1141	1.0
1054	1608	1.0
673	536	1.0
1657	528	1.0
970	955	1.0
1273	1605	1.0
1282	1273	1.0
1729	169	1.0
1112	1413	1.0
930	2443	1.0
673	550	1.0
577	1933	1.0
417	139	1.0
1524	1061	1.0
1218	1350	1.0
2033	2172	1.0
2591	389	1.0
315	1727	1.0
1460	168	1.0
110	641	1.0
2381	2515	1.0
2167	777	1.0
2560	261	1.0
1968	696	1.0
359	96	1.0
16	323	1.0
480	450	1.0
75	1929	1.0
1340	2678	1.0
651	473	1.0
2616	1648	1.0
1818	2465	1.0
360	2506	1.0
360	2500	1.0
2539	2326	1.0
923	1417	1.0
479	498	1.0
2647	2644	1.0
2180	322	1.0
567	1644	1.0
469	897	1.0
2347	398	1.0
110	673	1.0
418	318	1.0
2153	1278	1.0
480	479	1.0
1127	2490	1.0
207	1892	1.0
1117	737	1.0
1689	1229	1.0
2018	2678	1.0
63	2426	1.0
1634	1472	1.0
296	221	1.0
2180	2184	1.0
415	441	1.0
484	368	1.0
2500	2423	1.0
1054	932	1.0
2598	2257	1.0
16	254	1.0
1492	904	1.0
67	2158	1.0
259	1	1.0
1688	1229	1.0
479	569	1.0
732	1779	1.0
931	1063	1.0
1534	1278	1.0
2136	2013	1.0
984	1303	1.0
650	458	1.0
1717	139	1.0
59	2496	1.0
1155	1532	1.0
813	1081	1.0
1283	1023	1.0
802	1476	1.0
1828	2084	1.0
487	286	1.0
2303	2105	1.0
840	60	1.0
2118	2640	1.0
1124	542	1.0
1688	1190	1.0
1535	1279	1.0
1531	1425	1.0
1289	788	1.0
110	508	1.0
2191	1956	1.0
1969	528	1.0
1284	824	1.0
1711	577	1.0
1492	852	1.0
809	1451	1.0
1453	561	1.0
538	358	1.0
1302	2347	1.0
326	1202	1.0
63	333	1.0
229	901	1.0
244	358	1.0
178	886	1.0
63	325	1.0
925	1481	1.0
137	2400	1.0
931	1255	1.0
424	2426	1.0
1270	1313	1.0
1070	423	1.0
1173	916	1.0
110	536	1.0
2561	324	1.0
1043	1436	1.0
197	196	1.0
1932	1922	1.0
1596	837	1.0
567	1545	1.0
2512	2142	1.0
410	754	1.0
67	216	1.0
16	153	1.0
197	217	1.0
808	1439	1.0
292	488	1.0
880	701	1.0
2177	2536	1.0
383	1838	1.0
1657	732	1.0
16	130	1.0
730	1994	1.0
478	464	1.0
431	53	1.0
1051	1172	1.0
1374	1367	1.0
341	710	1.0
1719	202	1.0
1729	1776	1.0
1702	833	1.0
1472	1502	1.0
110	460	1.0
344	1099	1.0
1719	2139	1.0
2500	360	1.0
2212	1233	1.0
1506	252	1.0
1644	1190	1.0
646	743	1.0
876	776	1.0
2500	2506	1.0
53	2581	1.0
1563	356	1.0
1349	613	1.0
1063	2652	1.0
19	1933	1.0
1338	1021	1.0
23	1791	1.0
2134	1926	1.0
882	573	1.0
479	471	1.0
486	2381	1.0
16	81	1.0
1533	1481	1.0
1286	771	1.0
1462	305	1.0
2512	2084	1.0
1432	1413	1.0
1768	2258	1.0
982	1141	1.0
660	398	1.0
1622	301	1.0
1776	2117	1.0
772	105	1.0
1909	443	1.0
685	1426	1.0
1237	383	1.0
2544	2410	1.0
360	331	1.0
1289	500	1.0
1291	424	1.0
577	1527	1.0
367	591	1.0
650	753	1.0
431	120	1.0
2137	2149	1.0
246	173	1.0
100	1256	1.0
1913	305	1.0
349	1245	1.0
1185	121	1.0
2537	2630	1.0
1673	1565	1.0
772	73	1.0
1679	1340	1.0
2152	1585	1.0
319	2311	1.0
429	185	1.0
720	88	1.0
1594	1289	1.0
1394	977	1.0
366	591	1.0
2291	2214	1.0
360	809	1.0
340	1550	1.0
2238	2275	1.0
2698	2701	1.0
431	2034	1.0
431	90	1.0
1499	2399	1.0
1460	474	1.0
886	832	1.0
1207	1545	1.0
1388	1240	1.0
67	2442	1.0
1258	1720	1.0
1559	2565	1.0
2372	1127	1.0
2092	304	1.0
687	1274	1.0
431	178	1.0
479	304	1.0
805	1665	1.0
427	336	1.0
876	1193	1.0
2191	2150	1.0
201	1892	1.0
2239	2272	1.0
1443	1136	1.0
1083	2313	1.0
63	424	1.0
366	2573	1.0
1204	1631	1.0
194	11	1.0
427	319	1.0
2195	1956	1.0
431	173	1.0
67	289	1.0
1910	2678	1.0
427	304	1.0
2474	1193	1.0
789	2426	1.0
110	779	1.0
1330	1050	1.0
632	1563	1.0
2303	1881	1.0
1122	644	1.0
579	1334	1.0
668	1929	1.0
866	1506	1.0
2292	2291	1.0
130	23	1.0
1460	567	1.0
238	330	1.0
2644	2647	1.0
1719	29	1.0
344	1304	1.0
2347	1968	1.0
1474	1250	1.0
880	980	1.0
1911	2417	1.0
1463	1658	1.0
2613	1904	1.0
2302	1908	1.0
67	2360	1.0
2318	1354	1.0
130	2447	1.0
650	2561	1.0
2650	2437	1.0
1330	1021	1.0
194	75	1.0
429	303	1.0
1717	1992	1.0
968	1562	1.0
935	861	1.0
137	2173	1.0
431	224	1.0
480	93	1.0
1729	1537	1.0
34	1702	1.0
2136	2024	1.0
2500	2323	1.0
1909	2515	1.0
1051	1390	1.0
2457	1743	1.0
2599	2331	1.0
1460	1688	1.0
576	1379	1.0
1499	2451	1.0
75	2014	1.0
480	148	1.0
67	2311	1.0
1911	2489	1.0
480	2301	1.0
75	72	1.0
1691	996	1.0
1594	1117	1.0
2134	2200	1.0
1543	802	1.0
1717	42	1.0
2361	1387	1.0
439	22	1.0
415	909	1.0
1062	1011	1.0
1719	1868	1.0
2167	972	1.0
1212	1248	1.0
67	2295	1.0
1	436	1.0
2238	2171	1.0
480	137	1.0
559	2035	1.0
479	216	1.0
1185	2200	1.0
2399	2185	1.0
2560	52	1.0
2614	1757	1.0
478	2410	1.0
368	441	1.0
434	185	1.0
1161	1167	1.0
1112	1102	1.0
137	2232	1.0
984	929	1.0
1330	1072	1.0
303	429	1.0
762	536	1.0
882	817	1.0
1643	1476	1.0
971	1397	1.0
1911	2507	1.0
586	1062	1.0
137	1777	1.0
1011	878	1.0
508	1889	1.0
2399	2400	1.0
2041	2361	1.0
705	377	1.0
1276	2618	1.0
122	732	1.0
60	875	1.0
133	347	1.0
429	434	1.0
968	307	1.0
2167	2168	1.0
383	2133	1.0
2449	520	1.0
2276	2523	1.0
1284	392	1.0
1313	1270	1.0
289	2158	1.0
340	271	1.0
1039	917	1.0
1029	207	1.0
2375	1367	1.0
561	1376	1.0
1673	1353	1.0
1724	1620	1.0
439	80	1.0
31	286	1.0
431	382	1.0
2283	2218	1.0
1822	1802	1.0
259	1112	1.0
143	1548	1.0
137	160	1.0
1146	1324	1.0
1688	774	1.0
1912	1099	1.0
1121	2276	1.0
1728	1377	1.0
315	1245	1.0
713	1966	1.0
1725	1493	1.0
2351	2169	1.0
1976	2656	1.0
1991	2094	1.0
146	1531	1.0
2172	2032	1.0
1725	1509	1.0
1657	1823	1.0
137	93	1.0
244	54	1.0
872	1592	1.0
2176	1941	1.0
1355	1675	1.0
586	2291	1.0
1338	2301	1.0
586	2292	1.0
2392	2549	1.0
1364	1365	1.0
1291	2170	1.0
1976	2690	1.0
676	1443	1.0
1355	1696	1.0
1561	792	1.0
1725	1539	1.0
1309	1508	1.0
2116	2001	1.0
732	1451	1.0
496	271	1.0
2656	1976	1.0
333	390	1.0
1029	1436	1.0
356	1095	1.0
987	1643	1.0
1289	109	1.0
356	1094	1.0
650	2295	1.0
1688	871	1.0
646	313	1.0
1323	1021	1.0
1664	1757	1.0
380	177	1.0
1323	1028	1.0
586	336	1.0
162	997	1.0
315	1074	1.0
1496	1232	1.0
861	1941	1.0
77	346	1.0
307	1377	1.0
123	2401	1.0
1322	1081	1.0
1688	149	1.0
252	1506	1.0
889	897	1.0
2397	2564	1.0
410	1299	1.0
429	599	1.0
431	525	1.0
72	2443	1.0
989	1516	1.0
75	2336	1.0
1894	1896	1.0
641	460	1.0
2216	2651	1.0
947	1180	1.0
2652	2060	1.0
2579	100	1.0
560	168	1.0
2500	864	1.0
2486	1379	1.0
642	377	1.0
1270	877	1.0
1340	435	1.0
1499	1072	1.0
844	569	1.0
577	606	1.0
1499	1050	1.0
673	1387	1.0
1997	1998	1.0
2410	2028	1.0
996	1233	1.0
996	1232	1.0
1263	1105	1.0
2650	2107	1.0
1253	1486	1.0
431	548	1.0
1596	1302	1.0
550	508	1.0
2615	987	1.0
174	576	1.0
1729	1250	1.0
1308	1658	1.0
2560	842	1.0
75	346	1.0
968	323	1.0
491	493	1.0
130	2194	1.0
75	2267	1.0
1373	897	1.0
110	968	1.0
1936	2341	1.0
844	576	1.0
2392	508	1.0
644	2490	1.0
174	2486	1.0
23	2258	1.0
689	836	1.0
231	392	1.0
720	1839	1.0
2229	2069	1.0
320	1274	1.0
143	231	1.0
1535	1598	1.0
699	361	1.0
2276	2269	1.0
72	678	1.0
159	708	1.0
1697	2331	1.0
1039	1197	1.0
388	294	1.0
1673	808	1.0
577	1068	1.0
229	2466	1.0
100	1804	1.0
143	1284	1.0
1535	1557	1.0
673	1364	1.0
1460	2405	1.0
431	652	1.0
1637	246	1.0
2122	2213	1.0
570	1274	1.0
1912	861	1.0
2050	2307	1.0
1930	2350	1.0
75	548	1.0
2174	2205	1.0
1029	1611	1.0
1991	202	1.0
1608	1224	1.0
439	392	1.0
431	687	1.0
2133	1838	1.0
162	685	1.0
431	684	1.0
570	1270	1.0
486	2515	1.0
2530	2295	1.0
2544	1777	1.0
1284	231	1.0
75	506	1.0
955	451	1.0
63	946	1.0
1596	1658	1.0
641	550	1.0
75	512	1.0
2216	676	1.0
484	651	1.0
642	485	1.0
1203	1184	1.0
2057	2096	1.0
75	2655	1.0
878	1652	1.0
673	1294	1.0
2560	1242	1.0
1885	1903	1.0
77	393	1.0
1535	1499	1.0
229	324	1.0
431	2594	1.0
729	1128	1.0
1561	536	1.0
2361	2041	1.0
2507	2417	1.0
1141	1312	1.0
427	837	1.0
687	761	1.0
1729	1111	1.0
559	1642	1.0
2170	2421	1.0
1266	922	1.0
840	875	1.0
1506	2561	1.0
2167	2525	1.0
2586	2442	1.0
2636	2232	1.0
984	1532	1.0
752	436	1.0
2092	586	1.0
656	199	1.0
323	1028	1.0
319	1174	1.0
491	221	1.0
687	684	1.0
1819	2074	1.0
75	681	1.0
14	483	1.0
83	411	1.0
1379	883	1.0
1183	1727	1.0
1155	820	1.0
1251	1252	1.0
77	2533	1.0
484	464	1.0
73	772	1.0
1675	1124	1.0
2685	2524	1.0
559	1556	1.0
935	1354	1.0
110	1297	1.0
2674	996	1.0
359	1256	1.0
2176	2250	1.0
2120	2155	1.0
2512	2419	1.0
2533	2418	1.0
2303	1354	1.0
21	268	1.0
840	1068	1.0
229	2618	1.0
1322	815	1.0
1702	34	1.0
966	178	1.0
2176	121	1.0
75	623	1.0
207	1043	1.0
1476	1643	1.0
559	1533	1.0
1379	971	1.0
2629	2630	1.0
577	864	1.0
577	875	1.0
593	283	1.0
2512	2321	1.0
2050	2219	1.0
1657	1711	1.0
647	451	1.0
427	938	1.0
1762	2209	1.0
100	1620	1.0
168	560	1.0
1892	1775	1.0
762	41	1.0
83	296	1.0
2203	1304	1.0
1846	980	1.0
1486	1253	1.0
655	136	1.0
577	835	1.0
1719	1374	1.0
340	496	1.0
570	1093	1.0
1596	1577	1.0
2693	2173	1.0
576	883	1.0
332	775	1.0
1622	595	1.0
1592	1702	1.0
75	605	1.0
939	1128	1.0
577	840	1.0
883	1317	1.0
1697	2176	1.0
1673	904	1.0
83	306	1.0
75	2514	1.0
480	650	1.0
1049	985	1.0
2422	1830	1.0
