1451	8
159	2
159	3
1451	6
159	4
1451	7
159	5
1451	4
1451	5
1451	2
1451	3
159	1
1451	1
2299	8
2299	7
2299	6
2299	5
2299	4
986	7
2299	3
986	8
986	5
2299	1
986	6
986	3
986	1
159	7
986	2
159	6
159	8
158	7
158	8
1450	7
158	5
1450	8
158	6
158	3
158	4
1450	3
158	1
1450	4
158	2
1450	5
1450	6
1450	1
1450	2
984	4
157	8
984	3
984	2
984	8
633	1
984	7
984	6
633	3
984	5
633	2
157	1
157	2
157	3
157	4
157	5
157	6
157	7
633	4
633	5
633	6
633	7
633	8
983	7
983	6
983	8
1452	1
1452	2
1452	3
1452	4
983	1
983	3
983	5
983	4
1452	6
1452	5
1452	8
1452	7
2295	5
2295	4
2295	3
2295	2
2295	1
162	8
162	7
2295	8
2295	7
2295	6
2294	8
2294	7
2294	3
2294	6
2294	5
1454	1
1454	2
1454	7
162	5
1454	8
162	6
162	3
162	4
1454	3
162	1
1454	4
162	2
1454	5
1454	6
161	1
161	2
161	4
161	5
161	6
161	7
161	8
160	3
160	4
160	1
160	2
980	2
980	1
160	8
980	4
160	5
980	3
160	6
980	6
980	5
980	8
980	7
993	8
2306	4
2306	3
2306	6
2306	5
993	4
993	5
993	6
2306	2
993	7
2306	1
993	1
993	2
993	3
1458	8
1458	7
152	7
1458	4
152	8
1458	5
152	5
1458	6
152	6
152	3
152	4
1458	1
152	1
1458	2
152	2
992	7
1888	7
992	8
1888	8
992	5
1888	5
992	6
1888	6
992	3
992	4
1888	4
1888	1
992	2
1888	2
623	7
623	6
623	8
991	6
1887	6
991	7
1887	7
991	8
1887	8
626	7
626	8
626	2
626	1
991	1
1887	1
991	3
626	6
991	2
1887	2
626	5
991	5
1887	5
626	4
991	4
1887	4
2307	2
2307	3
2307	4
2307	5
2307	6
2307	7
2307	8
2307	1
625	5
625	4
625	7
625	6
625	8
149	8
2306	7
2306	8
625	1
625	3
625	2
621	7
621	6
621	5
621	4
621	2
621	1
1462	1
1462	2
621	8
989	4
989	6
2302	2
989	7
2302	1
989	1
989	2
989	3
2302	8
2302	7
989	8
2302	3
2302	6
2302	5
155	1
620	6
620	5
620	8
620	7
155	6
155	7
155	8
155	2
155	4
155	5
1891	8
1891	6
1891	7
1891	4
1891	5
1891	2
1891	3
620	1
620	2
620	3
154	1
154	2
154	5
154	6
154	3
154	4
623	1
154	7
154	8
623	5
623	4
1891	1
623	2
1463	1
1463	2
1463	5
1463	4
1463	7
1463	6
1463	8
622	2
622	1
622	4
622	3
622	6
622	5
622	8
622	7
1462	6
1462	5
1462	4
1462	3
1462	8
1462	7
1895	6
2312	2
1895	7
2312	1
1895	8
2312	3
2312	6
617	2
2312	5
2312	8
2312	7
617	1
1895	1
1895	2
1895	3
1895	5
1437	8
1437	2
617	5
1437	3
617	4
617	7
1437	1
617	6
1437	6
1437	7
617	8
1437	4
1437	5
1896	3
1896	4
1896	1
1896	2
1896	7
1896	8
1896	5
1896	6
1438	7
1893	5
1438	8
1893	4
1893	7
1893	6
1438	3
1438	4
1438	5
1893	3
1438	6
1893	2
969	8
1438	1
1438	2
969	5
969	4
969	7
969	6
1893	8
1439	4
619	7
1439	5
619	6
1439	2
1439	3
619	8
619	3
1439	1
619	2
970	8
619	5
970	7
619	4
970	6
970	5
970	4
619	1
970	3
970	2
970	1
1439	8
1439	7
1439	6
1898	1
1898	2
1898	3
2308	2
1898	4
2308	1
1898	5
2308	4
1898	6
2308	3
1898	7
2308	6
613	2
1898	8
2308	5
613	3
2308	8
2308	7
613	6
613	7
613	4
613	5
1440	1
1440	2
1440	3
1440	4
613	8
1440	5
148	3
1440	6
148	4
1440	7
1440	8
148	2
148	7
148	8
148	5
148	6
1899	1
1899	5
1899	2
1899	3
1899	8
1899	6
1899	7
149	1
149	2
149	3
149	4
969	2
969	1
149	6
149	7
146	6
146	5
146	4
146	3
146	2
146	1
146	7
146	8
1442	3
1442	4
1442	5
1442	6
1442	1
1442	8
1442	7
967	5
2311	4
967	4
2311	5
967	3
2311	2
2311	3
967	1
1443	1
2311	8
967	8
967	7
2311	6
967	6
2311	7
2319	1
2319	5
2319	4
2319	3
2319	2
1443	4
1443	5
1443	2
1443	3
1443	8
1443	7
611	1
138	7
138	8
2319	6
138	1
2319	7
138	2
2319	8
138	5
138	6
138	3
136	5
136	8
136	7
136	2
136	1
136	4
136	3
976	8
2320	7
611	7
976	7
2320	8
611	6
976	6
2320	5
976	5
2320	6
611	8
976	4
2320	3
976	3
2320	4
611	2
976	2
611	5
976	1
2320	2
611	4
1446	8
1446	7
1446	4
1446	3
1446	5
2321	8
977	8
1446	1
1446	2
977	5
2321	4
612	8
977	4
2321	5
612	7
977	7
2321	6
612	6
977	6
612	5
977	1
612	4
2321	1
612	3
977	3
2321	2
612	2
977	2
2321	3
612	1
1447	1
1447	4
1447	5
1447	2
1447	8
1447	6
1447	7
1905	2
2315	1
1905	3
1905	6
2315	5
1905	7
2315	4
1905	4
1905	5
2315	2
2315	8
1905	8
2315	7
2315	6
607	8
607	7
607	6
607	1
607	4
607	5
607	2
607	3
973	7
2317	6
608	6
973	6
2317	7
608	5
973	5
2317	4
608	8
973	4
2317	5
608	7
973	3
608	2
2317	3
608	1
973	1
608	4
2317	1
608	3
1449	2
1449	3
1449	1
2317	8
973	8
974	2
974	1
974	8
974	7
974	3
974	6
974	5
1904	5
1449	8
1904	6
1904	7
1904	8
1449	5
1904	1
1449	4
1904	2
1449	7
1904	3
1449	6
1904	4
1425	3
1425	1
1425	6
2328	3
1425	7
2328	4
1425	4
2328	1
1425	5
2328	2
2328	7
2328	8
1425	8
2328	5
2328	6
1012	3
1012	4
1012	1
1012	2
1012	7
1012	8
1012	5
1012	6
1424	1
1424	2
1424	4
1424	5
1424	6
1424	7
1424	8
1854	2
1854	1
1013	8
1854	8
1854	7
1854	6
1854	5
1854	4
1854	3
1014	1
1014	2
186	6
186	5
603	1
186	4
186	3
186	2
186	1
1013	4
603	8
1013	5
1013	6
603	6
1013	7
603	7
603	4
1013	1
603	5
1013	2
186	8
603	2
1013	3
186	7
603	3
188	6
188	5
188	8
188	7
1429	2
1429	3
1429	1
1429	7
1429	4
1429	5
1856	4
1856	3
1856	2
1856	8
1856	7
1856	6
1856	5
1855	1
1855	2
601	2
1855	3
601	3
1855	4
1855	5
601	1
1428	5
2324	5
1428	6
2324	6
1428	7
2324	7
1428	8
2324	8
188	3
188	4
188	1
188	2
1855	7
601	7
1855	6
601	6
601	5
1855	8
601	4
1428	1
2324	1
1428	2
2324	2
1428	3
2324	3
601	8
1010	5
600	5
1010	6
600	6
1010	3
600	7
1010	4
600	8
1010	1
600	1
600	2
600	4
1858	6
1858	5
1858	4
1858	3
1858	2
1858	1
1010	8
1010	7
1009	8
1009	4
599	8
1009	5
1009	6
1009	7
189	8
599	7
189	7
599	4
1009	1
189	6
599	5
1009	2
189	5
599	2
1009	3
189	4
599	3
189	3
599	1
189	1
1857	8
1857	5
1857	4
1857	7
1857	6
1857	1
1857	3
1857	2
2335	7
2335	6
178	8
2335	8
1432	1
178	1
1432	2
178	2
1432	4
2335	1
1432	5
178	5
1432	6
2335	3
178	6
1432	7
2335	4
178	3
1432	8
2335	5
178	4
1858	8
1858	7
1861	8
1861	5
1861	4
1861	7
1861	6
1861	3
1861	2
2332	8
1429	8
2332	5
2332	6
1863	6
1863	8
2332	1
182	1
2332	2
182	2
2332	3
2332	4
1863	1
1863	3
1863	2
1863	5
1863	4
1015	6
1015	7
1015	8
1015	1
181	8
1015	2
1015	3
1015	4
1015	5
2331	4
2331	5
181	1
2331	2
181	2
2331	3
181	3
2331	8
181	4
181	5
2331	6
181	6
2331	7
181	7
1862	6
1862	5
1862	4
1862	3
2331	1
1862	8
1862	7
1862	1
1862	2
1014	5
1014	6
1014	3
1014	4
1014	7
1014	8
1865	1
1865	3
1865	2
2330	7
1434	8
2330	8
1434	3
2330	3
1434	4
2330	4
1434	5
2330	5
1434	6
2330	6
1434	1
2330	1
1434	2
2330	2
593	8
593	6
183	8
593	7
183	7
593	4
183	6
593	5
183	5
593	2
183	4
183	3
183	2
593	1
183	1
1864	8
1864	7
1864	6
1864	5
1864	4
1864	3
1864	2
1864	1
1433	8
2329	8
1433	6
2329	6
1433	7
2329	7
1433	4
2329	4
1433	5
1433	3
2329	3
2329	2
1433	1
2329	1
182	8
592	5
182	7
592	6
592	8
182	4
592	1
182	3
592	2
182	6
592	3
182	5
592	4
1865	8
1410	7
1865	5
1410	8
1865	4
1865	7
1865	6
997	5
2341	4
2341	5
997	7
2341	6
997	6
2341	7
997	1
2341	1
997	3
2341	2
997	2
2341	3
997	8
2341	8
1866	6
1866	5
1866	4
1866	3
171	1
1866	2
1866	1
998	2
2342	1
171	6
998	1
2342	2
171	7
171	8
171	2
171	3
1866	8
1866	7
171	5
998	7
2342	8
998	8
2342	7
998	5
2342	6
998	6
2342	5
998	3
2342	4
998	4
2342	3
1867	1
1867	2
1867	5
1867	4
1867	7
172	3
1867	6
172	4
172	1
1867	8
172	2
172	8
589	2
589	3
172	6
999	1
172	5
589	1
999	2
1409	1
589	6
999	3
589	7
999	4
1409	3
589	4
999	5
1409	2
589	5
999	6
1409	5
999	7
1409	4
999	8
1409	7
589	8
1409	6
1409	8
2340	3
2340	4
2340	1
2340	2
2340	7
2340	8
2340	5
2340	6
1868	4
1868	2
1868	1
1868	7
1868	8
1868	5
173	3
1868	6
173	2
173	5
173	4
173	7
590	1
173	6
590	2
1410	1
173	8
590	4
590	5
590	6
1410	6
590	7
1410	5
590	8
1410	4
1410	3
587	8
1414	2
587	6
1414	1
587	7
587	4
587	5
587	2
587	1
994	4
994	3
2338	4
994	6
2338	5
994	5
2338	6
1869	8
994	2
2338	1
994	1
2338	2
1414	7
1869	5
1414	8
1869	7
1869	6
1414	3
1869	1
1414	4
1414	5
1869	3
1414	6
1869	2
994	7
2338	8
994	8
2338	7
1870	8
1870	7
1870	6
1870	5
1870	4
1870	3
1870	2
1870	1
585	6
585	7
585	4
585	5
585	8
2336	1
2336	2
2336	4
2336	5
2336	6
2336	7
2336	8
996	7
1413	3
996	8
1413	2
996	5
1413	1
996	6
1413	7
1413	6
1413	5
1413	4
176	2
176	1
176	4
176	3
996	3
176	6
996	4
176	5
996	1
176	8
996	2
176	7
2337	6
2337	7
2337	4
2337	5
2337	8
1413	8
2337	2
2337	1
584	5
584	6
584	7
584	8
584	2
584	3
584	4
1417	8
1417	6
1417	7
1417	4
1417	5
585	2
585	3
585	1
1418	3
1418	4
1418	5
1418	6
1418	1
1418	2
1418	7
1418	8
583	4
583	5
583	2
583	3
583	8
583	6
583	7
1417	3
1417	2
2347	1
2347	2
2347	3
2347	4
2347	5
2347	6
2347	7
2347	8
1001	3
1001	2
1001	1
168	7
168	8
168	5
168	6
168	3
168	4
168	1
168	2
1001	8
1001	4
1001	5
1001	6
1001	7
2343	8
2343	6
2343	7
579	1
2343	1
2343	4
2343	5
2343	2
2343	3
579	4
579	5
579	2
579	3
579	8
579	6
579	7
1038	2
1038	1
1510	7
1510	8
1510	5
1510	6
1510	4
1941	7
1941	6
1941	5
1038	8
1941	4
1038	7
1941	3
1038	6
1941	2
1038	5
1941	1
1038	4
107	1
1510	2
107	7
1510	1
107	6
107	8
107	3
107	2
107	5
107	4
2350	1
2350	2
1509	8
2350	7
2350	8
2350	4
2350	5
2350	6
106	6
106	5
106	3
106	2
106	1
1509	5
1509	4
1509	7
1509	6
1509	1
106	8
1509	2
106	7
1512	3
1512	4
1512	1
1512	2
1512	7
1512	8
1512	5
1512	6
1938	8
1938	7
1035	1
1035	3
1938	1
1035	4
1938	2
1035	5
1938	3
1035	6
1035	7
1938	5
1035	8
1938	6
104	6
104	5
104	8
104	7
104	2
104	1
104	4
104	3
576	6
576	7
576	8
576	1
576	2
576	3
576	4
575	8
575	6
575	7
2353	8
575	5
575	4
575	3
575	2
2353	4
575	1
2353	5
2353	6
2353	7
1936	6
1936	5
2353	1
1936	8
2353	2
1936	7
2353	3
1936	2
1936	1
1936	4
2356	8
2356	7
2356	6
2356	5
2356	4
2356	3
2356	2
2356	1
1935	8
1935	7
1935	6
1935	1
1935	2
1935	3
1935	4
1935	5
2355	3
2355	2
2355	5
2355	4
101	8
2355	7
2355	6
2355	8
101	3
101	1
101	6
101	7
101	4
2355	1
101	5
565	8
1517	4
1517	5
1517	6
1517	7
1517	1
1517	3
1045	5
1045	4
2358	1
1045	7
2358	2
1045	6
1517	8
1045	1
1045	2
1516	4
1516	3
1516	2
1516	1
1516	7
1516	8
1516	5
1516	6
565	4
565	7
565	6
565	1
565	3
565	2
567	1
567	4
567	2
567	3
567	8
567	6
567	7
1946	2
1946	1
1946	3
1946	6
1946	5
1946	8
1946	7
1519	1
1519	3
1519	4
1519	5
2358	6
2358	5
2358	4
2358	8
2358	7
1518	1
1518	2
1518	5
1518	6
1518	3
1518	4
1518	7
1518	8
569	3
2361	1
569	2
2361	2
569	1
2361	3
1513	8
1513	4
1513	5
1513	6
1513	7
2361	8
569	8
2361	5
569	6
2361	4
569	7
2361	7
569	4
2361	6
569	5
2360	7
568	6
2360	8
568	5
2360	5
568	8
2360	6
568	7
2360	3
568	2
1943	8
2360	4
568	1
1943	7
2360	1
568	4
1943	6
2360	2
568	3
1943	5
1943	3
1943	2
1943	1
1513	3
1513	2
1513	1
1942	4
1942	3
1942	6
1942	5
1942	8
1942	7
1514	7
1514	8
1514	2
1941	8
1045	8
1514	5
1514	6
1514	3
1514	4
570	8
1942	1
1942	2
570	1
570	2
570	3
570	4
570	5
570	6
1954	2
1954	1
1954	4
2364	1
2364	2
1954	6
2364	3
1954	5
2364	4
92	8
92	7
92	6
92	5
1024	4
1024	3
1024	2
1024	1
1024	8
1024	7
1024	6
1024	5
559	1
1955	1
559	3
559	2
559	5
559	4
2364	8
2364	7
1954	7
2364	6
1954	8
2364	5
91	1
91	8
91	6
91	7
91	4
91	5
91	2
559	8
559	6
559	7
92	1
92	2
92	3
92	4
2366	2
2366	1
2366	8
2366	7
2366	5
2366	4
2366	3
1492	6
1492	5
1492	8
1492	2
1492	1
1492	4
1492	3
561	7
561	6
561	5
561	4
561	8
561	3
561	2
561	1
1493	3
1493	2
1493	1
1493	6
1493	5
1493	4
1025	8
2369	8
1494	2
1494	1
1025	4
2369	5
1025	5
2369	4
1025	6
2369	7
1025	7
2369	6
2369	1
563	8
1025	1
1025	2
2369	3
563	6
1025	3
2369	2
563	7
563	4
563	5
563	2
563	3
563	1
87	8
87	6
87	7
87	4
87	5
87	2
87	3
1493	8
87	1
88	5
88	7
88	8
88	1
88	2
88	3
88	4
1494	7
1494	8
1494	5
1494	6
1494	3
1494	4
85	8
1502	2
1502	1
1502	6
1502	5
1502	4
1502	3
1030	1
1030	2
1502	8
1502	7
1030	6
1030	5
551	1
1030	3
551	3
551	2
551	5
1030	8
551	4
1030	7
551	6
551	8
1961	2
2371	1
1961	1
1961	4
2371	3
1961	5
2371	2
1961	6
2371	5
1961	7
2371	4
1961	8
2371	7
2371	6
2371	8
552	4
552	3
552	2
552	1
552	8
552	7
552	6
552	5
1028	3
1028	4
1028	1
1028	2
1028	8
1028	5
1028	6
1959	5
84	1
1959	4
84	2
1959	3
1959	2
84	4
1959	1
553	1
553	3
553	2
84	5
1959	8
84	6
1959	7
84	7
1959	6
84	8
553	8
553	6
553	7
553	4
2373	5
1029	4
2373	4
1029	5
2373	7
1029	6
2373	6
1029	7
1029	1
2373	3
1029	2
2373	2
2373	8
1029	8
85	6
85	7
85	5
85	2
85	3
85	1
555	4
555	3
555	2
83	1
555	8
555	7
555	6
555	1
83	5
83	4
83	3
83	2
83	8
83	7
83	6
80	5
1955	8
80	6
1955	7
80	7
1955	6
80	8
1955	5
80	1
1955	4
80	2
1955	3
80	3
1955	2
80	4
1501	8
1501	4
1501	5
1501	6
1501	7
1501	1
1501	2
1501	3
547	1
2380	7
2380	8
2380	5
2380	6
2380	4
2380	3
2380	2
2380	1
132	8
132	7
132	6
132	5
1910	3
1910	4
1910	5
1910	6
1910	7
1910	8
132	3
132	2
132	1
545	8
545	5
545	4
545	7
545	6
545	1
545	2
1482	8
1482	7
1482	6
1482	5
1482	4
1482	3
1482	1
544	8
544	7
544	6
544	5
544	4
544	3
544	2
1481	8
1481	5
1481	4
1481	7
1481	6
550	3
550	4
550	5
550	6
550	8
1481	3
1481	2
1481	1
550	2
550	1
1907	2
1907	3
549	8
1907	5
1907	6
1907	7
1907	8
1480	2
1480	1
1480	4
1480	3
1480	6
1480	5
1480	8
1480	7
1066	2
1066	1
1066	4
1066	3
1066	6
1066	5
549	3
1066	8
549	2
1066	7
549	1
549	7
549	6
1907	1
549	4
1069	6
1069	7
1069	4
1069	5
1069	2
1069	1
1910	1
1910	2
1069	8
131	6
548	2
548	1
131	8
548	4
548	3
131	2
131	3
131	4
1909	8
131	5
548	6
548	5
548	8
548	7
1068	5
1068	6
1068	7
1068	8
131	1
1909	5
1909	6
1909	7
1909	1
1909	2
1909	3
547	8
547	7
547	6
547	5
547	4
547	3
547	2
1068	2
1068	1
1068	4
126	6
126	5
126	4
126	8
126	7
126	2
126	1
540	4
540	3
540	2
125	8
125	1
125	2
125	5
125	4
125	7
125	6
1070	6
539	3
1070	5
1070	4
539	5
1070	3
539	4
539	7
539	6
1070	8
1070	7
539	8
1070	2
1070	1
539	1
128	7
1920	5
128	8
1920	8
128	5
1920	7
128	6
1920	2
128	3
1920	1
128	4
1920	4
128	1
1920	3
128	2
127	3
127	2
127	5
127	1
1488	8
1488	7
1488	6
1488	5
1488	4
1488	2
1488	1
127	6
127	7
127	8
2390	3
2390	4
2390	5
2390	6
2390	7
2390	8
1074	2
1074	1
1074	4
1074	3
1074	5
1074	7
1074	8
1915	1
1915	2
1915	4
1915	5
1915	6
1915	7
1915	8
1073	3
1073	2
1073	1
542	2
542	1
1073	7
542	4
1073	6
542	3
1073	5
542	6
1073	4
542	5
542	8
542	7
1073	8
122	2
122	1
122	4
122	3
122	6
122	5
122	8
122	7
2390	2
2390	1
1916	6
1916	5
1916	8
1916	7
1486	2
1486	1
1486	8
1486	7
1486	4
1486	6
1486	5
540	6
540	5
540	8
540	7
1916	3
1916	4
1916	1
1916	2
532	8
532	7
532	6
532	5
2393	8
532	4
532	2
532	1
2393	4
2393	5
2393	6
2393	7
2393	1
2393	3
2393	2
1924	5
1469	8
1924	6
1924	7
1924	8
1469	5
1924	1
1469	4
1924	2
1924	3
118	8
1469	6
1924	4
118	7
1469	1
118	6
118	5
1469	3
1469	2
118	3
533	5
533	7
533	6
533	1
2394	7
533	3
1050	8
2394	8
533	2
1050	7
2394	5
2394	6
1050	5
2394	3
1050	4
2394	4
1050	3
2394	1
1050	2
2394	2
1050	1
1925	8
1925	6
1925	7
1470	8
1925	4
1470	7
1925	5
1470	6
1925	2
1470	5
1925	3
1470	4
1470	3
1925	1
1470	2
1470	1
530	8
530	7
530	1
530	2
530	5
530	6
530	4
1927	8
1927	7
1927	6
1052	4
1052	2
1052	1
1927	1
1927	5
1927	4
1927	3
1927	2
2392	4
2392	3
2392	2
2392	1
2392	8
2392	6
2392	5
1921	1
115	8
1921	2
115	7
115	6
115	5
115	4
115	3
115	2
1921	8
1921	4
1921	5
1921	6
1921	7
2396	5
1052	6
2396	6
1052	5
2396	7
1052	8
2396	8
1052	7
115	1
117	3
117	2
117	1
117	7
117	6
117	5
117	4
533	8
1054	2
1054	1
1464	1
1054	4
1464	2
1054	3
1464	3
1054	6
1054	5
1464	5
1054	8
1464	6
1464	7
1464	8
1465	7
1055	8
1465	6
1465	5
1055	6
1465	4
1055	7
1465	8
2396	4
2396	3
2396	2
118	2
2396	1
118	1
117	8
1055	1
1465	2
1055	5
1055	4
1055	3
1465	1
1931	8
1931	6
1931	7
1931	4
1931	5
1931	2
1931	3
1931	1
111	7
111	6
111	8
525	8
2400	7
1056	8
525	5
2400	8
1056	7
525	4
2400	5
1056	6
525	7
2400	6
1056	5
525	6
2400	3
1056	4
525	1
2400	4
1056	3
1056	2
525	3
2400	2
1056	1
525	2
1477	5
1477	4
1477	7
1477	6
1477	1
1477	3
1477	2
526	8
526	6
526	5
526	4
526	3
526	2
526	1
1477	8
2398	6
2398	5
2398	4
2398	8
2398	7
2398	2
2398	1
1933	8
1475	1
1933	2
1933	1
1933	7
1933	6
1933	5
1933	4
2399	3
524	3
2399	2
524	4
2399	5
524	1
2399	4
1475	3
1475	2
1475	5
1475	4
1475	7
1475	6
1475	8
1934	3
1934	6
1934	5
1934	8
1934	7
1059	1
2399	6
524	8
2399	7
524	7
2399	8
524	6
524	5
1934	2
1934	1
2403	8
528	6
1059	8
528	5
2403	6
1059	7
528	8
2403	7
1059	6
528	7
2403	4
1059	5
528	2
2403	5
1059	4
528	1
528	4
2403	3
1059	2
528	3
1473	3
1473	2
1473	1
1928	7
1928	8
1928	5
1473	8
1928	6
1473	7
1473	6
1928	4
1473	5
1928	1
1473	4
1928	2
1061	3
1061	2
1061	1
1061	7
1061	6
1061	5
1061	4
1061	8
110	2
110	1
110	4
110	3
110	6
110	5
527	1
110	8
527	2
110	7
527	4
527	5
527	8
527	7
527	6
1062	2
1062	1
1062	3
1062	4
1062	5
1062	7
1062	8
111	1
111	5
111	4
2403	1
111	2
513	8
513	5
513	4
513	7
513	6
513	1
513	2
881	8
1777	8
881	6
1777	6
881	7
1777	7
881	4
1777	4
881	5
1777	5
881	2
1777	2
881	3
1777	3
881	1
1777	1
1346	8
1346	7
514	6
514	5
514	4
514	3
514	2
514	1
39	6
39	7
39	8
515	1
39	1
39	3
39	4
39	5
1348	8
1348	7
1348	6
1348	5
879	8
514	7
514	8
879	6
879	7
1348	4
1348	3
1348	2
1348	1
2197	1
2197	2
2197	3
2197	4
2197	5
2197	6
2197	7
1776	1
515	4
1776	2
515	5
1776	3
515	2
1776	4
515	3
1776	5
515	8
1776	6
1776	7
515	6
1776	8
515	7
878	1
878	2
44	6
44	5
44	8
44	7
878	7
878	8
878	5
878	3
878	4
44	1
44	2
44	3
44	4
1351	3
1351	2
1351	5
1351	4
879	2
879	3
879	4
1782	1
879	5
1782	2
1351	7
1351	6
879	1
1351	8
510	2
510	1
510	8
510	7
510	6
510	5
510	4
510	3
511	6
511	7
511	8
1352	4
1352	3
1352	2
1352	1
1352	8
1352	7
1352	6
1352	5
2192	3
2192	4
2192	1
42	1
2192	2
42	2
2192	7
42	3
2192	8
2192	5
42	5
2192	6
42	6
42	7
42	8
511	1
511	3
511	2
511	5
512	3
877	1
512	4
877	2
512	1
877	3
512	2
877	4
512	7
877	5
512	8
877	6
512	5
877	7
512	6
877	8
2193	1
2193	2
2193	3
2193	4
2193	5
2193	6
2193	7
2193	8
2187	7
2187	6
2187	8
2187	2
2187	5
2187	4
2187	1
1340	1
520	8
1340	2
520	7
1340	3
520	6
1340	4
520	5
520	4
520	3
520	2
520	1
2188	4
2188	2
2188	1
1340	8
1340	7
1340	6
1340	5
2188	7
2188	8
2188	5
2188	6
46	5
46	6
46	3
46	4
1769	1
1769	3
46	7
1769	2
46	8
46	1
46	2
522	7
522	8
1769	6
1769	7
1769	4
522	1
522	2
522	3
522	4
1769	8
522	5
1343	2
1343	4
1343	5
1343	1
1343	7
1343	6
1343	8
2184	6
2184	5
2184	8
2184	7
2184	2
2184	1
2184	4
2184	3
1344	8
52	2
52	1
1344	6
52	4
1344	5
52	3
1344	4
1344	3
1344	2
1344	1
872	7
872	8
872	5
872	6
872	3
52	6
52	5
872	1
52	8
872	2
52	7
49	2
49	3
49	1
869	1
49	6
49	7
869	3
49	4
869	2
49	5
1772	2
869	4
1772	1
869	7
1772	4
49	8
869	6
1772	3
869	8
1772	5
1772	6
1772	7
1772	8
2186	1
2186	2
2186	5
2186	6
2186	4
2186	7
2186	8
1346	2
1346	1
1346	6
1346	5
1346	4
1346	3
2209	5
2209	6
2209	7
2209	8
1792	2
1792	1
1792	4
1792	3
1792	6
1792	5
2209	1
1792	8
2209	2
1792	7
2209	3
1333	8
1333	3
1333	1
1333	6
1333	7
1333	4
1333	5
2208	3
499	3
2208	4
499	2
2208	1
499	5
2208	2
2208	7
499	7
2208	8
499	6
2208	6
499	8
499	1
867	4
867	5
867	2
867	8
867	6
867	7
502	2
502	1
867	1
26	8
26	5
26	6
26	3
26	4
26	1
26	2
1335	7
1335	6
1335	8
1335	3
1335	5
1335	4
866	7
866	8
1335	1
501	8
866	6
866	5
501	4
866	4
501	7
866	3
501	6
866	2
501	1
866	1
501	3
501	2
1789	8
1789	6
1789	7
1789	4
1789	5
1789	2
1789	1
865	1
865	2
865	3
865	4
865	5
865	6
865	7
865	8
496	4
496	3
2205	1
496	2
496	1
2205	3
496	8
2205	4
496	7
2205	5
496	6
2205	6
496	5
2205	7
2205	8
495	7
2204	7
495	6
2204	8
2204	5
495	8
2204	6
30	1
30	2
1336	3
30	3
30	4
1336	1
30	5
1336	2
30	6
1336	7
30	7
1336	8
30	8
1336	5
1336	6
2207	7
2207	6
2207	8
2207	2
2207	3
2207	4
2207	5
2207	1
1793	2
1793	3
1793	1
1793	8
1793	6
1793	7
1793	4
1793	5
862	2
2206	1
862	1
862	8
2206	7
2206	8
862	6
2206	5
862	5
2206	6
862	4
2206	3
862	3
2206	4
2202	7
2202	8
35	1
2202	1
2202	2
2202	5
2202	6
2202	3
2202	4
860	5
860	6
860	7
860	8
1326	3
1326	4
1326	5
506	8
1326	6
506	7
1326	7
1326	8
506	2
506	1
506	6
506	5
1326	1
506	4
1326	2
506	3
860	4
860	3
2204	4
860	2
2204	1
860	1
2204	2
1782	7
1782	8
1782	3
1782	4
1782	5
1782	6
32	7
32	8
32	5
32	6
32	4
32	1
32	2
1788	8
2198	5
1788	7
2198	6
1788	6
2198	3
503	1
1788	5
2198	4
503	3
503	2
503	5
2198	8
503	4
503	7
503	6
503	8
2197	8
502	6
502	5
502	4
502	3
1329	1
1329	2
502	8
502	7
1329	4
1329	5
1329	6
1329	7
857	1
1329	8
857	3
857	4
857	5
857	6
857	7
857	8
1788	1
1788	2
2198	2
1788	4
2198	1
856	8
856	7
856	6
856	5
856	4
856	3
856	2
856	1
1332	4
1332	3
1787	1
1332	1
1787	8
1787	6
1332	8
1787	4
1332	7
1787	5
1332	6
1787	2
1332	5
1787	3
2199	2
35	8
2199	3
2199	4
35	6
2199	5
35	7
35	4
35	2
2199	1
35	3
1331	1
2199	6
2199	8
1331	7
1786	3
1331	6
1786	4
1786	5
1331	8
1786	6
1331	3
1331	2
1331	5
1786	1
1331	4
1786	2
1786	7
1786	8
487	1
487	3
1748	4
487	2
1748	3
487	5
1748	2
487	4
1748	1
487	7
1748	8
487	6
1748	7
1748	6
487	8
1748	5
1321	2
1321	3
1321	1
2685	1
2223	8
2223	7
2685	3
2223	6
2685	2
2685	5
2685	4
2685	7
2685	6
2685	8
908	6
908	5
908	8
908	7
1749	1
1749	3
1749	2
1749	5
1749	4
1749	7
1749	6
1321	5
2224	2
1321	4
2224	1
1321	7
2224	4
1321	6
2224	3
2224	6
1321	8
2224	5
2224	8
2224	7
908	1
908	2
908	3
908	4
909	7
1319	4
909	6
1319	5
909	5
1319	2
909	4
1319	3
909	2
1319	1
909	1
1319	8
1319	6
909	8
1319	7
68	2
68	1
68	4
68	3
1749	8
68	6
68	5
68	8
68	7
69	8
2223	2
2223	3
2223	4
2223	1
69	7
69	6
69	5
69	4
69	3
69	2
69	1
2682	8
2682	7
2682	2
2682	1
2682	4
2682	6
2682	5
1751	8
1751	7
1751	6
483	3
1751	1
483	2
483	5
483	4
483	7
1751	5
483	6
1751	4
1751	3
483	8
1751	2
1325	8
2221	8
71	8
71	6
1325	1
2221	1
71	1
1325	3
2221	3
1325	2
1325	5
2221	5
71	5
1325	4
2221	4
71	4
1325	7
2221	7
71	3
1325	6
2221	6
71	2
484	8
1752	2
484	7
1752	1
484	6
1752	4
1752	3
1752	6
1752	5
1752	8
1752	7
484	4
484	3
484	2
484	1
482	3
72	6
482	4
72	5
482	5
72	8
482	6
72	7
72	2
72	1
482	1
482	2
72	3
1753	8
1753	6
1753	7
1753	4
1753	5
1753	3
1753	2
1754	7
1754	8
1754	4
1754	5
1754	6
1754	1
1754	2
2219	6
2219	7
2219	8
2219	2
2219	4
2219	5
2219	1
482	8
482	7
1314	1
1314	2
1314	4
2217	1
1314	5
1314	6
2217	3
2217	7
2217	6
1314	8
2217	5
74	2
1314	7
2217	4
74	1
74	4
74	3
74	6
2217	8
74	8
901	3
74	7
901	1
901	6
901	7
901	4
901	5
901	8
1742	2
1742	1
1742	6
495	1
1742	4
1742	3
495	2
1315	1
495	5
1742	8
495	4
1742	7
75	1
492	3
492	4
75	8
492	1
75	7
492	2
902	2
75	6
75	5
75	3
75	2
902	8
2215	2
902	7
2215	4
2215	5
492	8
902	4
492	7
902	3
492	6
902	6
492	5
902	5
2215	1
1743	3
1743	2
1743	5
1743	4
2215	6
2215	7
1743	1
2215	8
1743	8
1743	6
1743	7
76	2
76	1
76	4
76	3
2695	2
2695	3
2695	4
2695	5
76	5
76	6
76	7
76	8
2695	1
2216	7
2216	8
2216	5
2216	6
2216	3
2695	6
2216	4
2216	1
2695	8
2216	2
1744	2
1744	1
1744	4
1744	3
1744	6
1744	5
1744	8
1744	7
2689	7
2689	6
2689	5
77	8
2689	4
2689	8
77	3
77	2
77	1
77	7
2689	3
77	6
77	5
2689	1
491	3
491	2
491	5
491	4
491	7
2214	1
491	6
1318	2
2214	2
491	8
491	1
78	4
78	6
2690	2
78	5
2690	1
78	8
2690	4
78	7
2690	3
2690	6
2690	5
1318	6
2214	6
1318	5
2214	5
1318	4
2214	4
1318	3
2214	3
1318	8
2214	8
78	2
1318	7
2214	7
78	1
1746	4
1746	3
1746	6
1746	5
1746	2
1746	1
1315	6
1315	7
1315	8
1315	2
1315	3
1315	4
2690	7
1315	5
2690	8
489	2
2691	1
489	3
489	1
1746	7
1746	8
1747	1
1316	7
1316	8
1316	5
1316	6
2691	6
489	8
1316	4
2691	7
1316	1
2691	8
1316	2
489	5
2691	2
489	4
2691	3
2691	4
489	6
2691	5
1747	8
1747	6
1747	7
1747	4
1747	5
1747	2
2700	7
2700	8
2700	5
2700	6
54	1
54	2
2238	1
53	8
2238	8
2700	4
2238	7
2700	3
2700	2
2700	1
2238	4
2238	3
2238	6
2238	5
53	4
53	5
53	6
53	1
53	2
53	3
893	6
893	7
2699	1
893	5
893	2
893	3
893	1
2699	7
2699	6
2699	8
2699	3
2699	2
893	8
2699	5
2699	4
1306	1
1306	3
1306	4
1306	5
1306	6
1306	7
1306	8
2236	6
2236	5
2236	8
2236	7
1764	1
1764	2
1764	3
1764	4
472	3
1764	5
472	4
1764	6
472	1
1764	7
472	2
1764	8
472	7
472	8
472	6
1305	6
895	8
1305	7
895	7
1305	4
895	6
1305	5
1305	8
2236	3
2236	1
2236	2
54	4
54	3
54	6
471	1
54	5
471	2
54	8
471	3
54	7
471	4
471	5
471	6
471	7
895	1
471	8
895	4
1305	3
895	5
1305	2
895	2
895	3
891	6
2235	7
2697	3
891	7
2235	6
2697	2
891	8
2697	1
2235	8
891	2
2235	3
2235	2
891	4
2235	5
891	5
1766	7
1766	8
2235	1
891	1
57	8
1766	3
57	7
1311	6
1766	4
57	6
1766	5
57	5
1311	8
1766	6
57	4
1311	2
57	2
1311	3
57	3
1311	4
1766	2
1311	5
1766	1
57	1
1311	1
2696	6
2696	5
2696	8
2696	7
2696	2
2696	1
2234	8
2696	4
2234	7
2696	3
2234	6
2234	5
2234	4
2234	2
2234	1
1765	8
1765	7
56	5
1765	6
56	6
1765	5
56	7
1310	8
1765	4
56	8
1310	5
1765	3
56	1
1310	6
1765	2
56	2
1310	3
1765	1
56	3
1310	4
56	4
1310	1
1310	2
469	8
469	2
1768	1
469	3
1768	2
1768	3
469	1
1768	4
469	6
1768	5
469	7
1768	6
469	4
1768	7
469	5
1768	8
2698	7
2698	8
892	6
2698	1
892	5
2698	2
892	8
892	7
2698	5
2698	6
2698	3
58	8
58	7
892	3
892	1
892	2
58	2
58	1
58	4
58	3
58	6
58	5
2232	3
2232	4
2232	2
2232	7
2232	8
2232	5
2232	6
2697	4
2697	5
2697	6
2697	8
2231	5
2231	4
2231	2
2231	1
60	6
60	5
60	8
60	7
2707	1
2231	8
2231	7
2231	6
2707	6
2707	7
2707	8
2707	2
2707	3
2707	4
2707	5
1301	6
1756	4
1301	7
1756	3
1301	4
1756	2
1301	5
1756	1
1301	2
1301	1
2230	8
886	8
2230	7
886	3
2230	4
886	4
2230	3
886	5
2230	6
886	6
2230	5
1300	1
1300	3
1300	4
60	4
60	1
60	2
1300	5
1300	6
1300	7
1300	8
2229	8
479	2
1299	1
479	3
479	4
479	5
479	7
1299	4
479	6
1299	5
1299	2
479	8
1299	8
1299	6
1299	7
2230	1
2230	2
1756	5
1756	6
1756	7
1756	8
1298	2
1298	1
1298	4
1298	3
1298	6
1298	5
1298	7
1298	8
2229	1
2229	2
2229	4
2229	5
2229	6
2229	7
477	8
477	5
477	4
477	7
477	6
477	1
477	3
477	2
64	6
64	8
64	7
64	2
64	1
64	4
64	3
1758	8
1758	7
2227	1
1758	4
1758	3
1758	6
1758	5
1758	2
1758	1
476	8
476	7
476	6
476	5
2227	7
2227	6
2227	8
2227	3
2227	2
2227	5
2227	4
2226	1
2226	2
2226	5
2226	6
2226	3
2226	4
1302	5
1302	6
1302	3
1302	4
1302	7
1302	8
1761	6
1761	7
1761	4
1761	5
476	1
886	1
886	2
476	3
1761	8
476	4
2226	8
2226	7
1761	2
1761	3
1761	1
1301	8
2704	3
2704	4
2704	1
2704	7
2704	8
2704	5
2704	6
475	4
65	7
475	5
65	6
475	2
65	5
475	3
65	4
475	8
475	6
1302	2
475	7
1302	1
65	8
1760	1
1760	2
1760	3
1760	4
1760	5
65	3
475	1
1760	6
65	2
1760	7
1760	8
454	2
454	1
454	8
454	3
454	4
454	5
454	6
934	2
934	1
455	4
934	7
455	5
934	8
455	2
455	3
934	3
455	1
934	4
934	5
934	6
455	8
455	6
455	7
931	5
931	4
931	2
931	8
931	7
931	6
1407	1
1407	4
1407	5
1407	2
1407	3
1407	8
1407	7
1407	6
456	1
456	2
456	3
456	4
456	6
456	7
456	8
932	2
932	1
932	4
1835	1
932	3
932	6
1835	3
932	5
2655	1
932	8
1835	5
1835	4
1835	7
1835	6
2655	5
2655	2
1835	8
2655	3
1408	2
1408	1
2655	8
1408	4
2655	7
1408	3
2655	6
1408	6
1408	5
1408	8
1408	7
2249	1
2249	3
2249	2
2659	7
2659	6
2249	8
2659	8
2249	7
2659	3
2249	6
2659	2
2249	5
2659	5
2249	4
2659	4
937	3
1833	3
937	2
1833	2
937	1
1833	1
1402	7
1402	8
1402	5
1402	6
1402	3
1402	4
1402	2
2660	8
2660	7
458	7
2660	6
458	8
2660	5
458	5
937	8
1833	8
2660	4
458	6
2660	3
458	3
2660	2
458	4
2660	1
458	1
937	4
1833	4
458	2
937	5
1833	5
937	6
1833	6
937	7
1833	7
1403	6
1403	7
1403	8
1403	2
1403	4
1403	5
1403	1
2251	5
2251	4
2251	3
2251	8
2251	7
2251	6
2251	1
935	8
935	7
2658	1
935	6
2658	2
2658	3
2658	4
2658	5
2658	6
935	1
935	5
935	4
935	3
935	2
2658	8
2658	7
461	6
2663	5
461	7
2663	4
461	4
2663	3
2663	2
461	2
1829	8
2239	7
2663	1
461	3
2239	6
461	1
2239	8
2663	8
461	8
2663	7
2663	6
1829	5
2239	2
1829	4
2239	3
1829	7
2239	4
1829	6
2239	5
1829	1
1829	3
1829	2
2239	1
2240	8
2240	7
1830	7
2240	6
1830	8
2240	5
927	8
1830	5
2240	4
1830	6
927	6
1830	3
2240	2
927	7
2240	1
2664	6
2664	5
2664	8
2664	7
2664	2
2664	1
2664	4
2664	3
1399	4
1399	5
1399	2
1399	3
1399	1
927	5
1830	2
927	4
1830	1
927	3
927	2
927	1
1399	8
1399	6
1399	7
924	6
1827	3
924	5
924	8
1827	5
924	7
1827	4
1827	7
1827	6
1827	8
2662	4
2662	3
2662	6
2662	5
2662	8
2662	7
1828	4
1828	3
1828	2
1828	1
1828	8
1828	7
1828	6
1828	5
2662	1
2662	2
930	4
930	3
930	6
930	5
2243	1
930	2
930	1
1395	6
1395	7
1395	8
1395	2
1395	4
1395	5
1395	1
2666	8
2666	7
2666	6
2666	5
2666	4
2666	3
2666	2
2666	1
931	1
1827	1
1396	7
1396	8
1396	5
1396	6
1396	3
1396	4
1396	1
465	8
2667	7
2667	6
2667	8
465	4
2667	3
465	5
2667	2
465	6
2667	5
465	7
2667	4
465	1
2243	8
465	2
2243	7
2667	1
465	3
2243	6
2243	5
930	7
2243	3
930	8
2243	2
2665	3
2665	1
928	2
928	4
928	3
928	6
928	5
928	8
928	7
929	7
929	6
929	5
929	4
929	8
2245	8
929	3
929	2
929	1
2245	3
2245	2
2245	1
2245	7
2245	6
2245	5
2245	4
2665	5
2665	4
2665	7
2665	6
2665	8
1392	1
1392	2
1392	3
1392	4
1392	5
1392	6
1392	7
1392	8
441	3
441	2
441	1
441	6
441	7
441	4
441	8
1851	1
1851	2
2261	1
2671	1
1851	3
1851	4
1851	5
2261	2
1851	6
2261	5
2671	5
1851	7
2261	4
2671	4
1851	8
2261	7
2671	3
2261	6
2671	2
919	1
1391	8
1391	6
1391	7
919	5
919	4
919	3
919	2
440	2
440	1
919	8
440	4
919	7
440	3
919	6
440	6
440	5
440	8
440	7
2670	2
2670	1
2670	3
2670	6
2670	5
2670	8
2670	7
2262	7
2262	8
2262	3
2262	4
2262	5
2262	6
1394	3
1849	1
1394	5
1849	3
1394	6
1849	2
1394	1
1394	2
1849	8
1394	8
1849	4
1394	7
1849	5
1849	6
2261	8
917	8
1848	8
2668	1
1848	7
2668	2
1848	6
2668	3
1848	5
2668	4
1848	4
1848	2
1848	1
2668	6
2668	5
2668	8
2668	7
2262	2
2262	1
1847	6
2264	2
1847	7
2264	1
2674	1
1847	8
2264	4
2264	3
2264	6
2674	6
2264	5
2674	5
2264	8
2674	4
2264	7
2674	3
444	7
444	8
444	5
444	6
1847	1
1847	2
1847	4
1847	5
924	2
924	4
924	3
2674	7
2674	8
1388	4
1388	2
1388	1
444	2
444	1
444	4
444	3
1388	7
1388	8
1388	5
1388	6
1845	8
1391	2
1391	3
1391	4
1391	5
2266	7
2266	8
1391	1
2266	3
2266	4
2266	5
2266	6
2266	1
2266	2
2265	3
2265	1
445	8
445	4
445	5
445	6
445	7
2671	7
445	1
2671	6
445	2
445	3
2671	8
1845	7
1845	6
1390	7
1845	5
1390	8
1845	4
1390	5
1845	3
1390	6
1845	2
1390	3
1845	1
1390	4
1390	1
1390	2
2265	8
2265	6
2265	7
2265	4
2265	5
2254	2
2254	1
2254	5
2254	4
2254	3
2254	8
2254	7
2677	8
913	3
913	2
913	1
913	7
913	6
913	5
913	4
913	8
447	8
447	6
447	7
2677	2
2677	1
2677	7
2677	6
2677	5
2677	4
912	2
912	1
912	4
912	3
912	6
912	5
912	8
912	7
447	1
447	5
447	4
447	3
447	2
1387	1
2255	8
2255	6
2255	7
1387	8
1387	6
1387	4
1387	5
1387	2
1387	3
2675	8
2675	7
2675	6
2675	5
2675	4
2675	3
2675	2
2255	3
2255	5
2255	4
2255	1
1386	3
1386	4
1386	5
1386	6
1386	1
1386	2
2675	1
1386	7
1386	8
917	3
917	2
917	1
917	7
917	6
917	5
917	4
1382	5
2681	4
1382	6
2681	5
1382	3
2681	6
2681	7
2681	8
1382	7
1382	8
1382	2
2681	1
1382	1
2681	2
1840	3
1840	4
1840	1
1840	2
1840	7
1840	8
1840	5
1840	6
916	6
916	5
916	8
916	7
916	2
916	1
916	4
916	3
2680	4
2680	3
2680	2
2680	1
2680	8
2680	7
2680	6
2680	5
2256	2
2256	1
2256	4
2256	3
2256	6
2256	5
2256	8
2256	7
1384	7
1384	8
1384	5
1384	6
1384	3
1384	4
1384	1
1384	2
453	8
453	5
453	6
453	7
2679	7
453	1
2679	6
453	2
453	3
2679	8
2679	2
2679	5
2679	4
2679	1
1838	8
1838	7
1383	6
1838	4
1383	7
1838	3
1383	8
1838	6
1838	5
1383	2
1383	3
1383	4
1838	2
1383	5
1838	1
914	8
2258	7
914	7
2258	8
1383	1
914	3
2258	4
914	4
2258	3
914	5
2258	6
914	6
2258	5
452	7
452	8
452	5
914	1
2258	2
452	6
914	2
2258	1
452	3
452	4
452	1
452	2
959	1
959	5
959	4
959	3
959	2
1379	4
2275	4
2275	5
1379	2
2275	2
1379	3
2275	3
1379	8
2275	8
1379	6
2275	6
1379	7
2275	7
1807	1
15	1
1807	4
15	3
1807	5
15	2
1807	2
15	5
2627	1
15	4
959	8
959	6
959	7
1380	5
1380	6
1380	7
1380	8
1807	7
15	8
2627	4
1807	6
2627	5
15	6
2627	2
1807	8
15	7
2627	3
1380	1
2627	8
1380	2
1380	3
2627	6
1380	4
2627	7
429	8
429	2
429	3
429	1
429	7
429	4
429	5
426	8
2628	5
426	7
2628	6
2628	8
426	4
16	5
2628	1
426	3
16	6
2628	2
426	6
16	7
2628	3
16	8
2628	4
16	1
16	2
426	2
16	3
426	1
16	4
2274	6
2274	5
2274	4
2274	3
2274	2
2274	1
2629	6
427	8
1809	8
2629	7
427	7
2629	4
427	6
427	5
1809	5
2629	2
427	4
1809	4
2629	3
427	3
1809	7
427	2
1809	6
2629	1
427	1
1809	1
1809	3
1809	2
2274	8
1379	1
2275	1
2629	8
1803	1
11	1
11	3
1803	5
11	2
1803	2
11	5
1803	3
11	4
1803	8
11	7
11	6
1803	6
2630	2
1803	7
11	8
2630	1
2630	3
2279	1
2630	4
2630	5
2630	6
2279	4
2630	7
2279	5
2630	8
2279	2
2279	8
2279	6
2279	7
432	3
432	4
432	1
432	2
432	8
432	5
432	6
2631	1
2631	4
2631	5
2631	3
2631	8
2631	6
2631	7
1374	2
1374	1
1374	8
1374	7
1374	6
1374	5
1374	4
1805	7
1805	6
430	2
1805	5
430	1
1805	4
1805	3
1805	2
1805	1
430	8
2632	5
430	7
2632	6
2632	7
2632	8
2632	1
430	3
2632	2
430	6
2632	3
430	5
1805	8
2632	4
1375	3
1375	2
1375	5
2278	2
1375	4
2278	1
1375	1
2278	7
2278	8
1375	6
2278	3
1375	7
2278	4
1375	8
2278	5
2278	6
435	4
435	5
435	2
435	3
435	8
435	6
435	7
436	5
436	6
436	7
436	8
953	6
953	7
953	5
436	1
436	2
953	8
436	4
1373	8
2269	8
953	3
953	2
953	1
1373	2
2269	2
1373	3
1373	1
2269	1
1373	6
2269	6
1373	7
2269	7
2269	4
1373	5
2269	5
2635	8
2635	6
2635	7
23	8
2635	5
23	6
2635	2
23	7
2635	3
23	4
23	5
2635	1
23	3
23	1
434	7
2636	6
434	8
2636	5
2636	8
2636	7
434	4
24	5
434	3
24	6
2636	2
24	7
2636	3
434	5
24	8
2636	4
24	1
24	2
434	2
1802	8
24	3
434	1
1802	7
24	4
1802	6
1802	5
1802	4
1802	3
1802	2
1802	1
1369	4
2272	1
2637	2
1369	5
2637	3
1369	6
2272	3
1369	7
2272	4
2637	1
1369	8
2272	5
2637	6
2272	6
2637	7
2272	7
2637	4
2272	8
2637	5
2637	8
438	5
438	6
438	3
438	4
1796	1
1796	2
438	7
1796	3
438	8
1796	4
1796	5
1796	6
1796	7
1796	8
1369	3
1369	2
1370	1
19	2
19	3
19	4
1797	8
19	5
1370	5
2273	2
19	6
1370	6
19	7
1370	3
19	8
1370	4
2273	1
2273	6
2273	7
1370	7
2273	4
1370	8
2273	5
2273	8
439	1
439	2
439	3
439	4
439	5
439	6
1797	3
439	8
1797	1
1797	6
1797	7
1797	4
19	1
1797	5
1798	8
1798	7
20	4
20	1
20	2
1798	4
1798	3
1798	6
1798	5
2639	4
2639	5
2639	2
2639	3
20	7
20	8
2639	1
20	5
20	6
1798	1
1799	5
1799	4
1799	2
1799	1
2271	8
2271	6
2271	7
438	2
438	1
1799	8
1799	7
1799	6
2639	7
2639	6
2639	8
1368	8
2271	5
1368	7
2271	4
1368	6
1368	5
2271	2
1368	4
2271	1
1368	3
1368	2
1368	1
2641	8
2641	6
2641	7
2641	4
2641	5
2641	2
2641	3
2641	1
2	5
2	4
2	3
2	2
2	1
414	8
414	7
2289	8
414	4
2289	6
2289	7
414	6
2289	4
414	5
2289	5
2289	2
2289	3
414	2
414	1
2289	1
1820	8
1820	7
1820	6
1820	5
1	8
1	5
1	4
1	7
1	6
1	1
1	2
1823	1
1823	2
1823	5
1823	4
3	4
3	2
3	3
3	8
3	6
3	7
1823	6
1823	7
1823	8
2642	1
947	1
2642	3
2642	4
2642	5
2642	6
412	6
2	7
412	5
2	8
412	8
412	7
3	1
947	4
2642	8
947	5
2642	7
947	2
947	3
947	8
947	6
947	7
2293	8
418	7
418	8
1363	1
1363	6
1363	7
1363	8
1363	2
1363	3
1363	4
1363	5
419	1
2294	1
2294	2
1362	6
1362	5
1362	4
1362	3
1362	2
1362	1
1362	7
1362	8
418	4
2293	6
418	3
2293	7
2293	4
418	5
2293	5
2293	2
2293	3
418	2
418	1
2293	1
951	1
951	2
1361	1
951	3
1361	3
951	5
1361	2
951	6
1361	5
951	7
1361	4
951	8
1361	7
1361	6
1361	8
1820	2
1820	1
1820	4
1820	3
1360	4
1360	3
1360	2
1360	1
1360	8
1360	7
1360	6
1360	5
416	2
416	1
416	4
416	3
416	6
1819	1
416	5
416	8
416	7
1819	5
1819	4
1819	3
1819	2
1819	8
1819	7
1819	6
9	1
9	2
2283	8
2283	6
2283	7
2283	4
2283	5
2283	2
2283	3
2283	1
1814	8
1814	7
1359	8
1814	6
1814	5
1359	6
1814	4
1359	7
1814	3
1359	3
8	8
1359	2
8	7
1359	5
1814	1
8	6
1359	4
1814	2
8	5
8	4
1359	1
8	2
8	1
938	8
2647	8
938	7
2647	6
2647	7
938	4
2647	4
938	3
2647	5
938	6
2647	2
938	5
2647	3
1813	8
2647	1
938	2
941	8
941	3
941	1
941	6
941	7
941	4
941	5
420	6
1816	4
420	5
1816	3
420	8
1816	2
420	7
1816	1
1816	8
1816	7
1816	6
1816	5
420	2
420	1
420	4
420	3
1357	8
1357	1
1357	2
1357	5
1357	4
1357	7
1357	6
1815	7
1815	6
1815	8
419	5
9	6
419	4
9	7
419	3
1815	1
9	4
419	2
9	5
1815	3
419	8
1815	2
419	7
1815	5
9	8
419	6
1815	4
1356	7
5	8
1356	8
1356	5
1356	6
943	5
2652	1
943	4
2652	2
943	3
2652	3
943	2
2652	4
943	1
425	8
425	4
425	5
425	6
425	7
1356	4
5	5
1356	3
5	4
1356	2
5	7
1356	1
5	6
5	1
5	3
5	2
2651	1
942	2
942	1
425	3
942	8
2651	8
425	2
942	7
425	1
2651	6
2651	7
942	4
2651	4
942	3
2651	5
942	6
2651	2
942	5
2651	3
1355	7
1355	6
1355	8
1355	3
1355	2
1355	5
1355	4
2285	2
2285	3
2285	1
2285	6
2285	7
2285	4
2285	5
424	2
1813	3
424	1
1813	2
1813	1
2285	8
424	3
424	6
1813	7
424	5
1813	6
424	8
1813	5
424	7
1813	4
1354	1
1354	6
1354	5
1354	4
1354	3
1354	8
1354	7
2284	5
2284	6
2284	7
2284	8
1812	2
1812	1
1812	4
1812	3
1812	6
1812	5
1812	8
1812	7
943	6
2652	8
943	7
943	8
2652	6
2652	5
2284	2
2284	1
2284	4
748	4
748	2
748	1
748	7
748	8
748	5
748	6
1673	1
398	7
1673	2
398	8
1673	3
398	5
398	6
2093	8
398	4
398	1
2093	5
398	2
2093	4
2093	6
2093	1
2093	3
2093	2
395	3
395	2
1215	1
395	5
2090	7
395	4
2090	8
395	7
1215	4
395	6
1215	5
1215	2
395	8
1215	3
1673	7
2090	1
1673	6
1673	5
1673	4
2090	5
2090	6
395	1
2090	3
1673	8
2090	4
1215	8
1215	7
1215	6
396	4
396	3
396	2
396	1
751	1
751	2
751	3
751	4
751	5
396	7
396	8
396	5
396	6
393	8
1220	4
1220	3
1675	1
1220	2
1220	1
393	5
393	6
393	7
1675	8
1675	6
1675	7
1220	8
1675	4
1220	7
1675	5
1220	6
1675	2
1220	5
1675	3
2089	2
2089	3
2089	1
2089	8
2089	5
2089	4
2089	7
2089	6
2622	2
2622	1
747	1
747	2
2622	6
747	3
2622	5
747	4
2622	4
747	5
2622	3
747	6
747	7
747	8
2622	8
2622	7
393	3
393	2
393	1
1224	6
1679	2
1224	5
1679	3
1224	8
1679	4
1224	7
1679	5
1224	2
1224	1
1224	4
1224	3
1679	1
391	6
2100	8
391	7
391	8
2100	6
2100	5
391	2
2100	4
391	3
2100	3
391	4
2100	2
391	5
2100	1
391	1
1679	8
1679	6
757	1
757	2
757	3
757	4
757	5
757	6
757	7
388	8
388	7
388	6
388	5
1680	2
1680	1
1680	4
1680	3
388	4
1680	6
1680	5
388	2
1680	8
388	1
1680	7
2619	3
1223	8
2619	2
1223	7
2619	5
1223	6
2619	4
758	1
2619	7
758	2
2619	6
2619	8
1223	1
2098	8
2098	7
1223	5
1223	4
2619	1
1223	2
1681	7
2098	1
1681	6
2098	2
1681	5
1681	4
2098	5
2098	6
2098	3
1681	8
2098	4
757	8
1681	3
1681	2
1681	1
1682	8
1682	7
2613	6
2613	7
2613	4
2613	5
2613	2
2613	1
1227	1
751	6
2095	7
751	7
2095	6
386	7
751	8
386	8
2095	8
1227	7
1682	3
1227	6
1682	4
1682	5
1227	8
1682	6
1227	3
1227	2
1227	5
1682	1
1227	4
1682	2
1683	8
1683	7
1683	6
1683	5
1683	4
1683	3
1683	2
752	7
2096	8
752	8
2096	7
752	5
2096	6
752	6
2096	5
752	3
2096	4
752	4
2096	3
2613	8
752	1
2096	2
752	2
2096	1
1683	1
385	3
385	2
385	1
2094	1
2094	2
385	7
2094	3
385	6
2094	4
385	5
2094	5
385	4
2094	6
2094	7
2094	8
385	8
754	8
754	7
2095	1
386	2
386	1
386	4
386	3
2095	5
386	6
2095	2
386	5
2095	3
2615	1
2615	3
2615	2
2615	5
2615	4
754	1
2615	7
754	2
2615	6
2615	8
754	5
754	6
754	4
2610	1
2610	2
2079	1
2610	5
2079	2
2079	3
2610	3
2079	4
2610	4
2079	5
1231	6
1231	7
1231	8
412	4
412	1
412	2
2079	7
2079	6
2610	8
2610	7
2079	8
2609	4
2609	5
2609	6
2609	7
2609	8
2609	1
2609	2
2609	3
1231	1
1231	5
1231	4
1231	3
2077	8
2077	4
2077	5
2077	6
2077	7
764	6
1660	6
2077	1
764	5
1660	5
2077	2
764	8
1660	8
2077	3
764	7
1660	7
1230	8
1230	7
1230	4
2612	8
1230	3
2612	7
410	7
1230	6
2612	6
410	8
1230	5
2612	5
410	5
2612	4
410	6
2612	3
410	3
1230	2
2612	2
410	4
1230	1
2612	1
410	1
410	2
409	1
409	2
2076	7
2076	8
2076	5
2076	6
764	4
1660	4
764	1
1660	1
764	2
1660	2
1229	8
409	8
1229	7
1229	6
1229	4
409	4
1229	3
409	5
1229	2
409	6
1229	1
409	7
759	1
759	2
759	3
759	4
759	5
408	3
759	6
408	4
759	7
408	1
759	8
408	2
408	7
408	8
408	5
408	6
2607	1
2607	4
2076	1
2607	5
2076	2
2607	2
2076	3
2607	3
2076	4
758	5
1661	2
758	6
1661	3
758	3
407	1
758	4
1661	1
407	2
1661	6
1661	7
407	4
758	7
1661	4
407	5
758	8
1661	5
407	6
1234	2
407	7
407	8
1661	8
1234	6
1234	5
1234	4
1234	3
1234	7
1234	8
2075	4
2075	5
2075	2
2075	3
2075	8
2075	6
2075	7
1233	1
406	7
1233	3
406	8
406	5
406	6
406	3
406	4
1233	8
761	2
761	3
1233	5
1233	4
1233	7
1233	6
2074	3
2074	4
761	8
2074	5
2074	6
761	5
761	4
2074	1
761	7
2074	2
761	6
2074	8
1232	8
1232	7
1232	6
1232	5
2607	7
1232	4
2607	6
1232	3
2607	8
1232	1
2073	2
2073	1
2073	8
2073	6
2073	7
2073	4
2073	5
406	2
406	1
770	1
1666	2
770	5
1666	5
770	6
1666	6
770	3
1666	3
770	4
1666	4
2085	8
2085	1
2085	2
2085	3
2085	4
2085	5
2085	6
2085	7
2605	8
2605	5
403	6
2605	4
403	7
2605	7
403	8
2605	6
2605	1
403	2
403	3
2605	3
403	4
403	5
403	1
1236	6
1236	5
1236	8
1236	7
1236	2
1236	1
1236	4
1236	3
2604	8
2604	7
2604	6
402	7
2604	5
402	8
402	6
2604	4
402	5
2604	1
2604	2
402	3
402	2
402	1
2083	6
2083	7
2083	8
770	8
1666	8
2083	2
770	7
1666	7
2083	3
2083	4
2083	5
1242	1
1242	2
1669	8
1242	5
1242	6
1242	3
1242	4
1242	7
1242	8
2083	1
2082	8
2082	7
1669	2
1669	1
1669	6
1669	7
1669	4
1669	5
2082	1
2082	2
2082	3
2082	4
2082	5
2082	6
400	3
400	4
765	1
400	1
765	2
400	2
765	3
400	7
765	4
400	8
765	5
400	5
765	6
400	6
765	7
765	8
768	8
1671	5
1671	4
768	6
1671	3
768	5
768	4
1671	1
768	3
768	2
768	1
1671	8
1671	7
1671	6
2601	8
2601	5
399	6
2601	4
399	7
2601	7
399	8
2601	6
1240	8
1240	7
1240	6
1240	5
1240	4
1240	3
1240	2
1240	1
2080	5
1670	8
2080	7
2080	8
2080	1
1670	4
2080	2
1670	3
2080	3
1670	6
2080	4
1670	5
399	5
2601	3
399	3
2601	1
399	2
399	1
1670	1
1670	2
367	7
1187	4
367	6
1187	5
1187	2
367	8
1187	3
1187	8
1187	6
1187	7
2597	1
2597	2
2597	3
2597	4
2597	5
2597	6
2597	7
2597	8
778	2
778	1
778	3
778	6
778	5
778	8
778	7
2119	1
2119	3
2119	2
2119	5
2119	4
2119	7
2119	6
2119	8
2595	6
369	1
2595	7
2595	8
369	2
2595	2
2595	3
2595	4
2595	5
1189	6
369	8
1189	7
1189	4
1189	5
369	5
1189	2
369	4
369	7
369	6
1189	1
1189	8
2120	8
2120	7
2120	6
2120	5
2120	4
2120	2
2120	1
1645	4
1645	5
1645	6
1645	7
1645	1
1645	2
1645	3
1645	8
1649	6
1649	7
1649	4
1649	5
774	1
774	2
1649	8
2114	8
1649	2
1649	3
1649	1
2115	1
774	6
774	5
774	4
774	3
774	8
774	7
2115	3
2115	2
2115	5
2115	4
2115	7
2115	6
2115	8
775	7
1192	1
775	6
1192	2
1192	3
365	8
775	8
1192	4
1192	5
2595	1
1192	6
1192	7
1192	8
365	3
365	2
365	1
775	1
365	7
775	3
365	6
775	2
365	5
775	5
365	4
775	4
366	8
366	7
366	4
366	6
366	5
366	2
366	1
2117	5
773	5
2117	4
773	6
2117	7
773	7
2117	6
2117	1
773	1
773	2
2117	3
773	3
367	5
367	4
2593	8
367	3
367	2
2593	6
367	1
2593	7
2593	5
2593	2
2593	3
2593	1
2117	8
773	8
361	2
361	1
1194	1
1194	2
2590	1
1194	3
2590	2
1194	4
1194	6
2590	5
1194	7
1194	8
2590	3
2590	4
2590	7
2590	8
2591	7
2591	6
2591	8
1654	2
361	5
361	4
361	7
361	6
361	8
2591	1
2591	2
2591	3
2591	4
2591	5
783	2
783	3
783	4
783	5
783	1
2588	7
2588	8
2588	5
1652	3
1652	4
1652	1
1652	2
1652	7
1652	8
1652	5
1652	6
2589	4
2589	5
2589	6
2589	7
2589	1
783	8
2589	2
783	7
2589	3
783	6
2589	8
1198	3
781	8
1198	4
1198	5
1198	6
1198	7
1198	8
781	1
781	3
357	8
781	5
781	4
781	7
1198	1
781	6
1198	2
357	2
357	1
357	6
357	7
357	4
357	5
782	6
782	5
1199	1
782	4
782	3
2588	1
1199	4
2588	2
1199	5
2588	3
782	8
1199	2
2588	4
782	7
1199	3
358	4
1657	7
358	3
1657	6
358	6
1657	5
358	5
1657	4
358	8
358	7
782	1
1657	8
1657	2
358	1
1657	1
2585	8
2585	6
2585	7
2585	4
2585	5
2585	3
779	6
2585	2
2585	1
779	8
779	2
779	3
779	4
779	5
1654	7
1654	8
779	1
1654	3
1199	6
1654	4
1654	5
1199	8
1654	6
2586	7
2586	8
2586	3
2586	4
2586	5
2586	6
780	8
2124	7
780	7
2124	8
2586	1
780	6
2124	5
2586	2
780	5
2124	6
2124	4
780	4
2124	3
780	1
2124	2
780	2
2124	1
1200	8
1200	6
1200	5
1200	4
1200	3
1200	2
1200	1
792	6
1202	3
2584	8
792	5
2105	1
2584	5
792	8
1202	5
2584	6
792	7
1202	6
2105	3
2584	3
792	2
2584	4
792	1
2584	1
792	4
1202	1
2584	2
792	3
1202	2
2105	8
1202	8
2105	5
1202	7
2105	4
2105	7
2105	6
381	5
791	5
1201	2
381	4
791	4
1201	3
381	7
791	3
381	6
791	2
1201	1
381	1
791	1
381	3
1201	8
1201	6
381	8
791	8
1201	7
1201	4
791	6
1201	5
2582	5
790	4
2582	6
790	3
2582	3
790	6
2582	4
790	5
790	8
790	7
2582	7
2582	8
384	3
384	4
384	1
384	2
384	7
1204	2
384	8
1204	1
384	5
1204	4
384	6
1204	6
1204	5
1204	8
1204	7
2581	8
1630	2
1630	1
1630	6
1630	5
1630	4
1630	3
1630	8
1630	7
790	1
790	2
2582	2
1205	8
2581	6
2581	7
379	8
2581	4
379	7
2102	1
2581	5
379	6
2102	2
2581	2
379	5
2581	3
379	4
379	3
2581	1
379	2
379	1
1205	6
1205	7
1205	4
1205	5
2580	5
378	8
788	8
2580	6
378	7
788	7
1205	3
2580	7
788	6
2580	8
788	5
1205	1
2580	1
378	4
2580	2
378	3
788	3
2580	3
378	6
788	2
2580	4
378	5
788	1
378	2
378	1
2103	7
2103	6
2103	8
787	1
1634	7
1634	8
2103	1
2103	3
2103	2
2103	5
2103	4
787	3
787	2
787	5
787	4
787	6
787	8
2102	6
2102	5
2102	4
2102	3
2102	8
2102	7
1634	2
1634	1
1634	6
1634	5
1634	4
1634	3
2112	8
2112	7
2112	6
1209	8
2112	5
799	8
1209	7
2112	4
1209	6
2112	3
799	6
1209	5
2112	2
799	7
1209	4
2112	1
1640	7
1640	8
1640	5
1640	6
1640	3
1640	4
1640	1
1640	2
799	5
1209	2
799	4
1209	3
799	3
799	2
1209	1
799	1
798	2
798	1
798	8
1208	5
798	7
1208	6
1208	7
1208	8
798	4
1208	1
798	3
798	6
1208	3
798	5
1208	4
1211	1
1211	5
2114	2
1211	4
2114	1
1211	3
1211	2
2114	6
1211	8
2114	5
1211	7
2114	4
1211	6
2114	3
797	3
797	2
797	1
797	7
797	6
797	5
797	4
797	8
796	6
796	5
796	8
376	4
376	3
376	2
376	1
376	8
376	7
376	6
376	5
2574	7
796	4
2574	8
796	3
796	2
796	1
2574	3
372	6
2574	4
372	5
2574	5
372	8
2574	6
372	7
372	2
372	1
2574	1
372	4
2574	2
372	3
2108	8
2108	7
2108	6
2108	5
2108	1
795	6
2108	2
2108	3
795	8
2108	4
795	3
795	2
795	5
795	4
795	1
794	8
794	7
794	2
794	1
794	6
794	5
794	4
794	3
2110	6
2110	5
2110	4
2110	3
2110	8
2110	7
1641	6
1641	7
1641	4
1641	5
2110	2
2110	1
1641	8
1641	3
1641	2
793	5
793	4
793	7
793	6
793	8
2571	5
2571	4
2109	8
2571	2
2571	8
793	1
2571	7
793	2
2571	6
793	3
2109	1
2109	3
2109	2
2571	1
2109	5
2109	4
2109	7
2109	6
2144	7
2144	8
2144	5
2144	6
338	8
338	7
2144	4
2144	1
2144	2
1276	3
1276	4
1276	1
1276	2
338	4
338	5
338	6
338	1
338	2
2145	1
2145	2
2145	3
2565	8
2145	8
2145	4
2145	5
2145	6
2145	7
1276	5
1276	8
1276	7
2565	7
2565	6
2565	5
2565	4
2565	3
2565	1
2566	3
2566	4
2566	5
2566	6
2566	7
2566	8
802	2
802	1
802	6
802	5
802	4
802	3
2142	2
2142	1
2142	6
2142	5
2142	4
2142	3
2566	2
2142	8
2142	7
1733	8
802	7
802	8
1733	1
1733	2
1733	4
1733	5
1733	6
1733	7
342	1
342	2
341	8
2569	3
2569	2
2569	1
1273	8
1273	5
1273	4
1273	7
1273	6
1273	1
1273	2
1273	3
804	6
804	5
804	8
804	7
804	1
342	8
804	4
342	7
804	3
342	6
342	5
342	4
342	3
340	5
1729	6
2146	2
340	6
1729	7
2146	1
340	7
1729	4
340	8
1729	5
2146	6
2146	5
1729	8
2146	4
2146	3
340	1
1729	2
340	2
1729	3
340	3
340	4
1729	1
2569	4
1270	5
2569	5
1270	6
2569	6
1270	3
2569	7
1270	4
2569	8
1270	8
341	2
341	1
341	6
341	7
341	4
341	5
1271	6
1271	8
2146	8
1271	1
1271	2
1271	3
1271	4
1271	5
2557	7
1737	8
2557	6
2557	5
2557	4
2557	3
1282	8
1737	4
2557	2
1282	7
1737	5
1737	6
1737	7
2557	8
329	6
329	7
329	4
329	5
329	8
1739	1
2559	1
1739	3
1739	4
1739	5
2559	5
1739	6
1739	7
2559	3
1739	8
2559	2
2559	8
2559	6
2559	7
1281	1
1281	2
1281	3
1281	4
1281	5
1281	6
1281	7
1281	8
2150	2
2150	1
2560	1
2150	5
2560	2
2560	3
2150	3
2560	4
2150	4
2560	5
2560	6
2560	7
2150	7
2560	8
2150	8
1282	1
1282	2
1282	5
1282	6
1282	3
1282	4
1279	2
1279	3
1279	4
1734	2
1279	5
1734	1
1279	1
1734	7
1734	8
1279	7
1734	3
1279	6
1734	5
1279	8
1734	6
811	8
811	7
811	6
811	5
811	4
811	3
811	2
811	1
1735	8
1735	6
1735	7
1735	4
1735	5
1735	2
1735	3
1735	1
1277	8
1277	1
1277	2
1277	3
1277	5
1277	6
1277	7
333	8
2563	1
2153	1
2153	3
2153	2
333	2
333	3
333	1
333	6
333	7
333	4
333	5
1278	5
1278	6
1278	3
1278	4
1278	7
1278	8
2563	2
2153	6
2153	7
2563	4
2153	4
2563	5
2153	5
2563	6
1278	1
2563	7
2563	8
2153	8
334	3
334	4
334	5
334	6
334	7
1737	2
334	8
1737	3
1737	1
334	1
334	2
2131	2
2131	3
2131	4
2131	5
353	3
2131	6
353	2
2131	7
353	1
2131	8
353	7
353	6
353	5
353	4
353	8
1717	8
2131	1
2130	7
2130	8
1717	3
1717	2
1717	1
1717	7
1717	6
1717	5
1717	4
1289	7
1289	6
1289	5
1289	4
1289	8
2130	2
2130	1
2130	6
2130	5
2130	4
2130	3
2553	8
2553	6
2553	7
2553	4
2553	5
1289	1
1289	2
1289	3
2553	3
2553	2
2553	1
1288	7
1288	8
1288	5
1288	6
1288	3
1288	4
1288	1
1288	2
350	1
350	2
2552	6
350	7
350	8
2552	8
2552	7
2552	2
350	3
2552	1
350	4
2552	4
350	5
2552	3
350	6
356	8
356	7
356	6
356	5
2134	3
2134	4
2134	5
2134	6
356	4
2134	7
356	3
2134	8
356	2
356	1
2554	8
2554	7
2134	1
2554	2
2554	1
2554	4
2554	3
2554	6
2554	5
817	7
1713	7
817	6
1713	6
817	5
1713	5
817	4
1713	4
817	8
1713	8
355	2
355	5
355	4
355	7
1713	3
355	6
817	2
1713	2
817	1
1713	1
355	8
355	1
1716	5
1716	6
1716	7
1716	8
1716	1
1716	2
1716	3
1716	4
2556	8
2556	5
354	8
2556	6
354	7
2556	2
354	3
2556	1
354	4
2556	4
354	5
2556	3
354	6
2132	8
2132	7
354	1
2132	6
354	2
2132	5
819	8
2132	4
2132	3
819	6
2132	2
819	7
819	4
819	5
819	2
819	3
819	1
1284	7
1284	8
1284	5
1284	6
1284	3
1284	4
1284	1
1284	2
2544	2
2544	1
821	8
2544	3
2544	6
2544	5
2544	8
2544	7
2137	1
2137	3
2137	2
2137	4
2137	5
2137	6
2137	7
2137	8
821	1
821	2
821	5
821	4
821	7
821	6
823	4
1726	1
823	5
1726	2
823	2
823	3
823	1
2546	4
2546	6
1726	7
2546	5
1726	8
823	8
1726	5
1726	6
2546	2
823	6
1726	3
2546	1
1726	4
2546	7
2546	8
2141	8
825	3
825	2
2141	2
2141	3
2141	1
2141	6
2141	7
2141	4
2141	5
825	6
825	7
825	4
825	5
825	8
824	2
824	1
824	4
824	3
824	6
824	5
824	8
824	7
348	8
2140	5
348	7
2140	6
348	6
2140	7
348	5
2140	8
1293	8
1293	1
1293	3
1293	2
1293	5
1293	4
1293	7
1293	6
1292	3
1292	1
1292	2
348	1
2140	4
348	2
2140	3
348	3
2140	1
1292	8
1292	7
1292	6
1292	5
2139	7
2139	6
2139	8
2139	3
2139	2
2139	5
2139	4
2139	1
2170	7
2170	8
2170	1
2170	2
2170	5
2170	6
2170	3
2170	4
2538	8
1246	6
2538	7
1246	5
1246	4
1246	8
1246	7
2538	2
2538	1
2538	4
1246	2
2538	3
1246	1
2538	6
2538	5
2171	3
2171	4
2171	5
2171	6
310	1
2171	7
2171	8
2171	1
830	4
830	5
830	6
830	7
830	8
830	1
830	2
2537	1
2537	2
2537	3
310	7
310	8
310	3
310	4
310	5
310	6
1249	8
1704	6
1704	5
1704	8
1704	7
1249	4
1704	2
1249	5
1704	1
1249	6
1704	4
1249	7
1704	3
1249	2
1249	3
2537	8
2537	7
2537	6
2537	4
833	2
2542	2
2542	1
833	1
2542	4
833	6
2542	3
833	7
2542	6
833	4
2542	5
833	5
2542	8
2542	7
833	8
312	2
312	1
312	4
312	3
312	6
312	5
312	8
312	7
313	6
313	7
1702	4
1702	5
313	5
1702	6
1702	7
1702	8
313	8
1244	2
1244	1
1244	4
313	3
313	2
313	1
1702	2
1702	1
314	3
314	4
314	5
314	6
2540	5
2540	8
314	1
2540	7
314	2
314	7
314	8
1699	8
1699	7
1699	6
1244	7
1699	5
1244	8
1699	4
1244	5
1699	3
1244	6
1699	2
2540	1
2540	2
2540	3
2540	4
2541	7
2176	6
2541	6
315	1
2176	5
2541	5
2176	8
2541	4
2176	7
2541	3
2176	2
2541	2
2176	1
2541	1
2176	4
2176	3
315	8
315	7
315	4
315	5
315	2
2541	8
315	3
1700	2
1700	4
1700	3
1700	6
1700	5
1700	8
1700	7
836	5
836	6
836	7
836	8
836	1
836	2
836	3
836	4
302	6
2177	4
302	5
2177	5
302	4
2177	6
302	3
2177	7
2177	8
302	8
302	7
302	2
302	1
2177	1
2177	2
2177	3
837	2
837	3
837	1
837	6
837	4
837	5
1712	3
1712	4
1712	1
1712	2
1712	7
1712	8
1712	5
1712	6
2178	1
303	1
303	3
2178	5
303	2
2178	6
303	5
2178	3
303	4
2178	4
837	8
303	8
2178	8
2178	7
303	7
2530	5
1710	8
2530	6
1710	7
2530	3
2179	1
2530	1
1710	4
2530	2
1710	6
1710	5
1710	2
1710	1
304	5
304	6
2179	8
304	7
2179	7
304	8
2179	6
2530	8
2179	5
2530	7
304	2
2179	4
304	3
304	4
2179	2
2180	1
2180	2
2180	3
2180	4
2180	5
2180	6
2180	7
2180	8
2535	1
2535	5
2535	4
2535	3
2535	2
840	1
2535	8
840	2
2535	7
2535	6
840	4
840	5
840	6
840	7
840	8
2181	2
2181	3
306	2
306	1
2181	1
306	4
2181	6
306	3
306	6
2181	4
306	5
2181	5
306	7
306	8
2181	8
1706	4
1706	3
1706	6
1706	5
1706	2
1706	1
307	1
838	2
838	1
1706	8
838	7
307	8
838	8
307	6
307	7
838	3
307	4
838	4
307	5
838	5
307	2
838	6
307	3
839	4
308	1
839	5
308	2
839	2
308	3
839	3
308	4
839	1
839	8
308	5
308	6
839	6
308	7
839	7
308	8
1692	1
1692	4
1692	3
2157	8
2157	4
2157	5
2157	6
2157	1
2157	2
2157	3
2525	8
2525	7
323	8
2525	6
2525	5
323	6
323	7
2525	3
323	4
2525	2
323	5
2525	1
323	2
323	3
323	1
1260	7
1260	8
1260	5
843	8
1260	4
1260	3
843	6
1260	2
843	7
1260	1
843	4
843	5
843	2
843	3
843	1
2524	6
2524	5
2524	8
2524	7
1263	1
2524	3
1263	2
2524	4
2524	1
1263	4
2524	2
1263	5
1262	5
2158	5
1262	6
2158	6
1262	3
2158	3
1262	4
2158	4
1262	7
2158	7
1262	8
2158	8
1262	1
2158	2
2529	3
2529	2
2529	1
2529	8
2529	7
2529	6
2529	5
2529	4
1257	8
1257	4
1257	5
1257	7
1688	6
1688	5
1688	8
1688	7
1688	2
1688	1
1688	4
1688	3
2528	6
2528	5
2528	8
2528	7
2528	2
2528	1
2528	4
2528	3
1257	3
1257	2
1257	1
1687	5
1687	4
1687	3
1687	2
1687	1
1687	8
1687	7
2162	8
2162	7
846	1
846	2
846	4
846	5
846	6
329	2
846	7
846	8
329	1
2162	1
2162	2
2162	3
2162	5
2162	6
1258	1
1258	5
2161	2
1258	6
2161	3
1258	3
1258	4
2161	1
2161	6
2161	7
1258	7
1258	8
2161	5
2161	8
851	1
2518	8
2518	7
2518	4
2518	3
2518	6
2518	5
1699	1
2164	7
2164	8
2164	5
2164	6
2164	3
851	8
2164	4
851	7
2164	1
851	6
2164	2
851	5
851	4
851	3
851	2
850	3
850	4
850	5
2163	1
850	6
850	1
850	2
2517	8
2518	1
2518	2
2163	6
2163	7
2163	8
850	8
2163	2
850	7
2163	4
2163	5
849	6
318	3
849	7
318	4
849	4
318	5
849	5
318	6
318	7
318	8
849	8
849	2
849	3
318	1
849	1
318	2
2517	1
2517	3
2517	4
1270	1
2166	1
2517	5
1270	2
2517	6
2517	7
2516	7
2516	8
2516	5
2516	6
1696	2
1696	4
1696	3
2516	3
1696	6
2516	4
1696	5
2516	1
1696	8
2516	2
1696	7
1264	7
1264	8
2167	5
854	8
1264	5
2167	2
1264	6
2167	3
854	6
1264	3
854	5
1264	4
2167	1
854	4
854	3
1264	2
2167	8
2167	6
2167	7
2522	4
2522	3
2522	6
2522	5
2522	1
2522	8
2522	7
2166	7
2166	8
1694	2
1694	1
1263	6
2166	3
853	8
1263	7
2166	4
1263	8
2166	5
2166	6
2521	2
319	5
1694	8
2521	3
319	4
1694	7
319	3
2521	1
319	2
319	1
1694	4
1694	3
1694	6
1694	5
2521	8
2521	7
319	8
2521	6
2521	5
319	6
2521	4
319	7
854	1
854	2
2520	1
1266	1
2520	2
1266	2
2520	3
2520	4
2520	5
1266	5
2169	2
2520	6
1266	6
2169	3
2520	7
2520	8
1266	4
2169	1
2169	6
1266	8
2169	5
1266	7
2169	4
2169	8
853	2
853	3
853	1
853	6
853	7
853	5
1692	6
2519	1
1692	5
1692	8
1692	7
2519	4
2519	5
1265	1
2519	3
1265	3
2519	8
1265	4
1265	5
2519	6
1265	6
2519	7
1265	7
1265	8
852	1
321	2
852	2
321	3
852	3
321	1
852	5
321	6
852	6
321	7
852	7
321	4
852	8
321	5
321	8
1569	8
1569	7
1569	6
1569	5
1569	4
1569	3
1569	2
1989	8
645	8
1989	7
280	5
645	6
1989	6
280	6
645	7
1989	5
280	7
645	4
1989	4
280	8
1989	3
2506	8
280	1
645	2
1989	2
2506	7
280	2
645	3
1989	1
280	3
280	4
645	1
2506	4
2506	3
2506	6
2506	5
2506	2
2506	1
1568	6
1568	5
1568	8
1568	7
1568	2
1568	1
1568	4
1568	3
1988	6
644	5
1988	5
644	6
1988	8
644	7
1988	7
644	8
1988	2
644	2
1988	4
644	3
1988	3
644	4
1571	1
2508	5
2508	6
2508	7
2508	8
1112	4
1112	3
1112	2
2508	2
1112	8
2508	1
1112	7
2508	4
1112	6
2508	3
1112	5
278	3
278	4
278	5
278	6
278	7
278	8
278	2
278	1
646	3
646	6
646	5
646	8
646	7
2507	5
2507	4
2507	3
2507	2
2507	8
2507	7
646	1
2507	6
646	2
1986	8
1986	7
277	8
2507	1
2503	3
2503	2
2503	5
2503	4
1986	6
277	4
642	5
1986	5
277	5
642	6
1986	4
277	6
642	3
1986	3
277	7
642	4
1986	2
2503	7
642	1
1986	1
2503	6
277	1
642	2
277	2
2503	8
277	3
1572	4
1572	3
1572	2
1572	1
1572	8
1572	7
1572	6
1572	5
1985	1
641	1
1985	3
2502	8
641	2
2502	7
641	3
2502	6
2502	5
2502	4
641	8
1985	8
1985	5
641	4
1985	4
641	5
1985	7
641	6
1985	6
641	7
1571	7
1571	6
1571	8
1571	3
1571	2
1571	5
1571	4
2502	1
2502	2
1984	4
275	2
1574	5
1984	3
275	3
1574	6
1984	2
275	4
1574	3
1984	1
275	5
1574	4
1984	8
275	6
1984	7
275	7
1984	6
275	8
1574	7
1984	5
1574	8
643	5
643	4
643	3
643	2
643	8
643	7
643	6
1574	2
1574	1
275	1
1115	1
2504	4
1115	3
2504	3
2504	2
1115	5
2504	1
1115	4
2504	8
1115	7
2504	7
1115	6
2504	6
2504	5
643	1
1115	8
642	8
642	7
1982	8
287	4
1982	7
287	5
287	2
1107	1
287	3
1982	4
1982	3
287	1
1982	6
1982	5
1982	2
1982	1
1562	8
1107	6
1562	4
1107	7
1562	3
1107	8
1562	6
1562	5
1107	2
287	8
1107	3
287	7
1107	4
1562	2
287	6
1107	5
1562	1
2515	1
1980	6
1980	8
1980	7
1564	2
1564	1
1564	4
1564	3
2515	5
2515	2
2515	3
2515	8
2515	6
2515	7
639	1
639	4
639	5
639	2
639	3
1563	5
1563	4
1563	3
1563	2
1980	3
1980	4
1563	8
1980	1
1563	7
1980	2
1563	6
639	8
639	6
1563	1
1110	7
1110	8
1110	3
1110	4
1110	5
1110	6
1564	8
1564	7
1564	6
1564	5
2509	5
634	5
2509	4
634	6
2509	7
634	3
2509	6
283	1
634	4
2509	1
634	1
634	2
2509	3
2509	2
283	6
1110	2
283	7
1110	1
283	8
283	2
2509	8
283	3
283	4
634	7
283	5
634	8
2511	8
636	6
636	5
2511	6
636	8
2511	7
636	7
1567	1
1567	3
1567	2
1567	5
1567	4
282	1
1567	6
282	2
1567	8
282	5
282	6
282	3
282	4
282	7
282	8
1566	2
1566	1
1566	6
1566	5
1566	4
1566	3
1566	8
1566	7
1108	4
1108	3
1108	2
1108	1
1108	8
1108	7
2511	1
1108	6
1108	5
2511	3
636	3
2511	2
636	4
2511	5
636	1
636	2
1127	6
1127	7
1127	8
1554	8
658	8
1554	7
658	7
293	8
1127	2
1127	3
1127	4
1127	5
293	2
293	3
658	1
1554	2
293	1
658	2
1554	3
293	6
658	3
1554	4
293	7
658	4
1554	5
293	4
658	5
1554	6
293	5
658	6
1974	4
1974	3
1974	6
1974	5
1974	8
1974	7
659	5
1555	5
659	4
1555	4
659	3
1555	3
659	2
1555	2
659	8
1555	8
659	7
1555	7
659	6
1555	6
659	1
1556	6
1556	5
1556	8
1556	7
1556	2
1556	1
1556	3
291	8
291	6
291	7
291	4
291	5
291	2
291	3
1974	1
661	7
1557	7
661	6
1557	6
661	5
1557	5
661	4
1557	4
661	3
1557	3
661	2
1557	2
661	1
1126	7
1126	8
1126	5
1126	6
1126	3
1126	4
1126	2
1971	2
1971	5
1971	4
1971	7
1971	6
1971	8
655	1
655	2
655	3
655	4
655	5
1557	8
1130	1
1130	2
1130	4
1130	5
1130	6
2488	3
1130	7
2488	4
1130	8
2488	1
2488	2
2488	7
2488	8
2488	5
1971	1
2488	6
1972	4
1972	3
1972	2
1972	1
1972	8
1972	7
1972	6
1972	5
291	1
655	8
655	7
655	6
1131	1
1131	4
1131	5
1131	3
1131	8
1131	6
1131	7
2490	6
2490	5
2490	4
2490	3
2490	2
2490	1
2490	8
2490	7
656	6
1969	1
656	5
1969	2
656	8
1969	3
656	7
656	2
656	1
656	4
1969	8
1969	4
1969	5
1969	6
1969	7
2491	1
2491	7
2491	6
2491	8
2491	3
2491	2
2491	5
2491	4
657	3
657	2
657	1
657	8
657	7
657	6
657	5
657	4
1547	4
1547	2
1547	3
1547	8
1547	6
1547	7
2498	8
2498	7
1547	1
301	8
301	3
301	2
301	7
301	6
301	5
301	4
1549	8
653	8
1549	7
653	7
1549	6
653	6
1549	5
653	5
653	4
1549	3
653	3
1549	2
653	2
1549	1
653	1
2501	7
2501	6
2501	5
2501	4
2501	3
2501	2
2501	1
1550	8
1550	7
1550	3
1550	6
1550	5
1550	2
1550	1
2501	8
2495	1
2495	2
1964	3
2495	3
1964	4
2495	4
1964	1
1964	2
2495	7
1964	8
2495	6
1964	7
1964	6
2495	8
1964	5
648	3
648	1
648	2
648	7
297	1
648	8
297	2
648	5
297	3
648	6
297	7
297	6
297	5
297	4
297	8
1965	1
1965	3
1965	2
1965	5
1965	4
1965	6
1965	8
1552	8
1962	5
1552	7
1552	6
1962	3
1552	5
1962	4
1552	4
1962	1
1962	2
1552	2
1552	1
1962	7
1962	8
1553	1
650	4
650	3
650	6
1553	3
650	5
1553	2
650	2
1553	8
1553	5
650	8
650	7
1553	4
1553	7
1553	6
2498	6
2498	5
2498	4
2498	3
2498	2
2498	1
1543	1
2015	8
2015	6
2015	7
1543	5
1543	4
1543	3
251	1
1543	2
251	3
1543	8
251	2
1543	7
251	5
1543	6
251	7
251	6
251	8
2480	1
2480	4
674	7
2480	3
674	8
2480	6
2480	5
2480	8
2480	7
2015	1
2015	4
2015	3
2015	2
674	2
674	1
674	4
674	3
674	6
674	5
2479	8
2479	7
2479	6
2017	2
2017	3
2017	1
2479	3
2017	8
2479	4
2479	5
2017	6
2017	7
2017	4
2017	5
2479	1
252	5
252	6
252	8
672	6
672	8
672	7
672	2
672	1
672	4
672	3
252	4
252	3
252	2
252	1
671	8
671	6
671	7
671	1
671	5
671	4
671	3
671	2
670	4
670	3
670	5
670	8
670	7
1545	5
1545	4
1545	7
1545	6
1545	8
670	2
670	1
1090	6
1545	3
1090	5
1090	4
1545	1
1090	3
1090	2
249	8
249	5
249	6
249	7
2475	6
249	1
2475	7
2475	8
249	3
249	2
2475	2
2475	3
2475	5
669	8
669	7
669	6
669	5
2475	1
669	4
669	2
669	1
248	8
248	7
248	6
248	4
248	3
248	2
248	1
2487	1
2487	5
2487	4
2487	2
2487	8
2487	7
2487	6
1536	2
1536	1
1536	4
1536	3
1536	6
1536	5
1536	8
1536	7
1078	1
2007	1
2007	5
2007	4
2007	3
2007	2
1535	1
2007	8
2007	7
2007	6
1535	4
1535	5
1535	2
1535	3
1535	8
1535	7
1535	6
667	1
667	5
667	4
667	2
667	8
667	7
667	6
259	8
1534	1
259	6
259	7
259	4
259	5
259	2
2485	8
259	3
1534	7
1534	8
1534	3
1534	4
1534	5
1534	6
1533	6
1533	7
1533	4
1078	8
1533	5
1078	7
1533	2
1078	6
1533	3
1078	5
1078	4
1533	1
1078	3
665	2
665	1
1533	8
665	8
665	7
665	6
665	5
665	4
2485	4
2485	5
2485	6
259	1
2485	7
2485	2
2485	3
254	6
664	2
254	5
664	1
254	4
664	4
254	3
664	6
664	5
1081	1
254	8
664	8
1081	2
254	7
664	7
1081	3
254	2
254	1
2005	1
2484	8
2484	7
2005	3
2484	6
2005	2
2484	5
2005	5
2005	4
2005	6
1081	5
1081	4
1081	7
1081	6
2484	4
2484	3
1081	8
2484	2
2484	1
1080	3
1080	4
1080	1
1080	2
1080	7
1080	8
1080	5
1080	6
2004	8
2004	7
2004	6
2004	5
2004	4
2004	3
2004	2
2004	1
256	8
256	5
256	6
256	3
256	4
256	1
256	2
2005	8
661	8
2000	6
2000	5
2000	8
2000	7
2000	2
2000	1
2000	4
2000	3
1529	8
1529	7
1529	6
1529	5
1529	4
2001	3
688	7
2001	2
688	8
2001	1
688	5
688	6
688	3
688	4
688	1
688	2
1529	2
1529	3
1529	1
2001	8
2001	7
2001	6
2001	5
2001	4
2002	7
2002	8
2002	2
2002	1
2002	4
2002	3
2002	6
2002	5
1100	7
1100	8
1100	5
1100	6
1527	1
1527	4
1527	5
1527	2
1527	8
1527	6
1527	7
1100	4
1100	3
1100	2
1100	1
1532	2
1532	3
1532	4
1997	8
1997	5
1997	4
1997	7
1997	6
1997	1
684	5
684	6
684	7
1997	2
684	8
684	2
2462	7
684	4
2462	8
684	3
2462	5
260	8
2462	6
260	7
2462	3
260	6
260	5
2462	1
260	4
2462	2
260	3
260	2
1998	8
1998	7
1998	6
1998	5
1998	4
685	8
1998	3
1998	2
685	6
1998	1
685	7
685	4
685	5
685	2
685	3
685	1
1532	8
1532	7
1532	6
1532	5
1530	7
1530	8
1999	1
1103	1
1999	3
1103	3
1999	2
1103	2
1999	5
1103	5
1999	4
1103	4
262	5
262	6
1530	1
262	3
1530	2
262	4
1530	3
1530	4
262	7
1530	6
262	8
262	2
262	1
1531	4
263	6
1531	5
263	7
263	8
1531	3
1531	8
1531	6
1531	7
263	1
263	2
1531	1
263	3
263	4
263	5
1999	8
1103	8
1999	6
1103	6
1999	7
1103	7
1521	2
1521	1
1090	8
1090	7
1521	8
1521	6
1521	7
1521	4
1521	5
271	3
681	3
271	2
681	2
1091	1
271	5
681	1
271	1
681	8
1091	7
1091	6
1091	8
271	8
681	4
681	5
1091	2
271	6
681	6
1091	5
271	7
681	7
1091	4
1522	3
1522	4
1522	5
1522	6
1522	1
1522	2
1522	8
1519	8
1519	6
1519	7
1995	1
1995	5
1995	4
1995	3
1995	2
1995	8
1995	7
1995	6
679	1
679	5
679	4
679	3
679	2
679	8
679	7
679	6
273	2
273	3
273	1
273	6
1093	1
273	7
273	4
1093	3
273	5
1093	2
1093	5
1093	4
273	8
1093	7
1093	6
1093	8
2472	3
680	2
2472	4
2472	1
680	4
2472	2
680	3
2472	7
680	6
2472	8
680	5
2472	5
680	8
2472	6
680	7
267	7
677	7
1094	1
2469	5
267	6
677	6
1094	2
2469	6
677	5
2469	7
267	8
677	4
267	3
2469	1
267	2
677	2
2469	2
267	5
677	1
2469	3
267	4
1525	6
1525	7
1525	4
1525	5
1525	2
1525	3
1525	1
1094	8
1094	7
1094	6
2469	8
1094	5
677	8
1094	4
268	4
268	3
268	2
268	1
1525	8
268	7
268	8
268	5
268	6
2467	2
2467	3
2467	4
2467	5
2467	6
2467	7
2467	8
270	5
270	6
270	4
270	7
270	8
270	1
270	2
2041	2
697	3
2041	3
697	2
697	1
2041	1
697	8
2041	8
2041	7
697	6
2041	6
697	7
2041	5
697	4
2041	4
697	5
1173	7
1173	6
1173	5
1173	4
1173	3
1173	2
1173	1
220	8
220	7
220	6
220	5
2040	5
696	6
2040	6
696	5
2040	7
696	8
2040	8
696	7
2040	1
696	2
696	1
2040	3
696	4
2040	4
696	3
1629	3
1629	1
2039	4
1629	7
2039	5
2449	1
1629	6
2039	2
2449	2
1629	5
2039	3
1629	4
2039	8
2449	4
2449	5
2039	6
2449	6
2039	7
2449	7
1629	8
2449	8
699	1
699	4
699	5
699	2
220	1
699	8
220	3
699	6
220	4
699	7
2448	3
2448	4
2448	1
2448	2
2448	7
2448	8
2448	5
2448	6
1170	1
1170	2
1170	4
1170	5
1170	6
1170	8
1170	7
1624	7
1624	8
2451	1
1624	5
1624	6
1624	4
1624	1
1624	2
700	7
700	8
700	5
700	6
225	8
225	5
225	4
225	7
225	1
2451	7
2451	8
225	3
225	2
2451	2
2451	3
2451	4
2451	5
2450	6
2450	5
2450	4
2450	3
2450	2
2450	1
1623	7
1623	8
1623	2
1623	3
1623	4
1623	5
1623	1
700	2
700	1
700	4
700	3
2450	7
2450	8
702	5
702	6
702	3
702	4
702	7
702	8
1167	8
1167	6
702	1
702	2
2043	4
2043	5
2453	1
2043	2
2453	2
1626	8
2043	3
1626	7
2043	8
2453	4
2453	5
2043	6
2453	6
2043	7
2453	7
1626	2
1626	1
1626	6
2043	1
1626	4
1626	3
222	5
701	8
222	6
222	3
222	4
1625	1
222	7
1625	2
222	8
1625	3
701	1
701	2
701	3
222	1
701	4
222	2
701	5
701	6
2042	7
2452	7
2042	8
2452	8
2452	5
2452	6
1167	1
1167	2
1167	3
1167	4
1167	5
1625	5
1625	4
2042	1
1625	7
2042	2
1625	6
2452	3
2042	4
2452	4
1625	8
2042	5
2452	1
2042	6
2452	2
1166	2
1166	1
690	7
690	8
1166	8
1166	7
1166	4
1166	3
1166	6
1166	5
690	4
690	3
690	6
690	5
690	2
690	1
1165	6
1165	5
1165	4
1165	3
1165	2
1165	1
1165	8
2033	2
689	3
2033	3
689	2
689	1
2033	1
2453	8
2033	8
689	8
689	7
2033	7
689	6
2033	4
689	5
2033	5
689	4
692	1
692	2
692	3
692	4
692	5
692	6
692	7
692	8
2032	1
1622	4
2032	2
1622	3
2032	3
226	8
1622	6
2032	4
226	7
1622	5
2032	5
1622	8
2032	6
1622	7
2032	7
2032	8
2456	3
2456	4
2456	1
2456	2
2456	8
2456	5
2456	6
691	4
691	5
691	2
691	3
691	8
691	6
691	7
226	2
226	3
226	4
1622	2
226	5
226	6
2031	8
2031	6
2031	7
1163	1
1163	5
1163	2
1163	3
691	1
1163	8
1163	6
1163	7
232	8
232	7
232	6
232	5
232	4
232	3
2458	7
232	2
2458	8
2458	5
2458	6
2458	3
2458	4
2458	1
2458	2
1617	8
1162	8
1617	4
1162	7
1617	5
1617	6
1617	7
1162	4
1162	3
1617	1
1162	6
1617	2
1162	5
1617	3
693	8
2037	8
1162	2
1162	1
2037	6
693	7
2037	7
693	6
2037	4
693	5
2037	5
693	4
2037	2
693	3
2037	3
693	2
693	1
2037	1
1616	7
1616	8
1616	5
1616	6
1616	4
1616	1
1616	2
2036	5
2036	6
2036	7
2036	8
1619	3
1619	2
1619	5
1619	4
2036	1
1619	7
2036	2
1619	6
2036	3
2036	4
1619	8
695	6
695	7
695	8
1619	1
695	1
695	2
695	3
695	4
695	5
2459	2
1160	3
2459	3
1160	4
2459	4
1160	1
2459	5
2459	6
1160	7
2459	7
1160	8
2459	8
1160	5
1160	6
2035	5
229	8
2035	2
1618	8
2035	3
1618	7
2035	8
2035	6
2035	7
2459	1
1618	1
229	1
1618	2
229	3
2035	1
229	4
1618	5
229	5
1618	6
229	6
1618	3
229	7
1618	4
1186	2
1186	1
1186	4
1186	3
1186	6
1186	5
1186	7
1186	8
1187	1
2435	1
712	5
1615	2
712	6
1615	3
712	7
712	8
1615	5
712	1
712	2
712	3
712	4
1615	1
2435	6
2435	7
2435	8
2435	2
2435	3
1615	8
1615	7
2435	5
1615	6
1185	3
1185	2
1185	1
1185	8
1185	7
1185	6
1185	5
1185	4
2436	8
1182	4
2436	7
1182	3
2436	6
1182	6
2436	5
1182	5
1182	8
1182	7
2436	4
2436	2
1182	2
2436	1
1182	1
238	6
2030	4
238	5
2030	5
238	4
2030	6
238	3
2030	7
2030	8
238	8
238	7
238	1
2030	1
2030	2
1183	1
1183	5
1183	4
1183	3
1183	2
2031	1
2031	4
2031	5
2031	2
2031	3
1183	8
1183	6
1183	7
2438	2
236	3
2438	1
236	4
236	1
236	2
1180	6
1180	5
1180	8
1180	7
2438	7
2438	8
2438	5
236	8
2438	6
236	7
2438	3
236	6
2438	4
236	5
1181	8
1181	7
1181	5
1181	4
1181	3
1181	2
1181	1
703	8
703	6
703	7
2019	4
2019	5
2019	2
2019	3
2019	8
241	1
2019	6
241	3
2019	7
241	2
241	5
703	1
241	4
241	7
241	6
703	5
241	8
703	4
703	2
704	1
704	2
242	7
242	8
704	4
1607	1
704	5
1607	2
704	6
1607	3
704	7
1607	4
704	8
1607	5
1607	6
1607	7
1607	8
1180	2
1180	1
1180	4
2020	1
2020	2
2020	4
2020	5
242	2
2020	6
242	1
2020	7
2020	8
242	6
242	5
242	4
705	2
705	3
705	1
705	8
705	6
705	7
705	4
705	5
1178	4
1178	3
1178	5
1178	2
1178	1
706	4
2019	1
706	5
706	6
1178	8
1178	7
706	1
706	2
2442	5
2442	6
2442	3
2442	4
2442	1
2442	2
2442	7
2442	8
245	1
245	2
245	5
245	4
245	7
245	6
1175	8
1175	6
1175	1
706	7
706	8
1175	5
1175	4
1175	3
1175	2
2444	7
2444	8
2444	5
2444	6
2444	4
2444	3
2444	2
2444	1
245	8
708	7
1604	7
708	8
1604	8
708	5
1604	5
708	6
1604	6
708	3
1604	3
708	4
1604	4
708	1
1604	1
708	2
1604	2
1173	8
244	8
244	7
244	6
244	5
2022	7
244	4
2022	8
244	3
244	2
244	1
2022	3
2022	4
709	8
1605	8
2022	5
2022	6
709	4
1605	4
709	5
1605	5
2022	2
709	6
1605	6
2022	1
709	7
1605	7
709	1
1605	1
709	2
1605	2
1605	3
1143	8
1143	6
1143	7
2067	1
1143	1
1143	4
1143	5
1143	3
2422	2
2422	1
2067	5
2067	4
2067	3
2067	2
2067	8
2067	6
191	1
191	5
191	4
191	2
1142	3
1142	4
1142	5
1142	6
1142	7
1142	8
1601	4
1601	5
1601	6
1601	7
1601	8
191	8
191	6
191	7
1601	1
1601	2
2420	6
2420	5
2420	8
2420	7
2420	2
2420	1
2420	3
1144	5
1144	6
1144	7
1144	8
1144	1
1144	2
1144	3
1144	4
2068	6
724	5
2068	5
724	6
2068	8
724	7
724	8
2068	2
724	1
2068	1
724	2
2068	4
724	3
2068	3
724	4
2070	6
195	2
2070	5
195	3
195	4
2070	3
195	5
195	6
195	7
1598	2
2070	8
195	8
2070	7
1598	5
1598	6
1598	3
1598	4
1598	7
1598	8
730	2
730	1
730	6
730	5
730	3
730	8
730	7
1597	1
1597	2
1597	3
1597	4
1597	5
1597	6
1597	7
1597	8
729	1
729	3
729	5
729	4
729	7
729	6
729	8
195	1
2070	1
2070	2
2423	2
2423	5
2423	4
2423	1
1141	8
2072	8
728	7
2072	7
728	8
2072	6
728	5
2072	5
728	6
2072	4
2423	7
728	3
2072	3
2423	6
728	4
2072	2
728	1
2072	1
2423	8
728	2
1142	1
1142	2
2422	8
2422	7
2422	6
2422	5
2422	4
2422	3
1141	4
1141	5
1141	6
1141	7
1141	1
1141	3
199	8
199	6
199	7
199	1
199	4
199	5
199	2
199	3
2428	7
719	7
2428	8
719	6
2428	5
2428	6
719	8
719	1
2428	2
719	4
2428	1
719	5
2428	4
719	2
198	3
198	4
198	5
198	6
198	7
198	8
2059	4
2059	5
2059	2
2059	3
2059	8
2059	6
198	2
2059	7
198	1
1135	8
1135	6
1135	7
2059	1
2426	8
2426	7
717	8
2061	8
2061	7
717	6
2061	6
2426	3
717	7
2061	5
2426	6
717	4
2061	4
2426	5
717	5
2061	3
717	2
2061	2
717	3
2061	1
2426	2
2426	1
717	1
723	3
723	2
1133	1
723	5
1133	2
723	4
1133	3
1133	4
723	6
1133	5
1133	6
723	8
1133	7
1133	8
202	1
202	2
1591	1
202	5
1591	2
202	6
1591	3
1591	4
202	4
1591	5
1591	6
1591	7
202	7
1591	8
202	8
723	1
722	8
722	7
1590	6
1590	3
1590	4
1590	7
1590	8
722	1
722	5
722	6
722	3
722	4
204	8
204	7
204	6
204	5
1135	2
1135	3
1135	4
1590	2
1135	5
1590	1
1135	1
2065	1
2065	3
2065	2
2065	8
204	4
204	1
204	2
2065	5
2065	7
2065	6
2064	8
2429	5
2064	7
2064	6
2429	7
2064	5
2429	6
203	1
2429	1
2064	3
2064	2
2429	3
2064	1
2429	2
203	6
203	7
203	8
203	2
2429	8
203	4
203	5
739	7
739	6
739	8
739	3
739	2
739	5
739	4
2407	8
2407	7
2407	6
2407	5
2407	4
2407	3
2407	2
2407	1
2053	6
2053	7
2053	4
2053	5
2053	2
740	8
2053	3
740	7
740	6
740	5
740	4
740	3
740	2
740	1
2408	6
206	7
2408	5
206	8
2408	8
2408	7
206	3
1588	7
2408	1
206	4
1588	8
2408	4
206	5
1588	5
2408	3
206	6
1588	3
1588	4
206	1
1588	1
206	2
1588	2
2053	8
2405	2
1585	5
2405	3
1585	4
1585	7
2405	1
1585	6
2405	6
2405	7
1585	8
2054	1
2054	2
2405	5
1585	3
1585	2
2054	4
2054	3
2054	6
2054	5
2405	8
2054	8
1586	2
1586	1
1586	6
1586	5
2406	1
1586	4
2406	2
1586	3
739	1
2406	4
2406	3
2406	6
1586	7
2406	5
1586	8
2406	8
2406	7
1153	2
1153	3
2056	5
1153	8
2056	6
2056	7
2056	8
2056	1
1153	4
1153	5
2056	3
1153	6
2056	4
1153	7
209	1
2411	1
209	2
209	3
2411	7
209	8
2411	6
2411	8
2411	3
209	4
2411	2
209	5
2411	5
209	6
2411	4
2057	2
1154	5
2057	3
1154	6
1154	3
2057	1
1154	4
1154	1
2057	5
1154	8
2057	4
1154	7
2057	7
2057	6
2057	8
2058	2
1155	5
1155	4
1155	3
1155	2
2058	6
2058	5
1155	8
2058	4
1155	7
2058	3
1155	6
2058	8
2058	7
742	1
742	2
742	6
742	5
742	4
742	8
742	7
2414	8
2414	7
2414	4
2414	3
2414	6
2414	5
2414	2
2414	1
2045	8
1149	8
2045	6
1149	6
2045	7
1149	7
2045	4
1149	4
2045	5
1149	5
2045	2
732	8
1149	2
732	7
1149	3
732	6
2045	1
732	5
213	6
213	7
213	4
213	5
213	2
213	3
213	1
2412	6
2047	8
2412	5
2047	7
2412	8
2047	6
2412	7
2047	1
2047	4
2412	1
2047	5
2412	2
2047	2
2412	3
2047	3
2412	4
213	8
2413	8
732	1
732	2
732	4
2413	3
1152	2
2413	2
1152	1
2413	1
1152	4
1152	3
2413	7
1152	6
2413	6
1152	5
2413	5
1152	8
2413	4
1152	7
2049	2
2049	3
2049	1
1577	3
1577	2
2049	8
1577	1
2049	6
2049	7
2049	4
2049	5
2417	1
215	2
2417	3
215	4
2417	2
215	5
215	1
2417	8
2417	5
215	6
215	7
2417	7
215	8
2417	6
2050	3
2050	4
2050	5
2050	6
2050	1
2050	2
1577	8
1577	4
1577	5
1577	6
1577	7
217	5
217	4
217	7
217	8
1148	3
2051	1
1148	4
1148	1
1148	2
2050	8
2050	7
217	1
217	2
217	3
218	2
218	1
218	6
218	5
218	4
218	3
218	8
218	7
1148	6
2051	2
1148	5
2051	5
1148	8
2051	4
1148	7
2051	7
2051	6
2051	8
