2810	4	1.0
1201	3	1.0
1776	3	1.0
251	1	1.0
3230	5	1.0
1879	6	1.0
729	4	1.0
1052	6	1.0
2035	3	1.0
2693	5	1.0
2876	5	1.0
250	6	1.0
1410	5	1.0
1570	5	1.0
1880	1	1.0
19	1	1.0
935	4	1.0
2036	4	1.0
730	1	1.0
1202	6	1.0
1673	3	1.0
2692	5	1.0
2244	6	1.0
846	3	1.0
2996	3	1.0
1409	5	1.0
1054	5	1.0
485	1	1.0
1526	3	1.0
1568	1	1.0
2811	4	1.0
252	4	1.0
1778	6	1.0
1321	3	1.0
2995	2	1.0
486	4	1.0
2347	6	1.0
2694	4	1.0
3229	3	1.0
2878	3	1.0
728	4	1.0
2574	6	1.0
2812	2	1.0
2140	3	1.0
254	4	1.0
2696	5	1.0
2248	5	1.0
2143	2	1.0
1056	5	1.0
2038	3	1.0
1566	5	1.0
2462	6	1.0
357	4	1.0
595	1	1.0
2813	4	1.0
2142	5	1.0
938	1	1.0
1670	6	1.0
2039	1	1.0
1772	1	1.0
3227	6	1.0
3109	5	1.0
1407	5	1.0
15	3	1.0
253	1	1.0
2814	1	1.0
1315	5	1.0
1774	3	1.0
1199	6	1.0
1318	6	1.0
2579	3	1.0
256	1	1.0
1406	3	1.0
121	3	1.0
593	4	1.0
2040	6	1.0
1877	5	1.0
2992	2	1.0
2874	6	1.0
2247	4	1.0
731	1	1.0
359	6	1.0
2697	3	1.0
1200	4	1.0
2144	2	1.0
2816	4	1.0
3107	6	1.0
3226	6	1.0
592	2	1.0
1058	5	1.0
2991	3	1.0
2041	5	1.0
2246	3	1.0
848	1	1.0
1878	6	1.0
2987	1	1.0
2570	6	1.0
2028	5	1.0
736	1	1.0
2146	6	1.0
1045	2	1.0
1208	4	1.0
3120	6	1.0
1418	3	1.0
1769	5	1.0
2803	5	1.0
480	5	1.0
11	4	1.0
2882	4	1.0
2465	4	1.0
737	1	1.0
2029	2	1.0
1209	5	1.0
1680	3	1.0
129	3	1.0
2569	2	1.0
2883	6	1.0
481	1	1.0
1887	6	1.0
597	1	1.0
1522	4	1.0
1768	5	1.0
1417	3	1.0
361	1	1.0
3224	3	1.0
2466	1	1.0
2148	1	1.0
2353	3	1.0
2568	3	1.0
3221	5	1.0
1314	4	1.0
1679	4	1.0
1888	1	1.0
944	1	1.0
2884	1	1.0
131	5	1.0
13	3	1.0
1771	1	1.0
1416	2	1.0
478	4	1.0
2701	3	1.0
1520	6	1.0
3118	2	1.0
1562	5	1.0
1313	5	1.0
2885	1	1.0
1678	4	1.0
735	1	1.0
2805	5	1.0
2235	3	1.0
943	1	1.0
1048	3	1.0
130	6	1.0
2469	5	1.0
2806	2	1.0
2358	1	1.0
364	4	1.0
247	1	1.0
1309	6	1.0
3117	4	1.0
483	4	1.0
1415	2	1.0
602	5	1.0
1766	6	1.0
2031	5	1.0
1559	5	1.0
739	4	1.0
2150	4	1.0
126	1	1.0
2470	1	1.0
1308	3	1.0
1414	1	1.0
601	1	1.0
1883	3	1.0
3220	6	1.0
945	6	1.0
2807	2	1.0
484	4	1.0
2702	3	1.0
2573	3	1.0
9	2	1.0
600	4	1.0
1884	4	1.0
128	4	1.0
948	3	1.0
2808	2	1.0
1311	5	1.0
1516	4	1.0
1206	1	1.0
1676	1	1.0
2467	4	1.0
249	4	1.0
2705	3	1.0
2357	3	1.0
127	2	1.0
2034	6	1.0
10	6	1.0
738	1	1.0
2881	4	1.0
248	1	1.0
366	4	1.0
2809	1	1.0
1675	6	1.0
3219	5	1.0
599	4	1.0
2151	4	1.0
1517	5	1.0
3007	6	1.0
2678	4	1.0
1894	3	1.0
368	1	1.0
2890	6	1.0
2797	6	1.0
1067	5	1.0
2590	3	1.0
2022	3	1.0
716	6	1.0
108	4	1.0
1659	5	1.0
1188	5	1.0
2258	3	1.0
2889	6	1.0
1542	6	1.0
1306	4	1.0
3008	5	1.0
1893	2	1.0
367	4	1.0
949	2	1.0
2591	3	1.0
1066	1	1.0
4	3	1.0
2259	3	1.0
1556	3	1.0
1425	4	1.0
1790	5	1.0
2679	6	1.0
264	2	1.0
2021	5	1.0
714	5	1.0
1069	3	1.0
831	3	1.0
1422	6	1.0
1555	6	1.0
1190	5	1.0
370	1	1.0
3097	1	1.0
2892	3	1.0
265	1	1.0
2798	2	1.0
1423	6	1.0
713	3	1.0
3098	6	1.0
2471	5	1.0
2589	4	1.0
1540	3	1.0
266	4	1.0
1792	2	1.0
471	4	1.0
2127	6	1.0
2681	5	1.0
1554	4	1.0
2891	4	1.0
104	4	1.0
1656	6	1.0
2261	6	1.0
2025	4	1.0
580	1	1.0
3003	2	1.0
1890	6	1.0
372	3	1.0
1421	1	1.0
477	4	1.0
2800	5	1.0
2366	2	1.0
1786	6	1.0
105	1	1.0
837	1	1.0
718	4	1.0
2129	4	1.0
1	1	1.0
3213	2	1.0
1657	6	1.0
2262	3	1.0
581	4	1.0
3096	6	1.0
371	6	1.0
953	4	1.0
2799	6	1.0
2365	4	1.0
3093	5	1.0
1186	6	1.0
2130	2	1.0
475	5	1.0
1419	6	1.0
2475	3	1.0
3	1	1.0
2027	5	1.0
3005	6	1.0
2260	4	1.0
1892	4	1.0
1072	5	1.0
1304	6	1.0
2801	6	1.0
3211	3	1.0
2026	6	1.0
1537	3	1.0
2474	4	1.0
1788	5	1.0
835	1	1.0
1891	6	1.0
1655	2	1.0
717	6	1.0
3210	6	1.0
2369	6	1.0
115	1	1.0
1666	5	1.0
2685	1	1.0
375	4	1.0
826	4	1.0
2897	1	1.0
3000	6	1.0
3209	4	1.0
1667	5	1.0
116	1	1.0
1549	5	1.0
2132	5	1.0
1432	2	1.0
257	4	1.0
2252	3	1.0
1783	1	1.0
2014	2	1.0
466	6	1.0
3106	2	1.0
2479	3	1.0
1900	4	1.0
582	4	1.0
3104	5	1.0
1197	3	1.0
2687	4	1.0
1902	6	1.0
1784	4	1.0
3208	3	1.0
377	3	1.0
721	1	1.0
957	4	1.0
3002	3	1.0
2368	5	1.0
1062	4	1.0
2249	3	1.0
2478	5	1.0
3105	1	1.0
2688	3	1.0
2582	5	1.0
2134	5	1.0
1196	5	1.0
376	3	1.0
1547	3	1.0
259	1	1.0
1665	4	1.0
2791	1	1.0
825	1	1.0
1294	6	1.0
1897	3	1.0
1532	3	1.0
959	4	1.0
2135	1	1.0
1779	5	1.0
260	4	1.0
2793	5	1.0
2689	3	1.0
829	4	1.0
2484	3	1.0
1428	3	1.0
2373	3	1.0
2254	3	1.0
111	1	1.0
3207	1	1.0
2587	3	1.0
2997	1	1.0
1896	4	1.0
1531	6	1.0
1295	3	1.0
960	1	1.0
2893	4	1.0
1191	3	1.0
830	4	1.0
3206	5	1.0
1664	5	1.0
112	1	1.0
2482	5	1.0
2020	5	1.0
1661	4	1.0
2371	5	1.0
2585	3	1.0
3205	5	1.0
1193	3	1.0
2895	2	1.0
380	1	1.0
1544	4	1.0
2795	5	1.0
828	4	1.0
1064	5	1.0
2481	4	1.0
2999	2	1.0
724	2	1.0
379	3	1.0
2894	4	1.0
1297	5	1.0
2586	3	1.0
3101	6	1.0
1530	3	1.0
263	5	1.0
2019	4	1.0
468	1	1.0
2138	1	1.0
2691	5	1.0
1595	5	1.0
2784	4	1.0
2548	3	1.0
3023	4	1.0
2009	6	1.0
755	5	1.0
457	4	1.0
3138	3	1.0
151	3	1.0
2666	3	1.0
2430	1	1.0
872	4	1.0
1499	3	1.0
2319	2	1.0
1381	5	1.0
1805	3	1.0
1699	6	1.0
2906	3	1.0
48	1	1.0
1173	5	1.0
963	1	1.0
1080	1	1.0
2903	4	1.0
150	3	1.0
1907	6	1.0
2112	6	1.0
2549	4	1.0
1500	3	1.0
326	3	1.0
2320	3	1.0
1804	5	1.0
1701	5	1.0
460	4	1.0
3140	2	1.0
1908	4	1.0
3021	1	1.0
1174	3	1.0
1598	4	1.0
563	5	1.0
874	4	1.0
327	3	1.0
461	4	1.0
3020	5	1.0
1802	3	1.0
2901	3	1.0
2670	5	1.0
44	1	1.0
1905	5	1.0
2012	3	1.0
1378	6	1.0
1085	1	1.0
3136	4	1.0
1495	3	1.0
2219	3	1.0
331	2	1.0
1592	5	1.0
1696	3	1.0
2323	5	1.0
2218	3	1.0
45	1	1.0
3019	3	1.0
2788	5	1.0
2433	6	1.0
876	1	1.0
1496	5	1.0
1906	5	1.0
1801	2	1.0
3135	6	1.0
1593	4	1.0
148	4	1.0
1289	5	1.0
2553	3	1.0
1800	4	1.0
2900	3	1.0
42	1	1.0
2115	6	1.0
2669	4	1.0
3254	5	1.0
1170	4	1.0
1903	3	1.0
1288	1	1.0
1083	5	1.0
226	6	1.0
566	6	1.0
1498	3	1.0
2552	2	1.0
2011	3	1.0
3255	5	1.0
1904	1	1.0
146	1	1.0
2220	1	1.0
966	1	1.0
225	4	1.0
1697	5	1.0
463	4	1.0
866	1	1.0
3016	4	1.0
450	3	1.0
569	1	1.0
159	1	1.0
2325	5	1.0
2912	3	1.0
1799	3	1.0
2209	1	1.0
2541	1	1.0
1075	2	1.0
218	2	1.0
3146	4	1.0
2436	1	1.0
1287	3	1.0
41	1	1.0
2437	6	1.0
1388	4	1.0
1183	6	1.0
2326	3	1.0
1706	6	1.0
2913	3	1.0
451	3	1.0
335	1	1.0
1286	6	1.0
2778	5	1.0
217	4	1.0
1076	4	1.0
3148	1	1.0
1493	5	1.0
2542	4	1.0
868	3	1.0
2327	5	1.0
571	1	1.0
452	4	1.0
2438	5	1.0
2210	5	1.0
2910	1	1.0
2119	4	1.0
1914	2	1.0
1590	6	1.0
2911	3	1.0
2001	6	1.0
1796	5	1.0
570	1	1.0
1284	4	1.0
215	1	1.0
1494	5	1.0
3014	1	1.0
1708	3	1.0
2118	1	1.0
2671	4	1.0
764	4	1.0
453	5	1.0
1181	3	1.0
1283	4	1.0
2544	1	1.0
221	4	1.0
2212	5	1.0
1585	5	1.0
338	1	1.0
1078	1	1.0
2329	4	1.0
765	1	1.0
1795	6	1.0
454	1	1.0
572	4	1.0
1912	3	1.0
2677	4	1.0
975	4	1.0
37	2	1.0
3013	4	1.0
1385	2	1.0
155	4	1.0
2781	4	1.0
3246	5	1.0
220	4	1.0
2006	6	1.0
2909	1	1.0
38	4	1.0
2330	5	1.0
455	1	1.0
869	1	1.0
3012	6	1.0
1384	4	1.0
1179	6	1.0
2440	6	1.0
974	1	1.0
2122	6	1.0
2214	3	1.0
1705	6	1.0
1587	4	1.0
767	6	1.0
219	5	1.0
574	4	1.0
1281	6	1.0
2441	6	1.0
1490	2	1.0
3144	3	1.0
1793	6	1.0
153	4	1.0
1588	4	1.0
2545	1	1.0
1911	3	1.0
2675	3	1.0
973	3	1.0
2121	4	1.0
337	4	1.0
456	4	1.0
3010	4	1.0
2779	4	1.0
2331	4	1.0
1491	6	1.0
573	4	1.0
2442	1	1.0
2004	6	1.0
1279	5	1.0
3243	2	1.0
2099	6	1.0
2444	1	1.0
34	1	1.0
978	4	1.0
1513	5	1.0
1395	3	1.0
2770	5	1.0
1161	2	1.0
2229	3	1.0
138	1	1.0
548	4	1.0
1280	4	1.0
33	5	1.0
741	5	1.0
1922	4	1.0
1095	6	1.0
1396	4	1.0
3242	2	1.0
3037	2	1.0
1686	3	1.0
1160	3	1.0
2097	5	1.0
2335	1	1.0
446	4	1.0
2230	1	1.0
1994	2	1.0
3126	5	1.0
1584	5	1.0
860	5	1.0
2446	1	1.0
1688	3	1.0
1993	2	1.0
237	4	1.0
3127	1	1.0
1094	5	1.0
3244	6	1.0
2231	5	1.0
977	4	1.0
2917	6	1.0
2768	4	1.0
861	1	1.0
2563	2	1.0
2445	1	1.0
743	4	1.0
1815	3	1.0
745	4	1.0
2447	4	1.0
31	5	1.0
2564	2	1.0
862	1	1.0
2656	5	1.0
2774	4	1.0
2102	3	1.0
551	4	1.0
241	1	1.0
1579	6	1.0
134	1	1.0
2232	3	1.0
3239	3	1.0
1683	3	1.0
1919	6	1.0
1392	3	1.0
242	1	1.0
30	5	1.0
1998	5	1.0
1099	3	1.0
135	2	1.0
1816	5	1.0
2233	1	1.0
1276	3	1.0
2773	3	1.0
1393	3	1.0
2914	3	1.0
2566	2	1.0
3123	4	1.0
1098	6	1.0
1581	6	1.0
980	1	1.0
344	6	1.0
2338	6	1.0
1157	5	1.0
1814	3	1.0
865	1	1.0
1511	5	1.0
240	1	1.0
3240	3	1.0
28	1	1.0
1684	6	1.0
1394	3	1.0
133	1	1.0
27	3	1.0
437	1	1.0
3029	4	1.0
1169	5	1.0
1402	3	1.0
1692	5	1.0
2554	6	1.0
2106	3	1.0
144	6	1.0
2659	3	1.0
555	4	1.0
748	4	1.0
1929	3	1.0
2450	1	1.0
852	6	1.0
1575	5	1.0
1693	2	1.0
2555	1	1.0
1988	3	1.0
3132	6	1.0
1273	4	1.0
145	1	1.0
853	6	1.0
2762	5	1.0
1403	3	1.0
2657	5	1.0
2342	1	1.0
2223	3	1.0
1167	5	1.0
1577	1	1.0
1088	1	1.0
3133	3	1.0
3238	3	1.0
26	5	1.0
3028	3	1.0
1927	6	1.0
984	1	1.0
2556	6	1.0
854	6	1.0
2924	5	1.0
1507	3	1.0
230	1	1.0
1271	6	1.0
3237	4	1.0
1986	5	1.0
2224	3	1.0
25	4	1.0
141	2	1.0
234	4	1.0
2557	3	1.0
855	1	1.0
353	3	1.0
3128	6	1.0
2923	5	1.0
2225	4	1.0
1572	6	1.0
441	4	1.0
1398	4	1.0
1503	6	1.0
1689	3	1.0
24	3	1.0
3026	2	1.0
1992	4	1.0
352	1	1.0
3129	5	1.0
2226	5	1.0
2343	4	1.0
1809	3	1.0
1571	3	1.0
3027	3	1.0
1926	6	1.0
3232	3	1.0
989	1	1.0
2922	1	1.0
440	4	1.0
2558	3	1.0
1502	6	1.0
751	1	1.0
1092	5	1.0
1574	3	1.0
22	4	1.0
1991	3	1.0
3130	4	1.0
3234	1	1.0
2661	3	1.0
2107	3	1.0
754	1	1.0
2227	1	1.0
232	4	1.0
139	1	1.0
1806	6	1.0
2559	4	1.0
857	2	1.0
2662	3	1.0
1691	3	1.0
1163	5	1.0
1401	2	1.0
1090	3	1.0
2108	3	1.0
21	1	1.0
2560	6	1.0
858	6	1.0
1504	6	1.0
753	1	1.0
1924	5	1.0
2920	5	1.0
1807	4	1.0
2198	2	1.0
309	3	1.0
677	1	1.0
1000	4	1.0
1828	6	1.0
2868	5	1.0
884	4	1.0
2304	5	1.0
2927	4	1.0
2636	2	1.0
1621	3	1.0
2517	2	1.0
3282	1	1.0
1352	4	1.0
1726	3	1.0
70	4	1.0
650	1	1.0
3046	6	1.0
3165	2	1.0
1142	3	1.0
1261	2	1.0
2303	2	1.0
174	2	1.0
678	3	1.0
1470	6	1.0
2635	4	1.0
3045	3	1.0
795	1	1.0
3164	5	1.0
1827	5	1.0
2302	5	1.0
1467	3	1.0
3280	3	1.0
1830	4	1.0
311	4	1.0
2753	6	1.0
648	1	1.0
2095	2	1.0
794	5	1.0
1829	3	1.0
2633	3	1.0
1350	4	1.0
310	6	1.0
1003	1	1.0
2199	2	1.0
2871	6	1.0
1620	5	1.0
3281	4	1.0
175	1	1.0
1934	1	1.0
409	4	1.0
3169	1	1.0
2403	6	1.0
647	4	1.0
1356	2	1.0
3285	5	1.0
2632	5	1.0
3049	1	1.0
2514	4	1.0
1729	5	1.0
1473	3	1.0
2300	3	1.0
2865	6	1.0
646	3	1.0
2404	4	1.0
3168	1	1.0
2515	4	1.0
1263	3	1.0
1935	5	1.0
1355	5	1.0
2091	4	1.0
543	1	1.0
674	4	1.0
305	4	1.0
2747	4	1.0
2299	4	1.0
672	1	1.0
1936	1	1.0
2750	3	1.0
2401	4	1.0
540	4	1.0
3167	5	1.0
2867	5	1.0
1354	2	1.0
1728	5	1.0
1623	3	1.0
999	4	1.0
1266	6	1.0
3050	1	1.0
541	2	1.0
1937	1	1.0
2513	5	1.0
1624	3	1.0
3166	5	1.0
2402	4	1.0
1472	4	1.0
1148	5	1.0
2630	5	1.0
2749	6	1.0
1265	4	1.0
1832	6	1.0
1727	5	1.0
1938	4	1.0
2629	5	1.0
1359	2	1.0
63	4	1.0
3275	5	1.0
3172	3	1.0
1149	3	1.0
2934	6	1.0
302	3	1.0
2759	3	1.0
2297	6	1.0
3171	1	1.0
1615	3	1.0
1253	6	1.0
3038	3	1.0
64	2	1.0
1820	6	1.0
2204	3	1.0
539	4	1.0
2414	6	1.0
2862	3	1.0
685	4	1.0
890	2	1.0
537	1	1.0
3170	4	1.0
682	6	1.0
2936	3	1.0
421	4	1.0
3273	3	1.0
2863	6	1.0
891	2	1.0
2206	3	1.0
182	1	1.0
2523	3	1.0
538	5	1.0
2294	4	1.0
1255	5	1.0
3040	6	1.0
303	4	1.0
1461	4	1.0
2864	6	1.0
887	5	1.0
2755	6	1.0
299	2	1.0
1153	3	1.0
2938	3	1.0
785	3	1.0
185	4	1.0
2858	6	1.0
535	5	1.0
416	6	1.0
1257	3	1.0
1736	5	1.0
66	4	1.0
2084	2	1.0
886	1	1.0
2859	4	1.0
991	1	1.0
653	2	1.0
1619	6	1.0
1824	5	1.0
67	4	1.0
2522	4	1.0
417	1	1.0
784	3	1.0
3279	3	1.0
184	5	1.0
3041	5	1.0
1256	3	1.0
1616	3	1.0
3277	4	1.0
2624	5	1.0
992	5	1.0
1154	5	1.0
1259	6	1.0
1464	6	1.0
187	1	1.0
889	4	1.0
3044	2	1.0
2292	3	1.0
1943	5	1.0
2519	6	1.0
1361	5	1.0
652	1	1.0
2203	5	1.0
2085	5	1.0
783	5	1.0
2757	6	1.0
1155	2	1.0
1734	5	1.0
3278	1	1.0
2861	6	1.0
300	4	1.0
1825	5	1.0
2623	2	1.0
69	3	1.0
418	1	1.0
2086	4	1.0
534	5	1.0
186	1	1.0
3043	6	1.0
2756	6	1.0
888	5	1.0
3173	4	1.0
2942	5	1.0
322	4	1.0
2421	5	1.0
160	5	1.0
1015	5	1.0
3269	3	1.0
1608	3	1.0
635	4	1.0
2649	1	1.0
1365	5	1.0
1129	6	1.0
1484	5	1.0
3059	4	1.0
2532	1	1.0
1946	6	1.0
2737	3	1.0
2420	5	1.0
1842	6	1.0
2184	5	1.0
2080	3	1.0
1014	3	1.0
323	4	1.0
1247	3	1.0
532	1	1.0
1945	6	1.0
2855	4	1.0
2650	3	1.0
426	1	1.0
2185	3	1.0
1843	1	1.0
1947	5	1.0
779	1	1.0
3267	2	1.0
3149	1	1.0
634	4	1.0
324	1	1.0
898	5	1.0
662	1	1.0
2530	3	1.0
1017	3	1.0
3266	6	1.0
1481	3	1.0
1710	6	1.0
428	4	1.0
2856	2	1.0
3150	1	1.0
2186	1	1.0
1606	3	1.0
2316	5	1.0
530	1	1.0
780	4	1.0
2081	6	1.0
661	1	1.0
1016	3	1.0
162	6	1.0
2419	6	1.0
1249	3	1.0
58	3	1.0
1133	3	1.0
2852	1	1.0
1487	5	1.0
3154	4	1.0
3272	5	1.0
777	3	1.0
2645	5	1.0
3062	2	1.0
1612	3	1.0
893	1	1.0
1715	4	1.0
2077	5	1.0
163	5	1.0
2313	1	1.0
3155	5	1.0
660	1	1.0
3063	2	1.0
1611	5	1.0
633	1	1.0
1250	4	1.0
59	4	1.0
164	1	1.0
320	1	1.0
2314	5	1.0
1845	1	1.0
1251	3	1.0
2527	4	1.0
3152	1	1.0
2182	4	1.0
2947	3	1.0
321	1	1.0
1951	3	1.0
3064	2	1.0
1134	3	1.0
425	1	1.0
896	5	1.0
1252	3	1.0
1368	5	1.0
526	4	1.0
3153	6	1.0
2736	6	1.0
2183	2	1.0
3065	5	1.0
3270	1	1.0
1609	3	1.0
2312	5	1.0
424	3	1.0
2853	3	1.0
2642	2	1.0
1477	2	1.0
3262	3	1.0
50	1	1.0
1372	3	1.0
1953	2	1.0
2949	3	1.0
2428	4	1.0
1718	5	1.0
1008	4	1.0
167	1	1.0
1240	4	1.0
904	4	1.0
3158	2	1.0
2643	3	1.0
1952	4	1.0
2848	5	1.0
1373	5	1.0
775	3	1.0
2538	6	1.0
670	4	1.0
316	1	1.0
433	6	1.0
1007	4	1.0
2745	4	1.0
3261	3	1.0
1601	3	1.0
2537	3	1.0
168	4	1.0
1010	1	1.0
524	4	1.0
2075	3	1.0
669	4	1.0
52	4	1.0
1138	5	1.0
1716	5	1.0
317	1	1.0
2746	4	1.0
772	4	1.0
436	1	1.0
2192	2	1.0
1836	6	1.0
773	4	1.0
318	4	1.0
169	3	1.0
1009	4	1.0
1137	3	1.0
1242	4	1.0
2426	6	1.0
1474	3	1.0
435	1	1.0
3259	3	1.0
1837	6	1.0
2425	6	1.0
1722	5	1.0
900	4	1.0
2952	3	1.0
2740	6	1.0
2187	2	1.0
312	3	1.0
2306	3	1.0
522	4	1.0
1376	5	1.0
1605	3	1.0
639	3	1.0
53	1	1.0
2307	3	1.0
171	1	1.0
1723	1	1.0
3265	3	1.0
313	1	1.0
2424	3	1.0
2188	1	1.0
1004	1	1.0
771	5	1.0
1139	3	1.0
3056	6	1.0
1955	6	1.0
3162	3	1.0
2535	3	1.0
1604	6	1.0
521	1	1.0
2639	4	1.0
2954	5	1.0
1479	3	1.0
314	1	1.0
1958	5	1.0
3264	3	1.0
637	4	1.0
1603	3	1.0
1141	5	1.0
1720	6	1.0
3057	6	1.0
666	4	1.0
2423	3	1.0
1244	6	1.0
902	4	1.0
55	4	1.0
2534	1	1.0
172	1	1.0
1374	3	1.0
2071	5	1.0
1957	4	1.0
1478	1	1.0
1721	3	1.0
2846	4	1.0
1140	5	1.0
3263	1	1.0
1245	4	1.0
173	5	1.0
2422	1	1.0
2533	1	1.0
3075	5	1.0
2172	5	1.0
99	4	1.0
2957	5	1.0
2068	1	1.0
1960	3	1.0
1323	4	1.0
2488	1	1.0
1440	3	1.0
3191	4	1.0
1752	3	1.0
1857	4	1.0
1647	3	1.0
2489	5	1.0
620	4	1.0
2725	3	1.0
3074	6	1.0
1117	3	1.0
387	1	1.0
517	4	1.0
1325	6	1.0
1856	5	1.0
2608	5	1.0
385	3	1.0
97	5	1.0
3073	5	1.0
2955	3	1.0
2276	5	1.0
1754	4	1.0
202	2	1.0
2841	1	1.0
1028	5	1.0
2379	5	1.0
1233	6	1.0
1855	6	1.0
1324	5	1.0
1442	5	1.0
98	2	1.0
2956	3	1.0
3310	4	1.0
2607	1	1.0
3192	4	1.0
2842	5	1.0
2275	5	1.0
1029	3	1.0
1026	2	1.0
1238	2	1.0
2271	3	1.0
1651	4	1.0
207	4	1.0
1326	6	1.0
818	1	1.0
2169	3	1.0
2960	3	1.0
513	3	1.0
617	4	1.0
2065	4	1.0
1027	5	1.0
384	3	1.0
1121	2	1.0
3312	5	1.0
2485	1	1.0
2840	1	1.0
2168	3	1.0
700	4	1.0
616	2	1.0
206	4	1.0
1965	6	1.0
2375	5	1.0
2837	6	1.0
1236	6	1.0
1118	3	1.0
2273	2	1.0
1962	5	1.0
2167	3	1.0
1757	3	1.0
2062	5	1.0
1025	1	1.0
820	4	1.0
381	5	1.0
1859	2	1.0
619	1	1.0
2486	3	1.0
1119	5	1.0
907	4	1.0
515	1	1.0
205	1	1.0
2166	3	1.0
2272	3	1.0
2838	6	1.0
2604	3	1.0
1653	1	1.0
1963	5	1.0
1858	2	1.0
2487	3	1.0
819	6	1.0
1446	3	1.0
1433	6	1.0
1123	3	1.0
1759	1	1.0
1023	4	1.0
2384	1	1.0
628	2	1.0
92	6	1.0
814	5	1.0
920	1	1.0
2495	5	1.0
1024	3	1.0
1641	5	1.0
1434	6	1.0
919	4	1.0
2385	4	1.0
627	3	1.0
1758	2	1.0
93	1	1.0
1124	5	1.0
2836	5	1.0
2178	5	1.0
210	1	1.0
2269	5	1.0
1966	2	1.0
918	3	1.0
2834	4	1.0
629	6	1.0
511	4	1.0
3200	5	1.0
1332	4	1.0
2601	5	1.0
1021	1	1.0
2731	6	1.0
2962	6	1.0
512	1	1.0
2730	3	1.0
1760	5	1.0
208	6	1.0
2268	5	1.0
1122	6	1.0
1022	3	1.0
2497	4	1.0
917	2	1.0
712	4	1.0
1435	6	1.0
2060	3	1.0
1643	4	1.0
2491	3	1.0
1333	6	1.0
273	5	1.0
2729	5	1.0
2176	6	1.0
2381	5	1.0
96	4	1.0
214	4	1.0
624	1	1.0
2967	6	1.0
1019	5	1.0
3304	4	1.0
1127	1	1.0
1644	5	1.0
1436	6	1.0
2596	3	1.0
213	4	1.0
2175	5	1.0
2492	3	1.0
3071	6	1.0
707	4	1.0
1020	5	1.0
391	4	1.0
810	1	1.0
3201	3	1.0
1437	6	1.0
3203	1	1.0
94	4	1.0
3070	3	1.0
2055	6	1.0
813	4	1.0
2598	4	1.0
1018	2	1.0
388	1	1.0
626	1	1.0
2830	6	1.0
2382	6	1.0
2266	5	1.0
915	4	1.0
812	1	1.0
2056	6	1.0
1439	5	1.0
1851	4	1.0
1646	6	1.0
1229	3	1.0
709	4	1.0
389	1	1.0
2831	3	1.0
2494	4	1.0
2727	3	1.0
3069	3	1.0
2383	6	1.0
2503	4	1.0
3088	2	1.0
296	4	1.0
690	5	1.0
1454	6	1.0
1336	4	1.0
926	1	1.0
2711	3	1.0
189	1	1.0
606	1	1.0
401	1	1.0
2287	3	1.0
1634	3	1.0
2392	1	1.0
502	4	1.0
1738	5	1.0
297	4	1.0
1974	5	1.0
607	1	1.0
2620	1	1.0
2712	5	1.0
2158	4	1.0
2829	6	1.0
400	1	1.0
1102	3	1.0
1221	2	1.0
2621	3	1.0
1338	6	1.0
692	1	1.0
608	1	1.0
808	1	1.0
84	5	1.0
295	2	1.0
1043	3	1.0
3297	1	1.0
3178	6	1.0
2394	6	1.0
1739	5	1.0
505	1	1.0
2709	5	1.0
2156	3	1.0
1101	3	1.0
1219	6	1.0
1972	5	1.0
2290	5	1.0
1455	4	1.0
3179	6	1.0
2710	3	1.0
2393	5	1.0
2052	3	1.0
188	1	1.0
2622	3	1.0
1042	3	1.0
2827	6	1.0
2284	3	1.0
3298	5	1.0
1874	5	1.0
2388	6	1.0
1107	3	1.0
1458	6	1.0
1339	6	1.0
2616	1	1.0
686	4	1.0
2499	2	1.0
500	1	1.0
1224	6	1.0
1637	3	1.0
2825	6	1.0
3181	1	1.0
2050	6	1.0
2617	1	1.0
603	4	1.0
1340	4	1.0
1457	6	1.0
923	4	1.0
2974	2	1.0
1978	2	1.0
2706	1	1.0
191	1	1.0
2152	6	1.0
2824	6	1.0
501	1	1.0
1039	3	1.0
921	4	1.0
2390	5	1.0
291	2	1.0
604	1	1.0
688	4	1.0
2973	2	1.0
2618	1	1.0
1105	2	1.0
1341	6	1.0
1872	6	1.0
1038	3	1.0
2389	3	1.0
1743	5	1.0
2707	4	1.0
87	3	1.0
292	4	1.0
922	4	1.0
1639	2	1.0
3182	4	1.0
1104	1	1.0
806	4	1.0
395	1	1.0
2619	1	1.0
605	1	1.0
1223	4	1.0
2718	1	1.0
2823	1	1.0
1110	3	1.0
2399	6	1.0
800	4	1.0
2978	6	1.0
2280	6	1.0
1627	6	1.0
613	1	1.0
3081	3	1.0
1447	6	1.0
408	5	1.0
79	5	1.0
407	4	1.0
1109	6	1.0
2281	3	1.0
2398	5	1.0
2509	5	1.0
1981	6	1.0
3082	6	1.0
3287	5	1.0
1344	1	1.0
2047	3	1.0
696	6	1.0
614	1	1.0
2165	3	1.0
2163	4	1.0
1629	4	1.0
406	1	1.0
2821	6	1.0
1036	3	1.0
2511	3	1.0
1211	3	1.0
2046	3	1.0
2614	2	1.0
289	2	1.0
1747	2	1.0
2400	4	1.0
2045	4	1.0
195	4	1.0
2164	3	1.0
77	1	1.0
2283	1	1.0
497	1	1.0
2820	3	1.0
3080	3	1.0
3186	1	1.0
1448	6	1.0
609	4	1.0
1346	4	1.0
493	1	1.0
3085	6	1.0
1748	3	1.0
1217	1	1.0
83	4	1.0
2044	5	1.0
2277	3	1.0
2395	5	1.0
1034	5	1.0
2609	1	1.0
2982	6	1.0
2162	4	1.0
610	4	1.0
2043	4	1.0
492	6	1.0
3291	1	1.0
1985	3	1.0
2818	4	1.0
1113	2	1.0
1033	1	1.0
1450	3	1.0
404	1	1.0
1865	3	1.0
3083	6	1.0
611	6	1.0
1453	6	1.0
284	2	1.0
198	1	1.0
2713	3	1.0
3293	3	1.0
81	3	1.0
2279	3	1.0
799	5	1.0
694	5	1.0
494	1	1.0
3084	6	1.0
612	1	1.0
1111	5	1.0
1866	5	1.0
2612	3	1.0
1349	2	1.0
2507	5	1.0
402	1	1.0
2396	2	1.0
3292	5	1.0
2714	2	1.0
285	5	1.0
2160	5	1.0
2042	3	1.0
80	4	1.0
1632	5	1.0
929	1	1.0
