2810	6
2810	5
2810	3
2810	2
2810	1
3230	7
3230	5
3230	6
3230	3
3230	4
3230	2
3230	1
250	7
250	2
250	1
2811	1
250	6
250	5
250	4
250	3
1673	5
1673	4
1673	7
1673	6
1673	1
846	7
1673	2
846	5
2810	7
2138	7
846	6
846	3
846	4
846	2
846	1
1321	5
1321	4
1321	7
1321	6
252	5
252	6
252	7
252	1
252	2
2811	5
252	3
2811	2
252	4
2811	3
1321	1
1321	3
2811	6
1321	2
2811	7
2812	5
3229	1
2140	5
2812	6
2140	6
2812	7
3229	3
2140	7
3229	2
3229	5
3229	4
3229	7
3229	6
251	6
251	7
251	4
2812	1
2140	1
251	5
2812	2
2140	2
251	2
2812	3
2140	3
251	3
2812	4
2140	4
254	3
2143	4
2143	5
254	5
2143	2
254	6
2143	3
254	7
2143	1
3227	1
2143	6
2143	7
3226	7
2813	7
2813	6
2813	5
2813	4
2813	3
2813	2
254	2
2813	1
254	1
2814	7
2142	7
1670	2
1670	1
2814	3
2142	3
2814	4
2142	4
2814	5
2142	5
2814	6
2142	6
1670	7
1670	4
1670	3
1670	6
1670	5
1315	1
3227	7
3227	2
3227	3
3227	4
3227	5
253	3
253	2
1315	6
2814	2
2142	2
1315	7
2142	1
1315	4
253	7
253	6
1315	2
253	5
1315	3
253	4
1318	2
1318	1
1318	4
256	5
1318	3
256	6
1318	6
256	7
1318	5
1318	7
256	2
256	3
256	4
2816	1
2144	1
2816	2
2816	3
3226	2
2144	3
3226	1
2144	4
2816	5
3226	4
2144	5
2816	6
3226	3
2144	6
2816	7
2144	7
3226	5
848	4
848	3
848	2
848	1
848	7
848	6
848	5
2146	7
2146	3
2146	4
2146	5
2146	1
2146	2
1313	2
2803	7
1313	3
2803	6
1313	1
2803	3
2803	2
2803	5
2803	4
2803	1
1680	7
1680	6
1680	5
1680	4
1680	3
1680	2
1680	1
3224	7
3224	5
3224	6
3224	4
3224	1
3224	2
1679	7
1679	6
1314	7
2148	2
2148	3
2148	4
1314	2
3221	1
1314	1
1679	1
3221	3
3221	2
1314	6
1679	3
1314	5
1679	2
3221	4
1679	5
3221	7
1314	3
1679	4
3221	6
2148	6
2148	5
2148	7
1313	5
2805	2
1678	6
1313	4
2805	3
1678	5
1313	7
1313	6
2805	1
1678	3
2805	6
2805	7
2805	4
2805	5
1678	7
2806	2
2806	1
1309	6
1309	7
2806	7
1309	4
1309	5
1309	2
247	5
2806	4
1309	3
247	4
2806	3
247	3
2806	6
1309	1
247	2
2806	5
247	6
2150	1
247	7
2150	2
3220	2
2150	7
3220	1
1678	2
3220	4
1678	1
3220	3
2150	3
2150	4
2150	5
2150	6
1308	1
1308	2
1308	4
3220	7
3220	5
3220	6
2807	5
2807	4
2807	3
2807	2
1308	5
2807	1
1308	6
1308	7
2807	6
2807	7
2151	7
2151	6
1311	1
249	2
2808	1
249	3
2808	3
249	1
2808	4
1311	5
2808	5
1676	2
1311	4
2808	6
1311	3
2808	7
1676	4
1311	2
1676	3
1676	6
1676	5
1311	7
1311	6
1676	7
249	6
249	7
249	4
249	5
1675	1
248	5
1675	5
248	6
1675	4
248	7
1675	3
1675	2
2809	2
3219	1
248	2
2809	3
248	3
1675	7
248	4
1675	6
2809	6
3219	5
2809	7
3219	4
2151	1
2809	4
3219	3
2809	5
3219	2
2151	4
2151	5
3219	7
2151	2
3219	6
2151	3
2797	1
2797	3
2797	2
2797	5
2797	4
2797	7
1659	3
1659	2
1659	4
1659	7
1659	6
263	6
263	7
1306	1
1306	2
1306	3
1306	5
1306	6
264	5
264	6
264	7
264	1
264	3
264	4
831	7
831	6
831	5
831	4
831	3
831	2
831	1
265	6
265	7
265	4
265	5
2798	7
265	2
2798	3
265	3
2798	4
2798	5
265	1
1306	7
2798	6
2798	1
1659	1
266	7
266	1
266	2
266	3
266	4
266	5
2127	6
266	6
2127	7
2127	4
2127	5
2127	2
2127	3
2127	1
1656	2
1656	1
1656	4
1656	3
1656	5
1656	7
2800	2
2800	1
2800	4
2800	3
2800	6
2800	5
2800	7
2129	6
2129	7
837	2
837	3
2129	5
837	4
1657	3
837	5
1657	2
837	6
1657	1
837	7
1657	7
3213	3
1657	6
3213	2
1657	5
3213	1
1657	4
3213	7
3213	6
3213	5
3213	4
2799	1
2799	5
2799	4
2799	3
2799	2
2799	7
2129	3
2129	2
2129	1
2130	3
2130	4
2130	5
2130	6
2130	1
2130	2
2130	7
1304	5
3211	7
1304	7
3211	6
1304	2
3211	5
1304	1
2801	7
3211	4
1304	4
2801	4
1655	7
1304	3
2801	5
1655	6
3211	2
835	1
835	7
2801	3
1655	4
835	6
2801	2
1655	5
3211	1
2801	1
1655	2
1655	3
835	3
835	2
1655	1
835	5
835	4
3210	2
3210	1
1666	7
3210	5
3210	4
3210	3
1666	2
1666	1
1666	6
1666	5
1666	4
1666	3
257	1
826	2
257	3
826	1
257	2
2132	4
826	3
2132	3
826	6
2132	2
826	5
2132	1
3210	7
1667	3
3209	5
1667	2
3209	4
3209	7
1667	4
3209	6
1667	7
1667	6
2132	5
2132	6
826	7
2132	7
257	6
3209	1
257	7
257	4
1667	1
3209	3
257	5
3209	2
3208	7
3208	6
3208	5
3208	4
3208	3
2791	6
3208	2
2791	7
3208	1
1665	2
1665	3
1665	1
259	4
2134	7
259	5
259	2
259	3
2134	3
2134	4
259	6
2134	5
259	7
2134	6
2134	1
2134	2
1665	5
3207	7
259	1
3207	6
1665	7
1665	6
2791	3
2791	2
2791	5
2791	4
825	7
825	6
825	5
825	4
825	3
825	2
825	1
1294	3
1294	4
1294	5
1294	7
2793	3
2793	2
2793	1
829	1
260	2
2793	7
260	1
2793	6
829	3
2793	5
829	2
260	3
2793	4
829	5
2135	5
2135	4
829	7
2135	3
829	6
2135	2
2135	6
2135	7
260	5
260	6
260	7
3207	5
3207	4
3207	3
3207	2
1295	1
1295	4
1295	5
1295	2
1295	3
1295	6
1295	7
830	2
830	1
830	5
830	6
830	3
830	7
3206	2
3206	1
1664	2
3206	4
1664	1
3206	3
1664	4
3206	6
1664	3
3206	5
1664	6
1664	5
3206	7
1664	7
2795	1
1661	6
1661	7
1661	4
1661	5
1661	2
1661	3
1661	1
3205	7
3205	6
2795	6
3205	5
2795	7
3205	4
2795	4
3205	3
3205	2
2795	2
3205	1
2795	3
828	4
828	3
828	2
828	1
1297	2
1297	3
1297	1
828	7
828	6
828	5
1297	7
1297	6
1297	4
2138	3
263	1
2138	4
2138	5
2138	6
263	4
263	2
2138	1
263	3
2138	2
225	1
2784	4
2784	3
225	3
2784	2
225	2
2784	1
2784	7
1294	1
2784	6
1294	2
2784	5
872	3
872	4
872	1
872	2
872	7
872	5
1699	1
872	6
1699	3
1699	2
1699	5
1699	4
1699	7
2112	7
2112	5
2112	4
2112	3
2112	2
2112	1
1701	4
1701	5
1701	6
1701	7
1701	1
1701	2
874	7
1701	3
3259	1
874	5
874	6
874	3
874	1
874	2
1697	3
1697	2
1697	1
876	7
1696	2
1696	1
876	5
1696	4
876	6
1696	6
1696	5
1696	7
2788	6
2788	7
876	3
876	4
876	2
1289	6
1289	7
1289	4
2788	2
2788	1
2788	4
2788	3
1289	2
1289	3
1289	1
226	7
3254	7
2115	7
2115	6
2115	5
3254	6
2115	4
3254	3
2115	3
3254	4
2115	2
1288	5
3254	1
2115	1
1288	6
3254	2
1288	7
226	2
226	1
226	4
1288	2
226	3
1288	3
226	6
1288	4
226	5
3255	7
3255	6
3255	2
3255	3
3255	4
3255	1
225	7
225	6
225	5
1697	4
1697	5
1287	6
1697	6
1287	7
1697	7
866	2
866	5
866	6
866	3
866	4
866	7
218	6
1287	1
218	5
218	4
218	3
1287	4
218	2
1287	5
218	1
1287	2
1287	3
865	4
865	5
865	6
2119	6
865	7
2119	7
1706	2
1706	1
1706	5
1706	4
1706	3
217	1
217	3
1706	7
217	2
1286	1
1286	2
1286	3
2778	2
1286	4
2778	1
1286	5
1286	7
217	5
2778	6
217	4
217	7
2778	4
217	6
2778	3
868	4
868	1
868	2
868	7
868	6
868	5
2119	3
2119	2
2119	5
2119	1
1284	2
1284	1
1284	4
1284	3
215	2
215	3
215	4
215	5
215	7
2118	2
215	6
1708	4
2118	1
1708	1
1708	2
1284	5
1284	6
1284	7
2118	7
1708	7
2118	6
2118	5
1708	5
2118	4
1708	6
2118	3
221	7
1283	5
221	6
1283	2
221	5
1283	3
221	4
221	3
221	2
1283	6
221	1
1283	7
1283	1
3246	2
3246	1
2781	3
2781	2
2781	1
220	6
2781	7
220	5
2781	6
2781	5
220	7
2781	4
220	2
3246	5
220	1
3246	6
220	4
3246	3
220	3
3246	4
3246	7
869	2
869	3
869	4
869	5
869	6
869	7
2122	4
2122	3
2122	5
1705	4
1705	5
2122	2
1705	7
2122	1
219	5
219	4
1705	1
219	3
1705	2
219	2
1705	3
1281	7
2778	7
1281	4
219	7
1281	5
219	6
2779	1
2122	7
2121	7
2121	6
2121	5
2121	4
2121	3
218	7
2121	2
2779	7
2121	1
2779	6
2779	5
2779	4
2779	3
2779	2
1281	1
1281	3
1281	2
219	1
1279	4
3243	6
1279	5
3243	7
1279	2
2099	1
1279	3
1279	1
3243	3
3243	4
3243	5
2099	7
2099	6
2099	3
2099	2
1279	6
2099	5
1279	7
2099	4
858	7
3243	1
2770	6
2770	5
2770	4
2770	3
2770	2
2770	1
3242	7
1280	5
1280	6
1280	7
1280	1
1280	2
1280	3
1280	4
2770	7
1686	2
1686	1
3242	6
3242	5
3242	4
1686	7
3242	3
1686	6
3242	2
1686	5
3242	1
1686	4
1686	3
2097	5
2097	4
2097	7
2097	6
860	3
860	4
860	1
860	2
860	7
860	5
860	6
2097	1
2097	2
2097	3
1688	3
1688	4
1688	1
1688	2
1688	7
3244	3
3244	4
1688	5
3244	1
1688	6
3244	2
237	5
3244	7
237	7
3244	5
237	6
237	1
237	3
237	2
2768	3
861	1
2768	4
861	2
2768	1
861	3
2768	2
861	4
2768	7
861	5
861	6
2768	5
861	7
2768	6
241	6
241	7
862	7
241	4
241	5
862	5
862	6
862	3
862	4
862	2
2774	7
2102	7
241	3
2774	4
2102	4
241	2
2774	3
2102	3
241	1
2774	6
2102	6
2774	5
2102	5
2774	2
2102	2
2774	1
2102	1
3239	6
3239	7
242	7
3239	5
3239	4
1683	7
3239	3
1683	6
3239	2
1683	5
3239	1
1683	4
1683	2
1683	1
242	1
242	2
242	3
242	4
242	5
242	6
1276	5
1276	6
1276	7
1276	1
2773	7
1276	2
2773	6
1276	3
2773	5
1276	4
2773	4
2773	3
2773	2
2773	1
1684	2
1684	1
1684	4
1684	3
865	1
865	2
865	3
240	6
240	5
240	7
240	2
240	4
240	3
1684	7
3240	3
3240	4
1684	5
3240	1
1684	6
3240	2
3240	7
3240	5
3240	6
1692	4
1692	3
1692	2
1692	1
1692	7
1692	6
852	2
2106	6
852	1
2106	5
852	4
2106	4
852	3
2106	3
2106	2
2106	1
852	7
2106	7
852	5
852	6
1693	5
1693	4
1693	7
1693	6
1693	1
1693	3
1693	2
1273	2
1273	3
1273	1
2107	1
1273	6
1273	7
1273	5
853	1
853	2
853	3
853	4
853	5
853	6
853	7
2762	1
2762	2
2762	5
2762	6
2762	3
2762	4
2762	7
3238	1
3238	2
3238	5
3238	6
3238	3
3238	4
3238	7
854	1
854	2
854	5
1271	1
854	6
854	3
854	4
1271	5
1271	4
854	7
1271	3
1271	2
230	2
230	1
3237	1
1271	6
3237	2
1271	7
3237	3
3237	5
3237	6
3237	7
230	7
230	6
230	5
230	4
230	3
855	3
855	2
855	5
234	2
855	4
234	1
234	3
855	1
234	6
234	5
1689	7
1689	6
1689	5
1689	4
234	7
1689	3
1689	2
1689	1
855	6
855	7
3232	6
3232	5
3232	7
3232	2
3232	1
3232	4
3232	3
3234	7
232	6
2107	5
232	5
3234	2
2107	4
232	7
2107	2
232	2
3234	5
232	1
3234	6
3234	3
2107	7
232	3
3234	4
2107	6
857	4
857	5
857	6
857	7
1691	1
857	1
857	3
2108	6
2108	5
2108	7
1691	2
1691	3
1691	4
1691	5
1691	6
2108	2
1691	7
2108	1
2108	4
858	1
858	2
858	5
858	6
858	3
858	4
309	1
795	7
2198	2
795	6
2198	1
309	2
309	5
795	3
309	4
795	2
2868	7
309	7
795	5
2868	6
309	6
795	4
2868	5
1726	1
1726	2
2198	7
2198	6
2198	5
2198	4
2198	3
3282	6
3282	5
3282	4
1726	7
3282	3
1726	6
3282	2
1726	5
3282	1
1726	4
1726	3
1261	5
1261	4
1261	7
1261	6
1261	1
1261	3
1261	2
3282	7
794	7
795	1
311	3
3280	3
311	2
3280	4
311	5
3280	1
311	4
3280	2
3280	7
311	1
3280	5
3280	6
311	6
311	7
794	1
794	2
794	3
794	4
794	6
310	2
1723	2
310	1
1723	3
1723	4
1723	5
1723	6
1723	7
2871	1
2199	1
310	7
2871	3
2199	3
310	5
2871	2
3281	1
2199	2
310	4
2871	5
3281	2
2199	5
310	3
2871	4
3281	3
2199	4
3281	5
2199	6
2871	7
3281	4
2199	7
3281	7
3281	6
2865	2
2865	3
2865	1
3285	7
3285	6
3285	5
3285	4
1729	7
3285	3
1729	6
3285	2
1729	5
3285	1
1729	4
2865	7
2865	5
2865	4
305	2
305	3
1263	7
305	1
1263	6
1263	5
1263	4
1263	2
1263	1
1729	1
1729	2
1729	3
305	7
305	6
305	5
1266	7
1728	3
2867	4
1728	4
2867	3
1728	1
2867	2
1728	2
1728	7
2867	7
1728	5
2867	6
1728	6
1266	1
1266	2
2867	1
1266	3
1266	4
1266	5
1266	6
1265	3
1265	2
1265	1
1727	6
1727	7
2868	2
2868	1
2868	4
2868	3
1265	6
1265	7
1265	5
1727	1
1727	2
1727	3
1727	4
3275	7
3275	6
3275	3
3275	2
3275	5
3275	4
2862	1
2862	2
302	6
302	5
302	4
302	7
3275	1
1253	5
1253	4
1253	7
1253	6
1253	1
1253	3
1253	2
302	1
302	2
2204	4
2204	3
2204	2
2862	7
2204	1
2862	6
2862	5
2862	4
2862	3
2204	7
2204	6
2204	5
2863	1
1255	6
1255	7
2863	3
2863	2
3273	1
2863	5
3273	2
2863	4
2863	7
3273	4
2863	6
3273	5
3273	6
3273	7
2206	5
2206	6
2206	3
2206	4
2206	7
1255	1
1255	3
1255	2
1255	5
1255	4
303	3
303	2
303	5
303	4
303	1
2864	4
2864	3
2864	2
2864	1
303	7
2206	2
303	6
2864	7
2206	1
2864	5
299	5
299	4
299	3
785	7
785	6
2858	7
299	7
785	5
299	6
785	4
785	2
2858	3
2858	4
2858	5
785	1
2858	6
1257	7
299	1
1257	6
2858	1
1257	5
2858	2
1257	4
1257	3
1736	6
1257	2
1736	5
3278	7
1257	1
1736	7
1736	2
3278	4
1736	1
3278	3
1736	4
3278	6
1736	3
3278	5
2859	7
2859	6
2859	5
2859	3
2859	2
784	5
784	6
2859	1
784	7
784	1
784	2
784	3
3279	7
784	4
3279	6
1256	6
3279	5
1256	5
3279	4
3279	3
1256	7
3279	2
1256	2
3279	1
1256	1
1256	4
1256	3
3277	1
3277	2
3277	3
3277	5
3277	6
3277	7
1259	4
1259	5
1259	2
1259	3
1259	7
783	6
783	7
1259	1
2203	2
783	1
2203	3
2203	4
783	4
2203	6
783	5
2203	7
783	2
783	3
2861	3
2861	2
1734	6
2861	1
1734	3
1734	4
300	6
2861	7
3278	1
2203	1
300	5
3278	2
2861	5
1734	7
300	7
2861	4
300	2
300	1
300	3
1734	1
1734	2
322	6
2855	7
2183	7
322	5
2855	6
2183	6
322	4
322	3
322	2
322	1
322	7
3269	1
3269	3
3269	2
3269	5
3269	4
3269	7
3269	6
2184	4
2184	3
323	1
2184	2
2184	1
2184	7
2184	6
323	7
323	6
323	3
323	2
323	5
323	4
1247	1
1247	3
1247	2
1247	5
1247	4
1247	7
2855	1
1247	6
2855	5
2855	2
2855	3
2185	1
3267	1
2185	2
3267	6
3267	7
324	4
3267	2
2185	5
324	3
3267	3
2185	4
324	2
3267	4
2185	7
324	1
3267	5
2185	6
324	7
324	5
779	6
324	6
779	7
779	4
779	5
779	2
779	3
1710	2
1710	1
3266	5
2856	7
2856	6
1710	7
3266	3
2856	5
3266	4
2856	4
1710	5
3266	1
2856	3
1710	6
3266	2
1710	3
2856	1
1710	4
2186	6
2186	5
2186	4
2186	3
2186	2
3266	7
780	1
780	2
780	3
2186	7
1249	1
1249	2
780	5
780	6
780	7
777	6
777	7
777	4
777	5
2852	2
2852	3
2852	4
1249	7
3272	2
1249	6
3272	1
1249	5
3272	4
1249	4
3272	3
777	2
3272	6
777	3
3272	5
777	1
3272	7
1715	2
1715	3
1715	4
1715	5
1715	6
1715	7
2852	6
2852	5
2852	7
1715	1
1250	7
1250	2
1250	1
1250	3
1250	6
1250	5
320	6
320	5
320	7
320	2
1716	3
1716	4
320	4
1716	1
320	3
1716	2
1251	7
1251	6
1251	5
1251	4
1251	2
1251	1
775	6
775	7
2182	7
321	3
321	2
2182	3
2182	6
2182	5
2182	2
2182	1
1252	2
1252	1
1252	4
321	4
321	5
321	6
321	7
2183	5
2183	4
3270	7
2183	3
2183	2
3270	5
2183	1
3270	6
3270	3
3270	4
2853	7
2853	6
3270	2
2853	5
2853	4
2853	3
1252	5
2853	2
1252	6
2853	1
1252	7
3262	6
3262	5
3262	4
3262	7
1718	1
1718	2
1718	5
1718	6
1718	3
1718	4
3262	1
3262	2
1718	7
1240	4
1240	3
1240	2
1240	1
1240	7
1240	6
1240	5
2848	1
775	1
2848	2
2848	3
2848	4
775	4
2848	5
775	5
2848	6
775	2
2848	7
775	3
316	4
316	3
316	2
316	1
3261	1
3261	2
3261	3
3261	4
316	7
3261	5
316	6
3261	6
316	5
3261	7
772	5
772	6
772	7
1716	7
1716	6
772	2
772	1
2192	7
317	3
2192	6
317	2
772	3
2192	5
317	5
2192	4
317	4
2192	3
317	7
317	6
2192	1
318	5
773	6
318	6
773	7
318	3
773	5
773	2
773	3
318	7
773	1
1242	6
1242	5
1242	3
1242	2
1242	1
3259	6
3259	7
3259	2
3259	3
3259	4
3259	5
318	2
318	1
1722	1
1722	2
1722	6
1722	3
1722	4
312	6
2187	5
312	5
2187	4
2187	3
312	7
2187	2
312	2
312	1
312	4
2187	7
2187	6
2187	1
3265	7
1242	7
3265	6
3265	5
3265	4
2188	6
2188	5
2188	7
313	7
313	6
3265	1
313	5
3265	2
313	4
313	3
313	2
313	1
2188	2
2188	4
2188	3
771	4
771	5
771	2
771	3
771	6
771	7
1722	7
771	1
3264	7
314	2
3264	5
3264	6
314	4
314	3
3264	4
314	6
3264	1
314	5
3264	2
1720	7
1720	5
1720	3
1720	4
1720	1
1720	2
1244	5
1244	7
1244	2
1244	1
1244	4
1244	3
1721	4
3263	6
1721	5
3263	7
1721	6
1721	7
3263	2
2846	7
1721	1
3263	3
1721	2
3263	4
1721	3
3263	5
2846	4
2846	3
2846	6
2846	5
1245	7
1245	6
2846	1
1245	5
2846	2
1245	4
1245	3
1245	2
1245	1
314	7
2172	7
2172	6
2842	7
2172	4
2172	3
2172	2
2172	1
1752	4
1752	2
1752	1
1752	7
1752	6
1752	5
820	7
820	6
820	5
1233	1
1233	2
1233	3
1754	6
3310	2
1754	5
3310	1
1754	3
2841	6
1754	2
2841	7
1754	1
2841	4
2841	5
2841	2
2841	3
2841	1
1233	5
1233	4
1233	7
1233	6
3310	7
3310	3
3310	5
3310	6
2842	3
2842	4
2842	5
2842	6
2842	1
2842	2
1238	2
1238	1
1238	4
1238	3
1238	6
1238	5
1238	7
818	2
818	1
818	4
818	3
2169	2
818	6
2169	1
818	5
2169	7
818	7
2169	6
2169	5
2169	4
1754	7
3312	2
3312	1
3312	4
3312	3
3312	6
3312	5
3312	7
2840	2
2168	2
2168	1
2840	4
2168	4
2840	3
2840	6
2168	6
2840	5
2168	5
2840	7
2168	7
2837	7
2837	4
2837	5
2837	2
2837	3
1236	5
2837	1
1236	7
1757	7
2167	4
1757	6
2167	5
1757	5
2167	2
1757	4
1757	2
2167	1
1757	1
2167	7
2167	6
820	2
820	1
820	4
820	3
2838	1
2166	1
2838	2
2166	2
2838	7
2166	7
2838	3
2166	3
2838	4
2166	4
2838	5
2166	5
2166	6
819	1
1236	3
1236	4
819	7
1236	1
1236	2
819	5
819	4
819	3
819	2
1759	7
1759	6
2836	1
2836	2
2836	3
2836	4
1759	3
1759	2
1759	5
1759	4
814	6
814	4
814	3
814	7
814	1
814	2
1758	6
1758	5
1758	4
1758	3
1758	7
2178	7
1758	1
2178	2
2836	7
2178	1
2836	6
2836	5
2178	6
2178	4
2178	3
2834	7
2834	3
2834	5
2834	6
2834	1
2834	2
1760	7
1760	6
1760	5
1760	4
1760	3
1760	2
1760	1
273	7
273	6
273	5
273	4
2176	2
2176	1
2176	4
2176	3
2176	6
2176	5
2176	7
3304	2
3304	1
3304	3
3304	6
3304	5
3304	7
273	2
273	3
273	1
2175	1
810	7
2175	4
2175	3
2175	2
2175	7
2175	6
810	1
810	2
810	3
810	4
810	5
810	6
813	7
813	6
813	5
813	4
813	3
813	2
813	1
2830	7
2830	3
2830	4
2830	5
812	2
812	1
812	4
812	3
1229	4
1229	5
1229	6
1229	7
812	6
812	5
1229	1
1229	2
812	7
2831	4
2831	5
2831	2
2831	3
2831	1
2831	6
2831	7
296	4
296	3
296	2
296	1
296	7
296	6
296	5
2830	1
2158	1
2830	2
2158	2
297	5
1738	5
1738	6
297	7
1738	3
297	6
1738	4
1738	1
1738	2
2158	7
297	1
2158	6
2158	5
297	3
297	2
2158	3
2829	7
2829	4
2829	5
2829	2
2829	3
2829	1
1221	5
1221	4
1221	7
1221	6
1221	1
1221	3
1221	2
1738	7
1739	1
808	4
808	3
808	2
808	7
808	6
808	5
295	4
2156	5
295	5
2156	6
295	2
2156	7
295	3
295	1
3297	3
3297	2
1739	3
1739	2
1739	5
1739	4
1739	7
2156	1
1739	6
2156	2
2156	4
1219	2
1219	3
1219	4
1219	5
2827	1
1219	6
1219	7
295	7
295	6
1219	1
2827	4
2827	5
2827	2
2827	3
2827	6
2827	7
3298	4
3298	3
3298	6
1223	7
3298	2
1223	6
3298	1
3298	7
2825	2
1224	6
2825	3
1224	5
2825	1
1224	7
1224	2
3297	7
1224	1
3297	6
1224	4
3297	5
1224	3
3297	4
2825	7
2825	4
2825	5
2824	1
2152	1
291	1
2824	2
2152	2
2824	3
2152	3
2824	4
2152	4
2824	5
2152	5
2824	7
2152	7
291	6
291	7
291	4
291	5
291	3
1743	1
2823	6
2823	7
1743	5
1743	4
1743	3
1743	2
292	1
292	2
292	3
1743	7
1743	6
292	6
292	5
806	2
292	7
806	1
806	4
806	3
806	6
806	5
1223	1
1223	2
806	7
1223	3
1223	4
1223	5
800	5
2823	4
800	6
2823	5
800	7
2823	2
2823	3
800	1
800	2
800	3
289	5
289	4
289	7
289	6
2164	7
2164	6
2164	5
3287	7
3287	6
3287	2
3287	3
3287	4
3287	5
3287	1
2165	5
2165	4
2165	7
2165	6
2165	1
2165	3
2165	2
2163	4
2163	5
2163	2
2163	3
2163	6
2163	7
2821	2
2821	3
2821	1
2821	7
2163	1
2821	4
2821	5
1211	2
1211	4
1211	5
1211	6
1211	7
1747	3
289	3
1747	5
289	1
1747	4
1747	7
2164	1
1747	6
2164	2
2164	3
2164	4
2820	5
2820	6
2820	7
1747	1
2820	2
2820	1
2820	4
2820	3
1748	3
1748	4
1217	1
1748	1
1217	2
1748	2
1217	3
3291	7
3291	6
3291	5
3291	4
3291	3
3291	2
2162	3
2162	6
2162	5
2162	2
2162	1
2162	7
2818	3
2818	4
2818	5
2818	6
1748	6
1217	7
1748	5
1217	6
2818	1
1217	5
2818	2
1748	7
1217	4
2818	7
284	1
284	3
284	4
3293	2
3293	1
284	5
3293	7
284	6
3293	6
284	7
3293	5
3293	4
799	1
799	4
799	3
799	2
799	7
799	6
3292	2
3292	1
3292	4
3292	3
285	6
3292	6
2160	1
285	7
2160	2
285	4
2160	3
285	5
3292	7
2160	4
285	2
285	3
2160	6
2160	7
285	1
1201	1
1201	2
353	5
353	4
353	7
353	6
2035	6
2035	7
2035	4
729	4
2035	5
729	5
2035	2
729	6
2035	3
729	7
2693	6
2035	1
729	1
2693	7
729	2
2693	4
729	3
2693	5
1201	5
2693	2
1201	4
2693	3
1201	7
1201	6
2693	1
2692	2
2692	1
2692	4
2692	3
1570	7
1570	3
1570	4
1570	6
1570	1
1570	2
2036	1
730	5
2036	2
730	6
2036	3
730	3
730	4
730	2
1202	7
1202	5
1202	4
1202	3
1202	2
2692	5
1202	1
2692	6
2692	7
2036	7
2036	6
2036	5
1568	4
1568	3
1568	2
1568	1
1568	7
1568	6
1568	5
2694	3
2694	5
2694	6
2694	7
728	3
728	1
728	2
728	7
728	5
2694	1
728	6
2694	2
2038	1
2696	7
2038	2
2696	5
2696	6
2696	3
2696	4
2696	1
2696	2
1566	2
1566	1
2038	7
2038	5
2038	6
2038	4
357	1
357	3
1566	7
357	2
357	5
1566	5
1566	6
357	7
1566	3
357	6
1566	4
2039	2
2039	3
2039	4
2039	5
3109	4
3109	6
3109	7
2039	7
3109	1
2039	6
3109	2
3109	3
730	7
1199	1
1199	3
1199	2
1199	5
1199	4
1199	7
1199	6
2040	4
2040	3
2040	2
2040	1
2040	7
2040	6
2040	5
359	3
359	2
359	5
359	4
359	1
731	4
731	5
731	2
731	3
2697	1
3107	1
359	6
731	6
2697	2
359	7
731	7
3107	3
1200	4
2697	4
3107	2
1200	3
2697	5
3107	5
1200	2
2697	6
3107	4
1200	1
2697	7
3107	7
3107	6
1200	7
1200	6
1200	5
2041	1
2041	3
2041	2
2041	5
2041	4
2041	7
2041	6
736	7
736	5
736	6
736	3
2028	6
736	4
2028	7
736	2
2028	1
2028	2
1208	7
2028	3
1208	6
2028	4
1208	5
1208	4
1208	3
1208	2
1208	1
3120	5
3120	6
3120	7
3120	1
3120	2
3120	3
3120	4
1562	7
2029	6
2029	7
737	1
2029	4
737	2
2029	5
737	3
2029	2
2029	3
1209	4
1209	7
2029	1
1209	6
1209	1
1209	3
1209	2
361	5
361	4
361	7
361	6
361	3
361	2
2702	1
2702	2
3118	3
3118	4
3118	5
3118	6
3118	7
735	6
2701	2
1562	2
735	7
1562	1
2701	1
2701	6
1562	6
3118	1
2701	7
1562	5
1211	1
2701	4
1562	4
2701	5
1562	3
735	1
735	2
735	3
735	4
735	5
1559	6
364	3
1559	7
364	2
364	1
3117	5
364	7
3117	6
364	6
3117	7
364	5
3117	1
3117	2
3117	3
2031	2
2031	3
739	1
2031	4
2031	5
2031	1
1559	3
1559	2
739	6
1559	5
739	7
1559	4
2031	6
739	4
2031	7
739	5
739	2
1559	1
739	3
2702	7
2702	5
2702	6
2702	3
2702	4
2705	5
2705	4
2705	7
2705	6
366	2
366	1
737	6
737	7
737	4
737	5
1206	2
1206	6
1206	5
1206	4
1206	3
2705	1
2705	2
1206	7
2705	3
2034	2
2034	1
2034	5
2034	4
2034	3
2034	7
366	7
738	1
738	2
366	3
738	3
738	4
366	5
738	5
366	6
738	6
738	7
368	7
2678	3
368	6
2678	6
368	5
2678	5
368	4
1188	3
368	3
1188	4
2678	7
368	2
1188	1
368	1
1188	2
3098	7
1556	5
1556	6
1556	7
2678	2
2678	1
2022	3
716	7
2022	4
2022	5
716	5
2022	6
716	6
2022	7
1188	7
1188	6
1188	5
716	3
716	4
2022	1
716	1
2022	2
716	2
2679	1
367	7
2679	5
367	6
2679	4
2679	3
2679	2
367	3
367	2
367	5
367	1
1556	4
1556	2
1556	1
2021	2
2021	3
2679	6
2021	1
2679	7
2021	6
2021	7
2021	4
2021	5
714	6
714	5
714	4
714	3
714	2
714	1
1555	7
370	7
1190	7
3097	5
1190	6
1555	3
3097	4
1555	2
3097	7
1190	4
1555	5
3097	6
1190	3
1555	4
1190	2
370	2
1190	1
3097	3
1555	1
3097	2
370	5
370	6
370	3
714	7
370	4
713	5
713	4
713	7
713	6
713	1
713	2
3098	5
3098	4
3098	3
3098	2
2681	6
3098	1
2681	7
2681	4
1554	7
2681	5
1554	6
2681	2
1554	5
2681	3
1554	4
1554	3
2681	1
1554	2
1554	1
2025	1
2025	2
2025	3
2025	5
2025	6
2025	7
372	4
372	2
372	1
718	3
718	5
718	6
718	7
3096	3
3096	4
3096	1
371	1
3096	2
3096	7
3096	5
371	7
371	3
371	2
371	5
371	4
3093	5
3093	4
1186	5
3093	7
1186	4
3093	6
1186	3
3093	1
1186	2
1186	1
3093	3
3093	2
2027	1
1186	7
2027	7
2027	6
2027	3
2027	2
2027	5
2027	4
718	2
718	1
372	5
372	6
372	7
2026	5
2026	3
2026	4
2026	1
2026	2
2026	7
717	5
717	4
717	7
717	1
717	3
717	2
375	6
375	7
375	3
2685	3
375	2
2685	2
375	5
375	4
2685	7
2685	6
375	1
2685	5
2685	4
3105	6
3105	7
3105	4
3105	5
1549	1
1549	3
1549	2
1549	5
1549	4
1549	7
1549	6
2014	3
2014	4
2014	5
2014	6
2014	7
3106	7
2014	1
3106	1
3106	2
3106	3
3106	4
3106	5
3106	6
377	4
1197	5
3104	7
377	5
1197	4
3104	6
377	6
1197	7
3104	5
377	7
1197	6
3104	4
1197	1
3104	3
3104	2
2687	6
3104	1
1197	2
2687	7
2687	5
2687	2
2687	3
721	4
377	1
721	5
2687	1
377	2
721	6
721	7
721	1
721	3
721	2
2688	5
2688	6
3105	3
2688	7
3105	2
2688	1
1196	7
2688	2
1196	6
2688	3
1196	5
2688	4
1547	7
376	3
1196	4
1547	6
376	4
1196	3
376	1
1196	2
376	2
1196	1
376	7
1547	2
1547	5
376	5
1547	4
376	6
1547	1
379	1
2689	2
2689	1
1191	7
1191	6
1191	1
1191	4
1191	5
1191	2
1191	3
2689	4
2689	5
2689	6
2689	7
2020	7
2020	6
1193	1
1544	7
1544	6
1544	5
1193	2
1544	4
724	5
1544	3
380	2
724	6
1544	2
380	3
724	7
1544	1
380	4
2020	3
380	5
2020	4
380	6
2020	1
380	7
2020	2
1193	5
1193	4
1193	7
1193	6
724	4
724	3
724	1
379	4
379	5
379	2
2019	1
379	3
2691	1
379	6
379	7
3101	5
2019	6
2691	6
3101	4
2019	7
2691	7
3101	7
3101	6
3101	1
2019	2
2691	2
2019	3
2691	3
3101	3
2691	4
3101	2
2019	5
1595	4
1595	2
1595	3
327	7
327	6
1595	6
1595	7
2009	2
2009	3
2009	1
755	1
755	2
2009	7
755	3
2009	4
755	4
2009	5
755	6
755	7
3138	1
3138	2
3138	3
3138	4
3138	5
3138	6
3138	7
2666	2
2666	1
2666	4
2666	6
2666	5
2666	7
1173	4
1173	6
1173	7
1173	1
1173	2
1173	3
326	1
326	2
326	4
326	5
326	6
326	7
1174	1
1174	2
3140	1
1174	7
1598	1
3140	3
1598	2
3140	4
1174	5
1174	6
1174	3
1174	4
1598	7
1598	4
3140	6
1598	3
3140	5
1598	6
1598	5
3140	7
327	1
327	4
327	5
327	2
327	3
2012	7
2012	5
2012	6
331	1
2670	6
2670	3
2670	4
2012	3
2012	4
2012	1
2670	7
2012	2
3136	3
3136	4
3136	1
3136	2
3136	7
3136	5
3136	6
331	7
1592	3
331	6
1592	4
1592	1
1592	2
331	3
1592	7
331	5
1592	5
331	4
1592	6
1593	4
3135	7
1593	5
1593	6
1593	7
2670	2
2670	1
3135	1
3135	2
3135	3
1593	1
3135	4
1593	2
3135	5
1593	3
2011	1
2669	7
2669	6
2669	5
2669	4
1170	7
2669	3
2669	2
2669	1
1170	3
1170	4
1170	5
1170	6
1170	1
1170	2
2011	6
2011	7
2011	2
2011	4
2011	5
1595	1
3146	7
1588	5
1588	6
1588	7
3146	1
3146	2
3146	3
3146	4
3146	5
3146	6
1183	1
1183	3
1183	2
1183	5
1183	4
1183	7
335	3
335	2
335	5
335	4
335	7
335	6
3148	2
3148	1
3148	4
3148	3
3148	6
3148	5
3148	7
1590	1
1590	2
1590	7
1590	3
1590	4
1590	5
1590	6
2001	7
2001	4
2001	5
764	2
2671	5
764	1
2671	4
764	4
2671	3
764	3
2671	2
2671	1
2001	3
1181	4
2001	2
1181	5
2001	1
1181	6
1181	7
764	6
764	5
1181	1
1181	2
2671	7
764	7
1181	3
2671	6
1179	1
338	7
338	6
1585	4
338	5
1585	5
338	4
1585	6
338	3
1585	7
338	2
765	2
765	3
765	6
1585	1
765	7
765	4
1585	3
765	5
1585	2
2677	1
2677	2
2677	3
2677	5
2677	6
2677	7
2006	5
2006	3
2006	4
2006	7
1179	3
1179	2
1179	5
1179	4
2006	1
1179	7
2006	2
2004	2
1587	6
2004	1
1587	7
2004	4
2004	3
1587	2
1587	3
767	7
1587	5
767	5
767	4
767	3
767	2
1587	1
767	1
3144	6
3144	5
3144	7
3144	2
3144	1
3144	4
3144	3
1588	3
1588	4
2675	7
1588	1
2675	6
1588	2
2675	5
2675	4
2675	2
337	5
2675	1
337	7
337	6
337	1
337	2
337	3
2004	7
2004	5
2004	6
1161	1
1161	3
1161	4
1161	5
1161	6
1161	7
741	4
741	5
741	6
741	7
741	1
741	2
741	3
1160	3
1160	4
2650	7
743	7
1160	1
743	6
1160	2
1160	7
3126	1
1160	5
3126	2
1160	6
3126	3
1584	1
3126	4
1584	2
3126	5
1584	3
3126	6
1994	1
1584	4
3126	7
1994	4
1584	5
1994	3
1584	6
1994	6
1584	7
1994	5
1994	7
1993	3
1993	2
1993	1
1993	7
1993	6
1993	5
1993	4
3127	4
3127	5
3127	2
3127	3
3127	7
3127	6
743	1
743	2
743	3
743	5
1579	1
745	6
745	7
745	4
745	5
745	2
745	3
745	1
2656	6
2656	5
2656	7
2656	2
2656	1
2656	4
2656	3
1579	7
1579	2
1579	3
1579	4
1579	5
1998	7
1998	5
1998	6
1998	3
1998	4
2657	3
2657	2
2657	1
3123	2
3123	3
1581	1
3123	4
1581	2
3123	5
1581	3
3123	6
1581	4
3123	7
1581	5
1998	2
1998	1
1581	7
1157	2
344	7
1157	3
344	6
344	5
1157	1
344	4
1157	6
344	3
1157	7
344	2
1157	4
3123	1
344	1
1157	5
1169	5
1169	4
1169	7
1169	6
2659	1
1575	6
1575	7
1169	1
1169	2
2659	7
1169	3
2659	6
2659	5
2659	4
2659	2
748	3
748	1
748	2
1988	5
1988	6
1988	7
1575	3
1575	2
1575	4
748	7
748	5
1575	1
748	6
3132	1
3132	2
3132	3
3132	4
1988	2
1988	1
1988	4
1988	3
3132	5
3132	7
2657	7
2657	6
2657	5
1167	1
2657	4
1167	2
1577	2
1167	3
1577	3
1167	4
1577	1
3133	2
1167	6
1577	6
3133	3
1167	7
1577	7
1577	4
3133	1
1577	5
3133	6
3133	7
3133	4
3133	5
1986	2
1986	1
1986	4
1986	3
1986	6
1986	5
1986	7
353	1
353	3
353	2
3128	7
3128	5
3128	3
1572	7
3128	4
3128	1
1572	5
3128	2
1572	4
1572	3
1572	2
1572	1
1992	7
1992	5
1992	6
1992	3
1992	1
1992	2
352	4
352	3
352	2
352	1
3129	4
3129	5
352	7
3129	6
352	6
3129	7
352	5
3129	1
3129	2
3129	3
1571	7
1571	6
1571	2
751	6
1571	5
751	7
1571	4
751	4
751	5
751	2
1571	1
751	3
1991	6
1991	7
751	1
3130	1
1991	1
1574	5
3130	2
754	7
1574	6
1574	3
1574	4
3130	5
1991	5
3130	6
1991	4
3130	3
1574	7
1991	2
2661	3
2661	2
754	2
2661	1
754	1
754	4
2661	7
1574	1
754	3
2661	6
1574	2
754	6
2661	5
754	5
2661	4
2662	4
2662	3
2662	6
2662	5
2662	7
753	7
1163	4
753	6
753	5
1163	2
753	4
1163	3
1163	6
2662	2
1163	7
2662	1
753	2
1163	1
753	3
753	1
3130	7
677	5
677	4
677	7
677	6
677	1
677	3
677	2
1621	7
1621	6
1142	2
1621	5
1142	1
1621	4
1621	3
1621	2
1621	1
3165	7
1142	7
3165	6
3165	5
3165	4
1142	4
3165	3
3165	2
1142	6
3165	1
1142	5
678	2
678	1
678	7
678	6
678	5
678	4
678	3
3164	2
3164	1
3164	4
3164	3
3164	6
3164	5
3164	7
1620	3
1620	4
1620	1
1620	2
2753	7
2095	1
2753	4
2753	5
2095	4
2095	5
2095	3
2095	6
2095	7
2753	1
2753	3
2753	2
1620	6
3162	7
1620	7
409	4
3169	3
409	5
3169	2
409	6
3169	1
409	7
409	1
409	2
409	3
3168	6
3168	5
3168	7
3168	2
3168	4
3168	3
2091	6
2091	7
2091	2
2091	3
2091	4
2091	5
2091	1
674	7
674	6
2747	7
674	5
2747	6
674	3
674	2
2747	3
674	1
2747	2
2747	5
2747	4
672	2
672	3
3167	7
672	4
3167	6
672	5
672	6
672	7
2750	5
3167	1
2750	6
1623	7
2750	4
1623	6
3167	4
2750	7
3167	3
3167	2
1623	1
2750	2
1623	4
2750	1
1623	5
1623	2
1623	3
1624	2
3166	4
1624	1
3166	3
1624	4
3166	6
3166	5
1624	6
1624	5
3166	7
1624	7
2749	1
1148	7
2749	3
2749	2
1148	6
2749	5
2749	4
2749	7
3166	1
3166	2
1148	3
1148	4
1148	1
1148	2
1149	7
3172	2
1149	6
3172	1
1149	5
3172	4
1149	4
3172	3
1149	2
1149	1
3172	5
3172	6
3172	7
2759	2
2759	5
2759	4
2759	1
1615	5
1615	4
1615	2
1615	1
3171	7
3171	6
3171	5
3171	4
1615	7
3171	3
1615	6
3171	2
685	5
685	4
685	7
685	6
685	1
685	3
685	2
3170	2
3170	1
3170	4
3170	3
3170	6
3170	5
682	1
682	2
3170	7
682	5
682	3
682	4
421	7
421	6
421	5
682	7
421	3
421	2
421	1
3169	7
3169	6
2759	6
3169	5
2759	7
3169	4
2755	7
2755	3
2755	2
2755	5
2755	4
2755	1
416	3
416	4
1153	2
416	1
1153	1
416	2
416	7
416	5
416	6
2084	4
2084	3
2084	1
1153	4
1153	5
1153	6
1153	7
1619	7
1619	5
1619	4
417	2
1619	3
417	3
1619	2
1619	1
2084	7
2084	5
2084	6
1616	1
1616	2
1154	7
1616	4
1616	5
1616	6
1616	7
1154	1
1154	2
417	7
417	6
1154	6
417	5
1154	3
417	4
1154	4
2757	1
2085	1
2757	2
2085	2
2757	3
2085	3
2757	4
2085	4
2757	5
2085	5
2757	6
2085	6
2757	7
2085	7
1155	2
1155	3
1155	4
1155	5
2756	4
1155	6
418	7
2756	3
1155	7
2756	2
2756	1
418	4
418	3
418	6
418	5
418	2
418	1
1155	1
2086	5
2086	6
2086	3
2086	7
2756	7
3173	3
3173	2
2756	5
3173	1
3173	7
2086	1
3173	6
2086	2
3173	5
2737	5
2737	4
2737	7
2737	6
2081	1
2081	3
2081	2
1608	2
3150	4
1608	1
3150	3
1608	4
3150	6
1608	3
3150	5
1129	3
1608	6
1129	2
1608	5
3150	7
1129	1
1608	7
1129	7
1129	5
1129	4
2737	1
2737	2
2737	3
426	7
2080	4
2080	3
2080	2
2080	1
2080	7
2080	6
2080	5
426	3
426	4
426	5
426	6
426	2
3149	4
3149	5
3149	6
3149	7
3149	1
3149	2
3149	3
662	2
662	7
662	5
662	6
662	3
662	4
1606	1
1606	2
428	2
428	1
428	4
428	3
428	6
2740	4
3150	1
428	5
2740	3
3150	2
2740	2
1606	7
428	7
2740	1
1606	5
1606	6
1606	4
661	4
661	5
661	6
661	7
2081	7
2081	4
661	2
2081	5
661	3
1612	6
1133	2
1612	5
3154	7
1133	1
1612	7
1133	7
1133	6
1133	5
1133	4
3154	2
3154	1
1612	2
3154	4
1612	1
3154	3
1612	4
3154	6
3154	5
2077	1
2077	3
2077	2
2077	4
2077	7
2077	6
660	7
660	6
660	5
3155	5
3155	4
3155	3
3155	2
660	1
660	2
660	3
3155	7
660	4
3155	6
1611	4
1611	3
1611	2
3155	1
1611	7
1611	6
1611	1
425	7
3152	5
425	6
3152	6
425	5
3152	7
425	4
3152	2
3152	3
3152	4
1134	7
425	3
1134	5
425	2
1134	6
425	1
1134	4
1134	2
1134	1
3153	7
3153	5
3153	4
3153	2
2736	7
3153	3
2736	5
3153	1
2736	4
1609	6
2736	3
1609	7
2736	2
1609	4
2736	1
1609	5
424	2
1609	2
424	1
1609	3
424	4
1609	1
424	6
424	5
424	7
1601	7
1601	6
1601	5
1601	4
3158	2
3158	1
433	2
3158	4
433	3
3158	3
3158	6
433	1
3158	5
670	1
670	2
3158	7
670	6
670	5
670	3
433	7
2745	1
433	6
433	5
2745	3
433	4
670	7
2745	2
2745	5
2745	4
2745	7
2745	6
1601	1
1601	2
1601	3
2075	6
2075	7
2075	4
2075	5
2075	2
669	4
669	5
669	6
669	7
669	1
669	2
669	3
1138	3
1138	4
1138	5
1138	6
1138	1
1138	2
2746	6
2746	5
2746	4
2746	3
436	2
2746	2
1138	7
436	1
2746	1
436	4
436	3
2746	7
1137	2
1137	1
1137	6
1137	7
1137	4
1137	5
435	5
435	4
2075	1
435	3
2747	1
435	2
435	7
435	6
2740	7
2740	6
2740	5
1140	2
1140	1
1140	4
1140	3
1605	3
1605	2
1605	1
1605	7
1605	6
1605	5
1605	4
1604	1
1604	2
1604	3
1604	4
666	7
1139	5
1139	4
3162	2
1139	2
3162	1
3162	4
3162	3
1139	7
3162	6
1139	6
3162	5
1604	5
1604	7
1139	1
1603	6
1603	7
1603	4
1603	5
1603	2
1141	4
1603	1
1141	6
1141	7
1141	1
1141	2
1141	3
666	3
666	4
666	5
666	6
666	1
666	2
2071	3
2071	2
2071	5
2071	4
2071	1
1140	7
1140	5
1140	6
2071	6
2071	7
2068	4
2068	3
2068	2
2068	1
3191	6
3191	7
3191	1
1647	7
1647	6
3191	5
3191	4
3191	3
3191	2
1647	1
1647	5
1647	4
1647	3
1647	2
2725	1
2725	2
2725	5
2725	4
2725	7
2725	6
1117	2
387	6
1117	1
387	7
387	4
1117	7
387	5
1117	6
387	2
1117	5
387	3
1117	4
2068	5
2068	6
387	1
2068	7
385	1
385	2
3192	5
3192	6
3192	7
3192	1
3192	2
3192	3
385	6
385	7
385	4
385	5
1651	1
1651	5
1651	4
1651	3
1651	2
1651	7
1651	6
2065	4
2065	5
2065	6
2065	7
384	7
384	5
384	6
1121	3
384	4
384	1
1121	1
384	2
700	4
700	3
700	2
700	1
700	7
700	6
700	5
2065	1
2065	3
2065	2
1118	7
1118	4
1118	6
1118	5
2062	7
2062	6
2062	5
2062	4
2062	3
381	1
381	3
1118	1
381	2
1118	2
381	5
381	4
381	7
381	6
1119	5
1119	4
1119	3
1119	2
1119	1
1119	7
1119	6
1653	4
1653	5
1653	6
1653	7
1653	1
1653	2
1653	3
1123	5
1123	4
1123	2
1123	7
1123	6
1123	1
1641	7
1641	6
1641	5
1641	4
1124	2
1124	1
1124	4
1124	3
1641	3
1641	2
1641	1
2062	2
2062	1
1124	5
1124	6
1124	7
2731	1
391	6
391	7
1121	7
1121	6
1121	5
1121	4
3200	5
3200	6
3200	7
3200	1
3200	2
3200	3
3200	4
2731	7
2731	3
2731	2
2731	5
2731	4
2730	5
1643	1
2730	6
2730	3
2730	4
2730	1
2730	2
1122	7
712	5
1122	4
712	6
1122	3
712	7
1122	6
1122	5
712	1
712	2
712	3
1122	2
712	4
1122	1
2060	7
2060	6
2060	5
2060	4
2060	2
1643	6
2060	1
1643	7
1643	5
1643	2
2730	7
1643	3
3201	4
3201	5
3201	6
3201	7
2729	1
2729	3
2729	2
2729	4
2729	7
2729	6
1644	2
1644	1
1644	4
1644	3
1644	6
1644	5
1644	7
1127	5
1127	4
1127	3
1127	2
1127	6
1127	7
707	1
707	3
707	2
707	5
707	7
707	6
391	2
391	3
391	4
391	5
3201	2
3201	1
391	1
3203	1
2055	7
2727	7
2727	6
3203	6
3203	7
388	4
3203	2
388	3
3203	3
388	2
3203	4
3203	5
388	7
388	5
388	6
1646	2
1646	1
2056	7
1646	7
2056	5
2056	4
1646	5
2056	3
1646	6
2056	2
1646	3
2056	1
1646	4
389	1
709	5
389	2
709	6
389	3
709	7
389	4
389	5
709	1
389	6
709	2
389	7
709	3
2727	4
2727	5
2727	2
2727	1
2055	3
2055	2
2055	5
2055	4
2055	1
690	7
401	7
690	6
401	6
690	5
401	5
690	4
401	4
690	3
690	2
2711	7
690	1
2711	6
2711	2
2711	4
2711	5
401	2
401	3
1634	7
2711	1
1634	4
1634	6
1634	5
1634	2
1634	1
2712	7
2712	6
2712	5
2712	4
2712	3
2712	2
2712	1
400	2
400	3
400	4
400	5
400	6
400	7
1102	7
1102	4
1102	6
1102	5
692	4
1102	1
692	3
1102	2
692	2
692	1
3178	7
3178	2
3178	1
3178	4
3178	3
3178	5
2709	1
2709	2
2709	3
2709	4
2709	6
2709	7
1101	1
1101	2
1101	4
1101	5
1101	6
1101	7
3179	4
2052	7
3179	5
2052	6
3179	2
2052	5
3179	3
3179	7
2710	5
2710	6
2710	4
2052	3
3179	1
2052	4
2052	1
2710	7
2052	2
2710	1
2710	2
1107	1
1107	7
1107	6
1107	5
1107	4
1107	3
1107	2
686	7
686	6
686	5
686	4
686	3
1637	7
1637	6
1637	5
1637	4
1637	3
1637	2
1637	1
3181	7
3181	6
686	1
3181	5
686	2
3181	4
3181	3
3181	2
2050	6
2050	5
2050	4
2050	3
2050	2
2050	1
2050	7
1105	7
1105	6
1105	5
2706	2
1105	4
2706	3
2706	4
2706	5
2706	6
2706	7
3182	2
3182	1
1639	6
1639	7
688	4
688	3
688	2
688	1
688	7
1105	3
688	6
688	5
1105	1
395	6
395	7
395	2
395	3
2707	1
395	4
395	5
1639	1
2707	5
2707	2
2707	3
1639	5
1639	4
2707	6
1639	3
2707	7
1639	2
3182	5
3182	6
3182	3
3182	4
3182	7
1104	2
1104	3
1104	4
1104	5
1104	6
1104	7
2718	1
2718	2
1110	7
1110	4
1110	6
1110	5
1110	2
1627	7
1110	1
1627	5
1627	4
1627	3
1627	2
408	2
408	1
408	4
408	3
2718	7
408	6
2718	6
2718	5
2718	4
408	7
2718	3
407	1
407	4
407	5
407	2
407	3
1109	7
1109	5
1109	4
1109	3
1109	2
1109	1
1627	1
2047	7
2047	6
2047	3
2047	2
696	7
2047	5
407	7
696	6
2047	4
407	6
696	5
696	4
696	3
2047	1
696	2
696	1
406	7
1629	3
1629	2
1629	1
2046	1
406	3
1629	7
2046	2
406	4
1629	6
406	5
1629	5
406	6
1629	4
406	2
2046	6
2046	5
2046	4
2046	3
2046	7
2045	1
2045	2
2045	3
2045	5
2045	6
2045	7
3186	7
3186	2
3186	3
3186	4
3186	5
3186	6
2044	4
404	6
2044	3
404	5
2044	2
2044	1
404	7
2714	7
2044	7
2044	6
2043	7
2043	6
2043	3
2043	2
692	7
2043	5
692	6
2043	4
692	5
1113	3
1113	2
1113	1
404	3
1113	7
404	4
1113	6
1113	5
404	2
1113	4
2042	7
2713	2
2713	3
2713	1
2713	6
2713	7
2713	4
2713	5
2043	1
694	2
694	1
694	6
1111	1
694	4
694	3
1111	4
1111	5
1111	2
694	7
1111	3
402	5
402	6
402	3
1111	7
402	4
1111	6
402	1
402	2
1632	2
1632	1
2042	1
2714	1
1632	4
2042	2
2714	2
1632	3
2714	3
1632	6
2042	4
2714	4
1632	5
2042	5
402	7
2714	5
2042	6
2714	6
1632	7
1879	7
1879	5
1879	4
1879	3
1879	2
1879	1
1052	5
1052	6
1052	7
1052	1
1052	2
1052	3
1052	4
19	4
19	5
19	2
19	3
19	6
19	7
1880	5
1880	6
1880	7
1880	2
1880	3
1880	4
2996	3
2996	4
2996	1
2996	2
485	5
1054	4
485	4
1054	3
485	7
1054	6
485	6
1054	7
485	3
485	2
1526	4
1526	3
1526	6
1526	5
1526	7
1054	1
1054	2
1526	2
1526	1
2995	2
2995	3
2995	4
486	7
2995	5
486	6
2995	6
486	5
2995	7
486	3
486	2
2347	3
486	1
2347	2
2347	5
2347	4
2347	7
2995	1
2347	1
2574	3
2574	4
2574	5
2574	6
2574	7
1056	6
1056	7
1056	1
1056	2
1056	3
1056	4
15	1
15	4
15	5
15	2
15	3
15	6
15	7
2579	1
2579	4
2579	5
2579	2
2579	3
2579	6
2579	7
1877	2
1877	3
1877	1
1877	6
1877	7
1877	4
2992	3
2992	4
2992	1
2992	7
2992	5
2992	6
1058	2
1058	1
2991	1
2991	2
1058	6
2991	3
1058	5
2991	4
1878	1
1058	4
2991	5
1878	2
1058	3
2991	6
1878	3
2991	7
1878	4
1878	5
1878	6
1058	7
1878	7
2570	3
2570	4
2570	5
2570	6
11	1
2570	1
2570	2
1045	6
1045	7
1045	4
1045	5
1045	3
1045	1
480	4
480	3
480	2
480	1
480	7
480	6
2987	6
2987	7
11	5
11	2
11	3
2987	2
2570	7
2987	3
2987	4
11	6
2987	5
11	7
2569	6
2569	7
2569	4
2569	5
2569	2
2569	3
2569	1
481	1
1522	7
481	3
1887	6
481	2
1887	7
1522	3
1887	4
1887	5
1522	5
1887	2
1522	6
1887	3
1887	1
1522	1
1522	2
478	1
478	2
2353	1
2353	2
2353	3
2568	1
2568	2
2568	3
2568	4
2568	5
2568	6
2568	7
13	6
1888	2
13	7
1888	3
13	4
1888	4
13	5
1888	5
13	2
1888	6
1888	7
13	1
2353	5
2353	4
2353	7
478	7
2353	6
478	6
478	5
478	3
1520	2
1520	1
1520	4
1520	3
1520	6
1520	5
1520	7
1048	2
1048	1
1048	4
1048	6
1048	5
1048	7
2358	2
483	1
483	5
483	4
2358	7
483	3
483	2
2358	4
2358	3
483	7
2358	6
483	6
2358	5
2574	1
1883	1
2574	2
1883	6
1883	7
1883	4
1883	5
1883	2
484	2
484	1
484	4
484	3
484	5
484	6
484	7
2573	6
2573	7
2573	4
2573	5
2573	2
2573	3
2573	1
9	2
9	3
9	1
481	7
1884	1
481	6
1884	2
481	5
1884	3
481	4
1884	5
1884	6
1884	7
9	6
9	7
9	4
9	5
1516	3
1516	2
1516	1
1516	7
1516	6
1516	5
2357	2
2357	1
2357	7
2357	6
2357	5
2357	4
10	3
10	4
10	5
10	6
10	1
10	2
10	7
1517	1
1517	3
1517	2
1517	4
1517	7
1517	6
3007	7
1894	4
1894	5
1894	6
1894	7
2590	4
1067	4
2590	6
1067	3
2590	5
3007	1
1067	2
3007	2
2590	7
3007	3
3007	4
1894	1
1067	7
3007	5
1894	2
1067	6
1067	1
2590	1
2590	2
1542	3
3008	3
1542	4
3008	4
1542	5
2591	7
3008	1
1542	6
2591	6
3008	2
1542	7
3008	7
3008	6
2591	1
1893	3
1066	7
1893	1
2591	5
1893	6
4	5
2591	4
1893	7
4	6
1542	1
1893	4
4	7
1542	2
2591	2
1893	5
4	2
4	1
4	4
1066	2
4	3
1066	3
1066	4
1066	5
1066	6
1069	7
1069	6
1069	5
1069	4
1069	2
1069	1
471	7
471	6
1540	5
1540	6
1540	7
1540	2
2589	6
1540	1
2589	7
1540	4
2589	4
2589	5
471	1
2589	2
471	2
2589	3
471	3
471	4
2589	1
471	5
2366	3
2366	4
2366	5
2366	6
2366	7
3003	3
3003	4
1890	1
3003	5
1890	2
3003	6
1890	3
1	6
3003	7
1890	4
1	7
1890	5
1	4
1890	6
1	5
477	7
1890	7
477	6
477	5
477	4
477	3
477	2
477	1
2366	2
2366	1
1	1
1	3
1	2
2365	3
2365	2
2365	1
2365	7
2365	6
2365	5
2365	4
1892	6
1892	5
1892	7
475	4
475	3
475	2
1537	6
1537	7
3	1
1537	4
475	7
1537	5
475	6
3005	4
1892	1
3	4
3005	5
1892	2
1072	7
3	5
1892	3
1072	6
3	2
3005	7
1892	4
3	3
1072	4
3005	1
1072	3
3005	2
1072	2
3	6
3005	3
1072	1
3	7
1537	1
1537	3
1537	2
475	1
1891	1
1891	7
1891	4
1891	5
1891	2
1891	3
2369	7
2369	4
2369	5
3000	3
3000	4
3000	1
3000	2
3000	7
3000	5
3000	6
1900	5
1900	6
1900	7
2369	1
2369	3
466	7
2369	2
466	5
466	4
466	3
466	2
1900	1
466	1
1900	2
1900	3
1900	4
1902	7
1902	6
1902	5
1902	4
1902	3
3002	5
3002	6
2368	7
1062	7
2368	6
3002	4
3002	1
2368	4
1062	4
3002	2
2368	3
1062	3
2368	2
1062	6
2368	1
1062	5
1062	2
1062	1
2582	7
2582	3
2582	4
2582	6
2582	1
2582	2
3002	7
1902	1
3003	1
1902	2
2996	7
2996	5
2586	7
2996	6
1532	1
1897	2
1532	2
1897	3
1532	3
1532	4
1897	1
1532	5
1897	6
1532	6
1897	7
1532	7
1897	4
1897	5
2373	2
2373	3
2373	1
2373	6
2373	7
2373	4
2373	5
2587	1
1531	4
1896	1
1531	5
2587	2
1896	2
1531	2
2587	5
2997	2
1896	3
1531	3
2587	4
2997	3
2587	7
2997	4
1896	5
2587	6
2997	5
1896	6
2997	6
1896	7
1531	7
2997	7
468	6
2371	1
468	5
468	7
1530	7
2371	7
2371	6
2371	5
2371	4
2371	3
2371	2
2585	2
2585	1
1531	1
2585	6
2585	7
2585	4
2585	5
1064	7
1064	6
1064	5
1064	4
1064	3
1064	2
1064	1
2999	3
2999	4
2999	5
2999	1
2999	7
2999	6
1530	6
2586	3
1530	5
2586	4
1530	4
2586	5
1530	3
2586	6
1530	2
468	3
1530	1
468	4
2586	1
2586	2
468	2
2548	4
2548	3
2548	2
1499	1
2548	1
3023	1
457	1
1498	7
1908	7
457	2
1908	6
457	3
1908	5
3023	5
3023	3
3023	2
3023	7
3023	6
457	5
457	6
457	7
1083	1
1499	5
1499	4
1499	3
1499	2
2319	1
2319	2
2319	3
1499	7
2319	4
1499	6
2319	5
2319	6
2319	7
48	7
48	6
48	5
48	4
48	3
48	2
48	1
1080	6
1907	1
1080	5
1080	7
1080	2
1080	4
1080	3
1907	6
1907	7
1907	4
1907	5
1907	2
1907	3
1500	2
2549	6
1500	1
2549	7
1500	4
2549	4
2549	5
2549	2
2549	3
2549	1
2320	7
2320	5
2320	6
1500	6
2320	3
1500	5
2320	4
2320	1
1500	7
2320	2
460	4
460	3
460	2
460	1
3021	4
1908	1
460	7
3021	5
1908	2
460	6
3021	6
1908	3
460	5
3021	7
1908	4
3021	1
3021	2
3021	3
2548	5
2548	6
2548	7
461	5
3020	7
461	6
3020	6
461	7
44	6
461	1
44	5
461	2
461	3
44	7
1495	7
1905	7
44	2
1495	6
1905	6
44	1
1905	5
44	4
1905	4
44	3
3020	4
3020	3
3020	2
3020	1
1085	3
1495	1
1085	2
1495	2
1905	2
1085	5
1495	3
1905	3
1085	4
1495	4
1085	7
1495	5
1905	1
1085	6
2323	2
45	7
1906	7
2323	3
45	6
2323	4
45	5
45	4
2323	6
45	3
2323	7
45	2
45	1
1496	4
1496	3
3019	2
1496	2
3019	5
1906	2
1496	1
3019	4
1906	1
3019	7
1906	4
1496	7
3019	6
1906	3
1496	6
1906	6
1496	5
2323	1
3019	1
2553	6
2553	7
2553	4
2553	5
2553	2
42	7
2553	1
42	1
42	2
42	3
42	4
1903	6
42	5
1903	7
42	6
1903	4
1083	7
1903	5
1083	6
1903	2
1903	3
1083	3
1903	1
1083	2
1083	4
1498	6
1498	5
1498	4
1498	3
1498	2
1498	1
2552	5
2552	6
2552	7
2552	1
2552	3
2552	4
1904	5
1904	6
463	7
1904	7
463	6
1904	1
1904	2
1904	3
1904	4
463	1
463	5
463	3
463	2
450	5
3016	2
450	6
3016	1
2325	1
3016	4
2325	2
450	4
3016	3
2325	3
450	1
3016	6
2325	4
450	2
3016	5
2325	6
3016	7
2325	7
450	7
1075	1
2541	1
1075	5
1075	4
2541	3
1075	3
2541	2
1075	2
2541	5
2541	4
2541	7
1075	7
2541	6
1075	6
41	1
41	3
451	1
41	2
2326	1
2326	2
451	6
2326	5
451	7
2326	6
2326	4
451	2
41	5
41	4
451	4
2326	7
41	7
451	5
41	6
1076	2
1076	1
1076	3
1493	7
2542	7
1493	6
1493	5
1493	4
1493	3
2542	3
1493	2
2542	4
1493	1
2542	5
2542	6
2327	2
2327	3
2327	4
452	3
452	4
452	1
452	2
2327	1
452	7
452	6
452	5
2327	7
2327	6
1914	3
1914	4
1914	5
1914	6
1914	1
1494	2
1494	1
1914	7
1494	7
1494	4
1494	3
1494	6
453	1
3014	2
453	3
453	2
453	5
453	4
453	7
453	6
2542	2
2542	1
3014	7
3014	5
3014	6
3014	3
3014	4
2544	2
1078	6
2544	1
1078	5
2544	4
1078	4
2544	3
1078	3
2544	6
2544	5
2544	7
1078	7
1078	2
2329	5
454	7
2329	6
2329	7
454	5
454	6
454	3
454	4
454	1
3013	1
1912	2
37	7
454	2
1912	1
37	6
3013	3
1912	4
37	5
3013	2
1912	3
37	4
3013	5
1912	6
37	3
3013	4
1912	5
2329	1
3013	7
2329	2
37	1
3013	6
1912	7
2329	3
3012	3
3012	4
3012	1
3012	2
455	2
2330	1
455	3
2330	2
38	7
455	4
455	5
2330	5
38	4
2330	6
38	3
2330	3
38	6
2330	4
38	5
3012	7
3012	6
38	2
3012	5
38	1
455	7
455	6
2330	7
1076	7
1076	6
1076	5
2331	1
1490	7
1490	6
1490	5
1490	4
1490	3
1490	2
1490	1
2545	3
1911	4
2545	2
1911	5
2545	1
1911	2
1911	1
3010	7
456	2
3010	5
456	1
3010	6
456	4
3010	3
2331	7
456	3
3010	4
2331	6
456	6
3010	1
2331	5
456	5
3010	2
2331	4
2331	3
456	7
2331	2
1491	7
1491	3
1491	2
1491	5
1491	4
1491	1
2545	6
2545	7
2545	4
1911	7
2545	5
1911	6
1513	3
34	2
1513	2
34	1
1513	1
34	6
34	5
34	4
34	3
34	7
1513	7
1513	6
1513	4
1922	6
33	5
1922	5
33	4
33	7
1922	3
33	6
1922	2
1095	6
1922	1
1095	7
3037	7
3037	6
3037	5
3037	4
3037	3
3037	1
1922	7
2335	1
446	7
446	6
2335	3
446	5
2335	2
2335	5
446	3
2335	4
2335	7
1095	1
33	2
2335	6
33	3
33	1
1095	5
1095	4
1095	3
1095	2
446	1
446	2
1094	2
1094	1
1094	4
1094	3
1094	6
1094	7
2563	1
2563	4
2563	5
2563	2
2563	3
2563	6
2563	7
31	7
31	6
31	1
2564	5
2564	6
31	4
2564	7
31	3
31	2
2564	2
2564	1
2564	4
2564	3
1919	7
1919	6
1919	5
1099	6
30	4
1919	4
1099	7
30	3
1919	3
30	6
1919	2
30	5
1919	1
1099	2
30	7
1099	4
1099	5
1099	1
30	1
30	2
2566	3
2566	4
2566	5
2566	6
2566	7
1098	7
2566	1
2566	2
1098	2
2338	7
1098	1
1098	6
1098	5
1098	4
1098	3
1511	6
2338	2
1511	7
2338	1
2338	4
2338	3
2338	6
2338	5
1511	1
1511	3
1511	2
1511	5
1511	4
28	5
28	6
28	7
28	1
28	2
28	3
28	4
3029	7
3029	6
27	2
437	2
3029	5
27	5
437	3
3029	4
27	4
437	4
3029	3
27	7
437	5
3029	2
27	6
437	6
3029	1
437	7
2554	6
2554	5
2554	4
2554	3
2554	2
2554	1
436	7
1929	1
436	5
1929	3
436	6
1929	2
26	7
2554	7
1929	5
1929	4
1929	7
1929	6
27	1
2555	4
2555	5
2555	2
2555	3
2555	6
2555	7
2342	2
2342	1
2342	6
1088	2
26	3
2342	5
1088	1
26	4
2342	4
1088	4
2342	3
1088	3
26	6
1088	6
3028	4
1088	5
3028	1
26	1
3028	2
2342	7
1088	7
26	2
3028	6
1927	7
3028	5
1927	6
3028	7
1507	1
2556	1
2556	2
2556	3
2556	4
1507	5
2556	5
1507	4
2556	7
1507	2
1507	7
1507	6
25	2
25	3
25	1
25	6
25	7
25	5
2557	7
2557	6
2557	5
2557	4
2557	2
2557	1
2343	7
2343	6
1927	5
441	5
1927	4
441	6
1927	3
441	7
1927	2
1503	7
1927	1
3026	7
1503	3
3026	6
24	2
1503	2
3026	5
24	1
1503	5
3026	4
24	4
1503	4
3026	3
24	3
24	6
441	1
3026	1
24	5
1503	1
441	2
441	3
24	7
1502	1
1092	4
1502	2
1092	3
2558	2
1092	2
2558	1
1092	1
3027	7
2343	2
3027	6
1926	7
2343	3
2343	4
2343	5
1926	4
3027	2
1926	3
3027	5
3027	4
1926	5
2343	1
2558	7
440	3
440	4
440	1
3027	1
1926	2
1502	7
440	2
1926	1
1502	6
440	7
1092	7
1502	5
2558	4
1502	4
2558	5
440	5
1502	3
2558	6
440	6
1092	6
22	7
22	3
22	4
22	5
22	6
22	1
22	2
2559	6
2559	7
2559	1
2559	4
2559	5
2559	2
2559	3
1090	7
1924	1
1924	2
1924	3
1924	4
1090	2
21	6
1090	1
21	7
21	4
21	5
1090	6
21	2
1090	5
21	3
1090	4
1090	3
1504	4
2560	1
1504	3
2560	2
1504	2
2560	3
1504	1
2560	4
2560	5
1504	7
2560	7
1504	5
1924	6
1924	5
1924	7
1000	6
1000	5
1000	7
1000	2
1000	1
1000	3
3046	2
2636	3
3046	1
2636	4
2636	1
70	2
70	1
70	4
70	3
70	6
3046	7
70	5
2636	7
3046	5
70	7
3046	4
2636	5
3046	3
2636	6
1470	1
1470	2
2635	1
3045	5
2635	6
3045	4
2635	7
3045	7
1470	7
3045	6
3045	1
2635	2
1470	5
2635	3
1470	4
3045	3
2635	4
1470	3
3045	2
2635	5
1467	2
1467	3
1467	4
1467	5
1467	6
1467	7
2633	1
2633	3
2633	2
2633	5
2633	4
2633	7
2633	6
1003	1
1003	4
1003	5
1003	2
1003	3
1003	6
1003	7
1934	2
1934	1
2403	6
2403	7
3049	7
2403	4
3049	6
2403	5
3049	5
2403	2
3049	4
2403	3
3049	3
2632	7
3049	2
2403	1
3049	1
2632	5
1934	7
2632	6
1934	6
2632	3
1934	5
2632	4
1934	4
2632	1
1934	3
2632	2
1473	1
1473	2
2404	1
2404	2
2404	3
1935	7
1935	6
1935	3
1935	2
1935	5
1935	4
1473	7
1473	6
1473	5
1935	1
1473	4
543	7
543	6
543	1
2404	6
543	5
2404	5
543	4
543	3
2404	7
543	2
1936	4
1936	3
1936	2
540	5
1936	7
540	6
1936	6
540	7
1936	5
2401	6
540	1
2401	7
540	2
2401	4
540	3
2401	5
999	1
999	3
999	2
999	5
999	4
2402	7
541	6
541	7
3050	2
541	4
541	5
3050	4
3050	3
541	3
3050	6
1937	3
3050	5
1937	2
541	1
999	6
2402	1
999	7
2402	2
2402	3
2402	5
2402	6
1472	3
2630	4
1472	4
2630	3
1472	1
2630	6
1472	2
1472	7
2630	7
1472	5
1472	6
3050	7
1937	4
1937	5
1937	6
1937	7
2630	2
2630	1
63	1
2629	4
1938	3
2629	5
1938	6
2629	6
1938	5
2629	7
63	5
63	4
2629	1
1938	2
63	3
2629	2
1938	1
63	2
2629	3
2414	1
63	7
2414	2
63	6
1938	7
539	1
538	7
3038	7
3038	6
3038	5
3038	4
3038	3
64	2
64	1
64	4
64	3
64	6
64	5
64	7
539	3
539	2
539	5
2414	7
2414	6
539	7
2414	5
539	6
2414	4
2414	3
3038	1
3038	2
537	2
537	3
537	1
3041	1
537	6
537	7
3041	3
537	4
3041	2
537	5
3040	4
538	3
3040	3
538	4
3040	2
3040	1
538	6
3040	7
538	1
3040	5
538	2
1461	1
1461	2
1461	3
1461	5
1461	6
1461	7
535	7
535	6
535	1
66	7
535	4
535	5
535	2
535	3
66	2
66	1
66	6
66	5
66	4
66	3
1467	1
991	7
991	6
991	3
991	2
991	5
991	4
67	3
67	2
67	5
67	7
67	6
3041	7
3041	6
67	1
3041	4
992	4
2624	2
992	3
2624	1
992	2
2624	4
992	1
2624	3
2624	6
992	7
2624	5
992	6
992	5
2624	7
1464	3
3044	5
1943	6
1464	4
3044	6
1943	7
1464	1
3044	7
1464	2
1464	7
1464	5
1943	1
3044	2
1943	3
3044	1
1943	2
3044	4
3044	3
1943	4
2623	7
2623	6
69	4
2623	1
69	5
69	6
69	7
2623	5
69	1
2623	4
69	2
2623	3
69	3
2623	2
3043	5
534	7
3043	4
3043	3
3043	2
534	3
534	4
3043	7
3043	6
534	6
534	1
534	2
3043	1
2421	1
2421	3
2421	2
2421	5
2421	4
532	7
2421	7
532	6
2421	6
532	5
1015	1
1015	5
1015	4
1015	3
1015	2
1015	6
1015	7
1484	4
1484	3
2649	1
1484	2
3059	1
2649	2
1484	1
2649	3
3059	3
2649	4
1484	7
3059	2
2649	5
1484	6
3059	5
1946	2
2649	6
1484	5
3059	4
1946	1
2649	7
3059	7
1946	4
3059	6
1946	3
1946	5
2420	7
2420	6
2420	5
1014	2
1014	1
1014	4
1014	6
1014	5
1014	7
1945	3
1945	2
1945	1
1945	7
2650	1
532	1
1945	6
2650	2
532	2
1945	5
532	3
1945	4
532	4
2650	5
2650	6
2650	4
1947	6
1947	7
58	7
1947	2
1947	3
1947	4
1017	2
1017	3
1017	1
2420	1
2420	2
2420	3
2420	4
1017	6
59	1
1017	7
1017	4
1017	5
1481	1
1481	2
1481	3
1946	7
1481	4
1481	5
1481	6
1481	7
1016	5
1016	6
2419	1
1016	7
530	2
1016	1
530	3
1016	2
530	4
530	5
1016	4
530	6
1947	1
530	7
2419	6
58	2
2419	7
58	1
2419	4
58	4
2419	5
58	3
2419	2
58	6
2419	3
58	5
3062	4
3062	3
1487	7
3062	6
1487	6
3062	5
3062	7
1487	1
2645	1
2645	2
2645	3
2645	4
1487	4
1487	3
2645	6
1487	2
3062	1
2645	7
3063	1
3063	5
3063	4
3063	3
59	7
59	6
59	3
59	2
59	5
59	4
3063	6
3063	7
1951	6
1951	7
3064	5
1951	2
3064	6
3064	7
1951	4
1951	5
3064	1
3064	2
3064	3
3064	4
1951	1
526	3
526	4
526	5
526	6
526	7
3065	6
3065	7
3065	4
3065	5
3065	2
3065	3
3065	1
1477	1
50	4
2642	1
50	3
1477	3
50	6
50	5
1477	5
2642	5
1477	4
2642	6
1477	7
50	2
2642	3
1477	6
50	1
2642	4
2642	7
526	1
526	2
1953	3
50	7
1953	1
2428	3
2428	2
2428	1
1008	2
1008	1
2428	7
2428	6
1008	3
2428	5
1008	6
1008	5
1008	7
2643	1
1952	2
2643	2
1952	1
2643	3
1952	4
2643	4
1952	3
2643	5
1952	6
2643	6
1952	5
2643	7
1952	7
1007	1
1007	5
1007	3
1007	2
1007	7
1007	6
1010	3
1010	4
1010	5
1010	6
524	1
524	2
524	3
1010	2
524	5
524	6
524	7
1010	7
52	2
52	1
52	4
52	3
2426	7
1009	6
1009	7
1009	4
1009	5
2426	3
2426	4
2426	5
2426	1
2426	2
1474	5
1474	6
1474	4
1474	1
1953	4
1474	2
1953	5
1953	6
1953	7
1009	3
1009	2
1009	1
1474	7
2425	7
2425	5
2425	4
2425	3
2425	2
522	7
2425	1
522	3
522	4
522	5
522	6
522	1
522	2
53	5
53	4
53	7
53	6
53	3
53	2
1004	7
1004	6
1004	5
2424	2
2424	1
2424	4
1004	4
2424	6
1004	3
2424	5
1004	2
1004	1
2424	7
3056	2
1955	3
2639	6
3056	1
1955	2
2639	7
3056	4
1955	5
3056	3
1955	4
3056	6
1955	7
521	6
3056	5
1955	6
521	7
521	4
3056	7
521	5
521	2
521	3
1479	7
1479	6
2639	1
521	1
2639	2
52	7
2639	3
1955	1
52	6
2639	4
52	5
2639	5
1479	2
1479	4
1958	7
1479	5
1958	5
1958	6
1958	3
1479	1
1958	4
1958	1
55	6
1958	2
55	7
3057	7
3057	4
2423	7
3057	5
2423	6
3057	3
2423	4
3057	2
2423	5
3057	1
2423	2
55	1
2423	3
55	3
2423	1
55	2
55	5
55	4
1478	7
1478	5
1478	6
1478	3
1478	4
1478	2
1957	5
1957	6
1957	7
1957	1
1957	2
1957	3
2422	7
2422	3
2422	4
2422	5
2422	6
2422	2
3075	4
99	6
99	7
3075	2
3075	3
99	2
99	3
3075	6
3075	7
99	5
1960	3
1960	4
1960	1
1960	2
99	1
1960	7
3075	1
1960	5
1960	6
1440	2
1440	1
1440	4
1440	3
1440	6
1440	5
1440	7
3074	7
3074	1
3074	2
3074	3
3074	4
3074	5
517	6
517	7
517	5
517	2
517	3
517	1
2379	1
1028	2
2608	7
1028	1
2608	6
1028	4
2608	5
1028	3
2608	4
2608	3
2608	2
2608	1
97	4
97	6
97	7
3073	6
3073	7
3073	4
3073	5
2379	6
2379	7
2379	4
1028	5
2379	5
1028	6
2379	2
1028	7
2379	3
98	7
2607	7
2607	6
1442	7
2607	3
98	1
2607	2
1442	6
2607	5
1442	3
2607	4
1442	4
1442	1
98	5
1442	2
98	6
2607	1
98	3
98	4
3073	1
3073	3
3073	2
1029	6
1029	7
1029	4
1029	5
1029	2
1029	3
1029	1
1026	1
1026	2
1026	3
1026	4
1026	5
1026	6
1026	7
513	1
513	2
513	6
513	7
1027	1
513	4
513	5
1027	4
1027	2
1027	3
1027	6
1027	7
1965	1
1965	2
2375	1
1965	3
1965	4
2375	3
1965	5
2375	2
1965	7
2375	4
2375	6
2375	7
1962	6
1962	4
1962	3
1962	2
1962	1
1962	7
1025	1
1025	3
1025	2
1025	6
1025	7
1025	4
1025	5
515	4
515	5
1963	1
515	2
515	3
515	6
515	7
2604	2
1446	1
1963	6
2604	1
1446	2
1963	7
2604	4
2604	3
1963	2
1963	3
1963	4
1963	5
1446	7
2604	6
1446	5
2604	5
1446	6
1446	3
2604	7
1446	4
1433	7
1433	6
1023	6
1433	5
1023	7
1433	4
1023	1
1433	3
1023	5
1433	2
1023	2
1433	1
1023	3
2384	2
2384	4
2384	3
2384	6
92	7
2384	5
92	5
2384	7
92	6
92	3
92	4
92	1
92	2
1024	1
1024	2
1434	2
1024	4
1434	1
1024	5
1434	4
1024	6
1434	3
1024	7
1434	6
1434	5
2385	6
2385	7
2385	4
2385	5
93	4
93	5
93	6
93	7
2385	3
2385	2
93	1
2385	1
93	2
93	3
1435	1
1966	2
511	6
1966	1
511	7
511	1
511	4
511	5
511	2
511	3
1021	7
1021	6
1021	5
1021	4
1021	3
2601	5
1021	2
2601	4
1021	1
2601	7
2601	6
2601	1
2601	3
2601	2
1434	7
512	2
512	3
512	4
512	5
512	6
512	7
1022	7
1022	3
1022	4
1022	5
1022	6
1022	2
1022	1
1435	7
1966	7
1966	5
1435	2
1966	6
1435	3
1966	3
1435	4
1966	4
1435	5
2596	6
2596	5
2596	7
2381	1
96	7
2381	3
96	5
2381	2
96	6
2381	5
96	3
2381	4
2381	7
96	1
2381	6
96	2
1019	4
1019	5
1019	2
1019	3
1436	4
1436	3
1019	6
1436	2
1019	7
1436	1
1436	7
1436	5
2596	1
2596	2
2596	3
2596	4
3071	1
3071	4
3071	5
3071	2
3071	3
97	1
3071	6
97	2
3071	7
97	3
1972	3
2382	2
1972	4
2382	1
1972	1
1972	2
1020	1
1020	2
1020	3
1020	4
1020	5
1437	1
1020	6
1020	7
1437	3
1437	2
1437	5
1437	4
1437	7
1437	6
3070	7
94	5
94	6
2598	2
94	3
2598	1
94	4
3070	4
3070	5
94	7
3070	6
1018	6
1018	5
2598	7
1018	4
1018	3
1018	2
1018	1
2598	3
2598	6
2598	5
2382	7
2382	3
2382	4
2382	5
2382	6
3070	2
3070	1
94	2
94	1
1439	2
1439	3
1439	4
1439	5
1439	1
1019	1
1439	6
1439	7
2383	4
2383	5
2383	2
2383	3
1018	7
2383	1
3069	7
3069	6
3069	5
3069	4
3069	3
3069	2
3069	1
2383	6
2383	7
3088	5
3088	6
3088	7
3088	1
3088	3
3088	4
2619	7
2619	6
1454	7
1454	5
2619	3
1454	6
2619	2
1454	3
2619	5
1454	4
2619	4
2392	5
2392	6
2392	7
2392	1
2392	2
2392	3
2392	4
502	4
502	3
1974	7
502	6
502	5
1974	6
2620	7
502	7
1974	3
2620	6
1974	4
2620	5
1974	1
2620	4
1974	2
2620	3
2620	2
2620	1
502	2
502	1
1454	2
1454	1
2621	1
2621	3
2621	2
2621	5
2621	4
2621	7
2621	6
84	7
84	6
1043	4
1043	5
2394	1
1043	2
2394	2
1043	3
2394	3
505	6
2394	4
505	7
2394	5
1043	6
505	4
1043	7
505	5
505	2
505	3
1043	1
1455	6
1455	7
2622	2
2622	1
1972	7
1455	1
1972	6
1455	2
1455	3
1455	4
1455	5
2393	6
84	2
1042	7
2393	7
84	1
2393	4
84	4
2393	5
84	3
2622	5
2622	6
1042	1
1042	2
2622	4
2393	2
2393	3
1042	4
1042	5
2622	7
2393	1
1042	6
2388	5
1978	7
2388	7
1458	5
2616	6
1458	6
2616	5
1458	3
1458	4
2616	7
1458	1
2616	2
1458	2
2616	4
2616	3
500	4
500	3
1458	7
500	2
1457	1
1457	3
1457	2
2617	3
2617	2
2617	1
1457	4
1457	5
1457	6
1457	7
1978	5
2388	4
1978	6
2388	3
1978	3
2388	2
1978	4
2388	1
1978	1
2617	7
2617	6
2617	5
2617	4
501	6
1039	1
501	7
501	4
501	5
1039	4
501	2
1039	5
501	3
2390	1
1039	2
2390	2
1039	3
501	1
2390	3
2390	4
2390	5
1039	6
2390	6
1039	7
2390	7
2618	2
2618	4
2618	3
2618	6
2618	5
2389	2
2389	3
1038	4
1038	5
2618	7
2389	1
1038	6
2389	6
1038	7
500	5
2389	7
500	6
2389	4
500	7
2389	5
87	2
87	5
87	4
87	1
87	6
87	7
1038	1
1038	2
2399	6
2399	7
2399	4
2399	5
2399	2
2399	3
2399	1
79	6
79	7
3081	6
3081	7
3081	4
3081	5
3081	2
3081	1
79	1
1447	6
79	2
1447	7
79	3
2612	7
79	4
2612	6
2612	5
1447	5
1447	4
1447	3
1447	2
1447	1
2398	7
2398	3
3082	7
2398	4
2398	6
3082	3
1981	4
3082	4
1981	5
3082	5
2398	2
1981	7
2398	1
1981	1
3082	1
1981	2
3082	2
1981	3
1036	5
1036	6
1036	7
2401	2
2401	3
2401	1
1036	1
1036	2
1036	4
2614	6
2614	5
2614	4
2614	3
2614	7
2614	1
2400	1
77	7
2400	2
77	6
2400	3
77	5
77	4
2400	5
77	3
2400	6
77	2
2400	7
497	6
497	7
497	4
497	5
497	3
497	2
497	1
3080	1
1448	3
3080	2
1448	4
1448	1
3080	4
1448	2
3080	5
1448	7
3080	6
3080	7
1448	5
1448	6
2609	7
2609	6
1034	7
2609	5
2609	4
83	1
3085	6
83	2
3085	7
83	3
493	3
3085	4
83	4
493	2
3085	5
83	5
493	5
3085	2
83	6
493	4
3085	3
83	7
493	7
493	6
3085	1
2395	6
2395	7
1985	7
2395	4
1985	6
2395	5
1985	5
2395	2
1985	4
2395	3
2609	2
1034	3
2609	3
1034	4
1034	6
1034	1
1034	2
492	4
492	3
492	2
1450	7
492	1
492	7
1985	1
1985	2
2395	1
492	5
1033	2
1033	3
2394	7
1450	6
1450	5
1450	4
1450	3
1450	2
1033	6
1450	1
1033	7
1033	4
1033	5
3083	4
3083	5
3083	2
3083	3
81	4
81	5
81	6
3083	7
81	7
1453	1
1453	2
1453	3
1453	4
1453	5
1453	6
1453	7
494	7
494	3
494	4
494	5
494	6
81	1
81	2
3083	1
3084	1
3084	2
3084	3
3084	4
494	2
3084	5
494	1
3084	6
3084	7
2612	2
2612	1
2612	4
2612	3
2396	1
2396	3
2396	4
2396	5
2396	6
80	7
2396	7
80	6
80	5
80	3
80	2
80	1
1776	7
1776	5
1776	6
1776	4
1776	1
1776	2
935	7
935	6
2244	2
2244	1
2244	4
2244	3
2876	5
2876	6
1410	7
2876	7
1410	5
2876	1
1410	6
2876	2
1410	3
2876	3
1410	4
2876	4
1410	1
1410	2
935	4
935	5
935	2
935	3
935	1
2244	5
2244	7
1409	4
1409	5
1409	6
1409	7
1778	7
1778	2
1778	1
1778	6
1778	5
1778	4
1778	3
2878	1
2878	2
1409	3
1409	2
1409	1
2878	4
2878	3
2878	6
2878	5
2878	7
2248	7
2248	5
2248	6
2248	3
2248	4
2248	1
2248	2
2462	1
2462	2
2462	7
2462	6
2462	5
2462	4
595	1
2462	3
595	3
595	2
595	5
595	4
595	7
595	6
2247	6
2247	7
938	5
938	6
938	3
938	4
938	2
1407	4
1772	1
1772	2
1407	2
1772	3
1407	3
1772	4
1407	1
938	7
1772	5
1772	6
1407	6
1772	7
1407	7
1774	6
1774	5
1774	4
1774	7
593	1
593	2
593	3
1406	2
1406	1
1406	4
121	1
1406	5
121	2
1406	6
1406	7
593	5
593	7
593	6
2874	1
2247	1
2874	2
2874	5
2247	5
121	4
2874	6
2247	4
121	5
2874	3
2247	3
121	6
2874	4
2247	2
121	7
2874	7
592	7
592	5
592	6
592	3
592	4
592	1
592	2
2246	2
2246	1
2246	4
2246	3
2246	6
2246	5
2246	7
1774	1
1774	2
1418	7
1418	5
1418	6
1418	3
1418	4
1418	1
2882	7
1769	4
1418	2
1769	6
1769	7
2882	3
129	6
2882	4
1769	1
129	7
2882	5
1769	2
129	4
2882	6
1769	3
129	5
2465	5
2465	7
2882	1
2465	6
2882	2
129	1
129	2
2883	7
1417	4
2883	4
1417	5
2883	5
1417	6
2883	2
1417	7
2466	7
2883	3
2466	6
1768	7
1417	1
2466	5
2883	1
1417	2
2466	4
597	3
2466	3
1768	6
597	2
2466	2
1768	3
597	5
2466	1
1768	4
597	4
1768	1
597	7
1768	2
597	6
2884	6
1771	3
2884	5
1771	2
1771	5
2884	7
1771	4
1771	7
1771	6
944	4
944	3
944	2
131	6
131	7
2884	1
131	4
944	7
2884	2
131	5
944	6
2884	3
131	2
944	5
2884	4
131	3
1416	3
1416	4
131	1
1416	1
1416	7
1416	5
1416	6
2465	2
2465	3
2465	1
2885	3
2885	2
2885	7
2885	6
2885	5
2885	4
943	7
943	6
130	7
1415	6
130	3
2235	5
1415	7
130	4
2235	4
130	5
2235	2
943	3
943	2
943	5
130	1
2235	7
943	4
130	2
2235	6
2469	5
126	5
2469	4
126	6
2469	7
1766	1
126	3
2469	6
1766	2
126	4
2469	1
2469	3
126	7
2469	2
1415	4
1766	7
602	2
1415	5
602	1
1415	2
1415	3
1766	3
602	6
1415	1
1766	4
602	5
1766	5
602	4
1766	6
602	3
126	2
126	1
2470	2
2470	1
1414	1
1414	2
945	5
601	1
945	4
945	7
601	3
945	6
601	2
1414	7
601	5
601	4
601	7
2470	7
601	6
1414	3
2470	6
1414	4
2470	5
1414	5
2470	4
1414	6
2470	3
945	1
945	2
945	3
600	7
600	6
600	5
600	4
600	3
600	2
600	1
128	7
128	5
128	6
948	4
128	3
948	3
2881	1
128	4
948	2
2881	2
128	1
948	1
2881	3
128	2
2467	1
2467	2
2467	3
2467	4
2467	5
2467	6
2467	7
127	2
127	3
127	4
127	5
599	7
599	6
127	1
127	6
127	7
2881	7
2881	6
2881	5
2881	4
599	2
599	3
599	5
599	1
2890	1
2890	2
2890	3
2890	4
2890	5
2890	6
948	7
948	6
948	5
2258	7
108	7
108	6
108	5
108	4
2890	7
108	3
2258	1
108	2
2258	2
108	1
2258	3
2258	4
2258	5
2258	6
2889	6
2889	7
2889	4
2889	5
1790	1
1425	1
1790	2
1425	2
1425	3
949	1
949	3
949	2
949	5
2889	2
949	4
2889	3
949	7
949	6
2889	1
2259	4
2259	5
2259	2
2259	6
2259	7
1425	5
1790	6
1425	4
1425	7
1790	4
1425	6
1790	3
2259	1
1790	7
1422	7
1422	5
2471	7
1422	6
2471	6
1422	3
1422	4
2892	6
2892	5
2892	7
2892	2
2892	1
2892	4
2892	3
2891	1
1423	6
1423	7
1423	2
1423	3
1423	4
1423	5
1423	1
2471	4
2471	5
1792	7
2471	2
1792	6
2471	3
1792	5
1792	4
2471	1
1792	3
1792	2
1792	1
2891	7
2891	6
2891	5
2891	3
2891	2
2261	1
104	7
2261	2
104	6
2261	3
104	5
2261	4
2261	5
104	3
104	2
2261	7
104	1
580	3
580	4
580	1
580	2
580	7
580	6
580	5
1421	2
1421	3
1786	1
1421	1
1786	2
1421	6
1786	3
1421	7
1786	4
1421	4
1786	5
1421	5
105	1
105	3
1786	7
105	2
2262	1
2262	2
2262	5
2262	6
2262	4
105	5
105	4
2262	7
105	7
105	6
581	5
581	7
581	6
953	1
581	1
953	3
581	3
953	2
581	2
953	5
953	7
953	6
1422	1
1422	2
1419	1
2475	1
2475	7
2475	6
1419	7
1419	4
1419	5
2475	2
1419	2
2475	5
1419	3
2475	4
2260	2
2260	1
2260	3
1788	4
1788	3
1788	2
1788	1
2260	7
2260	5
2260	6
2474	5
2474	6
2474	3
2474	4
2474	1
2474	2
1788	7
1788	6
2474	7
115	7
115	6
115	3
115	2
115	5
115	4
2897	7
2897	6
2897	5
2897	4
2897	2
2897	3
2252	5
116	4
2252	6
116	3
2252	7
116	2
116	1
1432	4
1783	7
1432	3
1783	6
1432	1
2252	1
1432	7
2252	2
1432	6
2252	3
1432	5
2252	4
2479	7
2479	6
1783	2
1783	3
1783	4
1783	5
2479	1
2479	2
2479	5
2479	4
582	3
582	4
582	5
582	6
582	7
1784	7
1784	6
1784	5
1784	3
1784	2
582	1
1784	1
582	2
957	5
957	7
957	6
957	1
2249	7
2249	6
957	3
2249	5
957	2
2249	4
116	5
2249	2
116	6
2249	1
116	7
2478	7
2478	6
2478	4
2478	3
2478	1
2478	2
959	1
959	3
959	2
1779	1
959	5
959	4
959	7
1779	4
959	6
1779	2
1779	3
1428	1
2484	4
2894	1
1428	2
2484	3
2894	2
2484	2
1779	6
1428	4
2484	1
1779	7
2254	5
111	3
2254	6
111	2
2254	3
111	5
2254	4
111	4
2254	7
111	7
111	6
960	4
960	3
2893	1
960	2
2893	2
2893	3
2893	4
960	7
2893	5
960	6
2893	6
960	5
2893	7
1428	7
1428	6
1428	5
112	7
112	6
112	5
112	4
112	3
112	2
112	1
2482	6
2482	5
2482	4
2482	3
2482	2
2482	1
2482	7
2895	5
2895	4
2895	3
2895	2
2895	1
2895	7
2895	6
2481	5
2481	4
2481	7
2481	6
2254	2
2254	1
2894	7
2894	3
2894	6
2894	5
2481	1
2481	2
2481	3
1806	2
1806	1
151	4
151	5
151	2
151	3
151	1
2430	2
2430	1
1381	3
2430	3
1381	2
2430	4
1381	1
2430	5
2430	6
1381	7
2430	7
1381	6
151	7
1381	4
151	6
1805	1
2906	2
1805	3
2906	1
1805	2
2906	4
1805	5
2906	3
1805	4
2906	6
1805	7
2906	5
1805	6
150	1
150	2
963	7
2903	4
150	3
963	6
2903	5
150	4
2903	2
150	5
2903	3
150	6
963	3
150	7
963	2
2903	1
963	5
963	4
1804	4
1804	3
1804	2
1804	1
2903	7
2903	6
1804	7
1804	6
563	1
563	4
563	2
563	3
563	6
563	7
1802	2
1378	7
1802	1
1802	6
1802	5
2219	1
1802	4
2901	2
1378	2
2901	1
1378	1
1378	4
2901	7
148	6
1378	3
2901	6
148	5
2901	5
1378	5
2901	4
148	7
2433	3
2433	2
2433	1
2219	5
2219	4
1802	7
2219	3
2219	2
2219	7
2219	6
1801	5
1801	4
1801	7
2218	1
1801	6
2218	2
2218	4
2218	5
2218	6
2433	4
2433	5
2433	7
1801	1
1801	3
1801	2
148	3
148	4
148	1
148	2
2218	7
1800	7
1800	6
1800	5
1800	3
1800	2
1800	1
2900	3
2900	4
2900	1
2900	2
566	5
566	3
566	4
566	7
2900	6
1799	7
566	1
2900	5
1799	6
566	2
2900	7
146	7
966	7
966	6
2220	6
966	5
2220	5
966	4
966	3
2220	7
966	2
2220	2
146	2
2220	4
2220	3
146	5
146	6
146	3
146	4
2436	5
159	5
569	2
2436	6
159	4
569	3
2436	7
159	3
159	2
569	1
2912	2
2912	1
2912	4
1799	1
2912	3
2912	6
569	6
2912	5
1799	2
2209	1
569	7
1799	5
159	7
2209	2
569	4
2912	7
1799	4
159	6
2209	3
569	5
2436	2
2436	4
2436	3
2437	2
2437	3
2437	1
1388	2
1388	1
2437	7
2437	4
1388	3
2437	5
1388	6
1388	5
1388	7
2913	3
2913	2
2913	1
2910	7
2438	1
2438	2
2910	4
2910	3
2910	6
2910	5
2438	7
2438	3
2438	4
2438	6
2210	4
2210	3
2210	6
2210	5
570	7
2210	2
2210	1
2910	1
2910	2
2210	7
2911	5
2911	4
2911	3
2911	2
2911	1
1796	7
1796	6
1796	5
570	1
570	2
570	3
570	4
2911	7
570	5
2911	6
570	6
2209	7
2209	6
2209	5
2209	4
1796	3
1796	4
1796	1
1796	2
2212	6
2212	5
2212	7
1385	7
1795	3
1385	6
1795	2
975	6
1385	5
1795	5
975	7
1385	4
1795	4
1795	7
2212	1
572	7
1795	6
2212	2
2212	3
572	5
2212	4
572	6
572	3
975	1
572	4
155	7
572	1
155	6
572	2
975	4
1385	3
155	5
975	5
155	4
975	2
1385	1
1795	1
155	3
975	3
155	2
155	1
2909	3
2909	2
2909	7
2909	6
2909	5
2909	4
974	3
1384	2
2440	3
571	6
974	4
1384	1
2440	4
571	7
974	5
2440	1
974	6
1384	3
2440	2
974	7
2440	7
1384	6
571	2
1384	5
571	3
2440	5
571	4
1384	7
571	5
974	2
2214	7
2214	4
2214	6
2214	5
574	6
574	5
2214	2
574	4
2214	1
574	3
574	7
2441	4
574	1
2441	5
574	2
2441	7
2441	1
2441	2
2441	3
1793	5
2906	7
1793	4
1793	7
1793	6
973	5
1793	2
973	4
1793	3
153	5
973	7
153	6
973	6
1793	1
153	7
973	1
973	2
153	1
153	2
2442	7
153	3
2442	5
2442	6
573	1
2442	3
573	2
2442	4
573	3
2442	1
2442	2
573	5
573	6
573	7
978	5
1395	1
978	6
2444	2
978	3
2444	3
2444	4
978	1
978	2
1395	7
1395	6
1395	5
2444	5
1395	4
2444	6
978	7
1395	3
2444	7
1395	2
2229	7
2229	6
2229	5
2229	4
2229	3
2229	2
2229	1
138	1
138	2
138	3
548	2
138	4
548	1
138	5
548	4
138	6
548	3
548	5
138	7
548	6
548	7
1396	2
1396	1
1396	4
1396	3
1396	7
1396	5
1396	6
135	6
2230	2
135	7
2230	4
2230	3
2230	6
2230	5
2230	7
2446	2
2231	1
977	1
2231	4
977	3
2231	3
977	2
2231	2
977	4
2917	3
977	5
2917	2
977	6
2917	1
2231	6
977	7
2231	7
2917	7
2917	5
2917	4
2445	2
2445	3
2445	1
2445	6
2445	7
2445	4
2445	5
1815	2
1815	5
1815	4
2447	6
2447	7
1815	1
2447	2
2447	3
2447	5
2447	1
134	5
551	1
134	6
134	3
134	4
551	5
134	7
551	3
551	2
2232	6
2232	5
2232	7
1815	6
134	1
2232	2
1815	7
134	2
2232	1
2232	4
1392	6
1392	5
1392	7
1392	2
1392	1
1392	4
1392	3
551	6
551	7
2446	7
2446	5
2446	6
2446	3
2446	4
135	1
2233	7
135	3
2233	6
135	4
2233	5
135	5
2233	4
1816	7
2233	3
2233	2
1816	5
1816	6
1816	3
1816	4
1816	1
1816	2
2914	7
1393	3
1393	2
1393	1
2914	2
2914	1
2914	4
2914	6
2914	5
980	4
980	3
980	2
980	1
1393	6
1393	7
1393	4
1393	5
1814	6
1814	5
1814	4
1814	7
980	5
2913	7
980	6
2913	6
980	7
2913	5
2913	4
1814	2
1814	1
1394	7
2235	1
133	4
133	5
1394	1
133	6
1394	2
133	7
1394	4
1394	5
133	2
1394	6
133	3
1402	4
1402	6
1402	5
1402	2
1402	1
144	1
144	2
144	3
144	4
144	5
144	6
144	7
2450	3
145	7
2450	4
145	6
555	5
2450	5
145	5
555	2
2450	6
145	4
555	3
555	6
2450	2
555	7
1403	1
2450	7
1402	7
145	2
555	1
145	3
1403	2
2223	1
1403	4
1403	5
1403	6
2223	5
1403	7
2223	4
2223	2
2223	7
2223	6
984	3
984	4
984	1
984	2
984	7
2924	2
2924	1
984	5
2924	4
984	6
2924	3
2924	6
2924	5
2924	7
2224	2
2224	1
2224	4
2224	6
2224	5
2224	7
141	1
141	3
141	4
141	5
141	6
141	7
2923	6
2923	7
2923	4
2225	7
2225	6
2923	2
2225	5
2923	3
2923	1
2225	2
1398	7
2225	3
2225	1
1398	4
1398	3
1398	6
1398	5
1398	2
1398	1
2226	7
2226	4
2226	3
2226	6
2922	7
1809	4
1809	5
1809	6
2226	2
1809	7
2226	1
989	6
2922	4
1809	1
989	7
2922	3
989	4
2922	6
989	5
2922	5
1809	2
989	2
989	3
2922	2
2922	1
2227	5
2227	4
2227	3
2227	2
2227	7
2227	6
139	6
139	7
139	2
139	3
139	4
139	5
139	1
1806	5
1806	4
1806	3
1806	7
1401	6
1401	7
1401	4
1401	5
1401	2
1401	3
1401	1
1807	7
1807	6
2920	2
2920	1
2920	4
1807	1
2920	3
2920	6
1807	3
2920	5
1807	2
1807	5
2920	7
650	7
1828	7
1828	5
1828	6
884	2
884	1
2304	7
2304	6
884	3
2304	5
2304	4
2304	3
2304	2
2304	1
2517	6
1352	6
2927	5
174	4
2517	7
1352	5
2927	4
174	3
2517	4
2927	3
174	6
2517	5
1352	7
2927	2
174	5
2517	2
1352	2
2927	1
2517	3
1352	1
174	7
2517	1
1352	3
1828	4
1828	3
1828	2
1828	1
650	2
650	3
650	4
2927	7
650	5
2927	6
650	6
2303	3
2303	2
2303	5
2303	4
2303	1
2303	7
174	1
2303	6
174	2
1827	1
1827	7
1827	6
1827	3
1827	2
1827	4
2302	6
2302	4
2302	3
1830	1
1830	2
2302	7
1830	5
1830	6
1830	3
1830	7
648	5
648	6
648	7
648	1
648	2
648	3
648	4
2302	1
2302	2
1829	1
1829	2
1829	3
1350	1
1829	4
1350	2
1829	5
1829	6
1829	7
1350	5
1350	6
1350	3
1350	7
884	7
175	5
175	4
884	5
175	3
884	6
175	2
175	1
647	6
647	7
175	7
175	6
647	1
1356	6
647	2
1356	5
647	3
2514	7
647	4
1356	7
647	5
2514	5
2514	6
1356	1
2514	3
1356	4
1356	3
2514	1
2514	2
2300	7
2300	6
2300	5
2300	4
2300	2
2300	1
2515	6
646	5
2515	7
646	6
646	3
646	4
2515	2
2515	3
646	7
2515	5
1355	7
2515	1
1355	6
646	1
1355	4
646	2
1355	3
1355	2
1355	1
2299	7
2299	6
2299	3
2299	2
2299	5
2299	1
1354	7
1354	1
1354	2
1354	3
1354	4
1354	5
1354	6
2513	4
2513	6
2513	7
2513	1
2513	3
2513	2
1832	1
1832	2
1832	3
1832	4
1832	5
1832	6
1832	7
1359	5
1359	4
1359	3
2934	2
1359	2
2934	1
1359	1
890	7
2934	7
2934	4
2934	3
1359	7
1359	6
2934	5
2297	1
2297	3
2297	2
891	1
2297	5
2297	4
2297	7
2297	6
1820	4
1820	3
1820	2
1820	1
1820	7
1820	6
1820	5
890	4
890	3
890	6
890	5
890	2
890	1
2522	7
2936	1
2936	2
2936	3
2936	4
2936	5
2936	6
2936	7
2523	1
2523	4
2523	5
891	3
2523	2
891	4
182	2
891	5
891	6
2294	1
891	7
2294	2
2523	6
2523	7
2294	5
182	7
2294	6
2294	3
2294	4
182	4
182	3
182	6
2294	7
182	5
887	5
887	4
887	3
887	2
887	1
2938	4
1825	1
185	7
2938	3
185	6
2938	6
1825	3
185	5
2938	5
1825	2
2938	2
2938	1
185	3
185	2
887	6
185	1
887	7
886	7
886	4
886	3
886	6
886	5
886	2
2292	7
2938	7
2292	6
2292	5
2522	5
2522	6
1824	7
653	1
2522	3
1824	6
653	2
2522	4
653	3
2522	1
1824	4
653	4
2522	2
1824	3
653	5
1824	2
653	6
1824	1
653	7
184	2
184	1
184	4
184	3
184	6
184	5
184	7
2519	1
2519	3
1361	2
2519	2
1361	3
2519	5
2519	4
1361	1
186	7
889	6
187	1
889	7
889	5
2292	1
652	7
2292	2
2292	3
652	5
2292	4
652	6
1361	7
652	3
2519	7
1361	6
652	4
1361	5
1361	4
652	2
889	2
889	3
889	1
1825	6
1825	7
1825	4
186	4
186	3
186	6
186	5
186	2
186	1
888	1
888	2
888	3
888	4
888	5
888	6
888	7
2532	6
2942	3
2532	5
2942	4
2532	7
2942	6
2942	7
160	7
160	6
160	3
160	4
160	1
160	2
1365	3
1365	2
1365	1
635	6
635	7
1365	7
635	4
1365	6
635	5
635	2
1365	4
635	3
2532	2
2532	3
2942	2
2532	4
2942	1
1842	1
1842	2
1842	5
1842	3
1842	4
1842	7
1843	6
634	2
1843	7
634	1
1843	2
634	6
1843	3
634	5
1843	4
1843	5
634	3
2530	3
2530	4
898	6
2530	5
898	3
2530	6
898	4
898	1
898	2
2530	1
2530	2
2530	7
898	7
2316	4
2316	3
2316	2
2316	1
2316	7
2316	6
635	1
634	7
162	2
162	1
162	4
162	3
162	6
162	5
162	7
893	3
2313	5
893	2
2313	4
2313	7
163	6
2313	6
163	7
893	7
163	4
893	6
893	5
163	2
893	4
163	3
163	1
2313	1
2313	3
2313	2
633	4
633	5
633	6
633	7
633	1
2314	7
633	2
633	3
164	6
164	5
164	7
2314	2
2314	1
164	2
164	3
164	4
2314	6
2314	4
2314	3
1845	2
1845	3
1845	1
1845	6
1845	7
1845	4
1845	5
2527	6
2527	7
2527	2
2527	3
2527	5
2527	1
2947	6
2947	7
2947	2
2947	4
2947	5
2947	1
896	6
896	7
896	1
896	2
896	3
896	4
1368	6
1368	7
1368	2
1368	1
1368	4
1368	3
2312	7
2312	6
2312	4
2312	3
2312	2
2312	1
1372	2
1372	1
1372	4
1372	3
1372	6
1372	5
1372	7
2949	2
2949	3
2949	1
2949	6
2949	7
2949	4
2949	5
167	2
167	3
167	4
167	5
167	1
904	3
904	4
904	1
904	2
904	7
904	5
167	7
904	6
167	6
1373	3
1373	2
2538	1
1373	1
2538	2
2538	3
1373	7
2538	4
1373	6
2538	5
2538	6
1373	4
2538	7
2537	2
168	2
168	1
2537	1
168	3
168	6
168	5
168	7
2537	6
2537	7
2537	4
2537	5
1836	3
1836	4
1836	1
1836	2
1836	7
1836	5
169	3
169	2
169	1
169	7
169	6
169	5
169	4
1837	4
1837	5
1837	7
1837	1
1837	2
1837	3
2306	7
900	2
900	1
900	3
2306	2
2952	4
2306	1
2535	7
2952	1
2535	6
2952	2
2952	7
2306	6
2306	5
2952	5
2306	4
2952	6
2306	3
1376	2
1376	1
1376	4
1376	3
1376	6
639	6
1376	5
639	7
1376	7
900	5
639	2
900	6
639	3
900	7
639	4
639	5
639	1
2307	3
2307	2
171	1
2307	5
2307	4
2307	7
2307	6
2307	1
2535	1
2535	2
2535	3
2535	4
2535	5
171	7
171	6
171	5
171	4
171	3
171	2
637	1
2954	6
1374	1
2954	3
637	3
1374	2
2954	4
637	2
2954	1
637	5
2954	2
637	4
637	7
637	6
902	7
172	6
172	5
2534	7
172	7
2534	5
902	3
2534	6
902	4
2534	3
902	5
2534	4
902	6
2534	1
2534	2
1374	7
902	1
902	2
1374	4
172	2
1374	3
1374	6
172	4
1374	5
2954	7
172	3
173	3
173	2
173	1
173	7
173	6
173	5
173	4
2533	4
2533	5
2533	6
2533	7
2533	2
2533	3
2957	2
2957	3
2957	1
2957	6
2957	7
2957	4
2488	4
1323	2
2488	3
1323	3
2488	2
2488	1
1323	5
1323	6
2488	7
1323	7
2488	6
2488	5
1323	1
1857	7
1857	6
1857	5
1857	4
2489	5
2489	4
2489	7
2489	6
1857	1
620	7
1857	2
620	6
1857	3
620	5
620	4
620	3
620	2
620	1
2489	1
2489	3
2489	2
2273	4
2273	5
2273	6
2273	7
1856	7
1325	4
1325	5
1856	5
1856	6
1325	7
1856	3
1856	4
1325	1
1856	1
1325	2
1856	2
1325	3
202	7
2955	6
2955	7
2955	4
2955	5
2276	7
2955	2
2276	6
2955	3
2955	1
2276	3
2276	4
2276	1
202	1
2276	2
202	4
202	3
202	6
202	5
2491	1
2956	5
1855	6
1324	7
2956	6
1855	7
2956	7
1324	6
2956	1
1855	2
1324	3
2956	2
1855	3
1324	4
1855	4
1324	1
2956	4
1855	5
1324	2
1855	1
2275	6
2275	7
2275	2
2275	3
2275	4
2275	5
2275	1
2271	1
2271	4
2271	5
2271	2
2271	3
2271	6
2271	7
1326	3
207	2
617	1
2484	7
1326	4
207	3
2484	6
1326	5
207	4
617	3
2484	5
1326	6
207	5
617	2
1326	7
207	1
2960	4
2960	1
2960	2
2960	7
207	6
617	5
207	7
2960	5
617	7
2960	6
617	6
1326	2
1326	1
616	7
2485	3
206	7
616	6
2485	2
616	5
2485	5
206	5
616	4
2485	4
206	6
616	3
2485	7
206	3
2485	6
616	1
619	2
619	3
619	4
619	5
619	6
619	7
2273	2
2273	3
2273	1
206	2
206	1
2486	2
2486	1
1859	1
1859	6
2486	7
1859	7
2486	6
1859	4
2486	5
1859	5
2486	4
2486	3
1859	3
907	6
907	7
907	4
2487	6
907	5
2487	7
907	2
907	3
205	3
2272	5
205	2
2272	6
2272	7
205	7
2272	1
205	6
2272	2
205	5
2272	3
205	4
2272	4
1858	3
1858	4
1858	5
1858	6
1858	1
907	1
2487	3
2487	2
2487	5
2487	4
1858	7
2487	1
2495	7
628	4
2495	6
628	3
628	2
628	1
1851	1
920	4
920	3
920	2
2495	1
920	1
2495	3
920	7
2495	2
920	6
2495	5
920	5
2495	4
919	1
919	2
919	3
919	5
2266	7
627	7
627	6
210	7
627	3
627	2
627	5
627	4
919	7
210	3
919	6
210	4
210	5
627	1
210	6
210	2
2269	4
2269	5
918	7
2269	6
2269	7
918	5
918	6
2269	1
2269	2
918	4
2269	3
918	1
629	2
918	2
629	3
629	1
629	7
629	4
629	5
2497	1
1332	3
1332	4
2497	3
1332	1
2497	2
1332	2
2962	7
2962	3
2962	4
2962	5
2962	6
2962	1
2962	2
208	2
208	1
208	4
208	3
208	6
2268	7
208	5
2268	5
208	7
2268	6
917	4
2268	3
628	5
917	5
2268	4
628	6
917	6
2268	1
628	7
917	7
2268	2
2497	6
917	1
2497	7
2497	4
917	3
2497	5
2491	3
1333	2
214	1
2491	2
1333	3
214	2
2491	5
2491	4
1333	1
2491	7
1333	6
2491	6
1333	7
1333	4
1333	5
624	7
214	7
624	6
2967	1
624	5
2967	2
214	5
624	4
2967	3
214	6
624	3
2967	4
214	3
624	2
2967	5
214	4
2967	7
1332	5
213	4
1332	6
213	5
1332	7
213	6
213	7
2492	4
213	1
2492	2
213	2
2492	1
213	3
2492	7
2492	6
2492	5
915	1
626	2
626	5
626	6
626	3
626	4
2266	3
2266	4
915	6
2266	5
626	7
915	7
2266	6
915	4
915	5
915	2
2266	1
915	3
2266	2
1851	6
1851	7
1851	5
1851	2
1851	3
2494	2
2494	1
2494	7
2494	5
2494	6
2494	3
2494	4
2503	3
2503	2
2503	5
2503	1
1336	7
606	6
606	5
1336	5
606	4
926	7
1336	6
606	3
926	6
1336	3
926	5
1336	4
926	4
1336	1
926	3
1336	2
606	7
926	1
189	3
926	2
189	2
189	7
2287	6
189	6
2287	7
606	2
189	5
189	4
2287	2
2287	3
2287	4
2287	5
2287	1
607	7
607	6
607	1
607	3
607	2
607	5
607	4
1338	1
1338	2
608	7
608	6
608	5
1338	5
608	4
608	3
1338	3
608	2
1338	4
608	1
187	7
187	6
187	5
187	4
187	3
187	2
609	1
609	3
2290	7
609	2
1339	1
2290	2
2290	1
2290	6
2290	5
2290	4
2290	3
188	6
188	5
188	7
188	2
1338	7
188	1
2503	6
188	4
2503	7
188	3
1874	4
2284	1
1874	3
2284	2
1874	6
1874	5
2284	4
1874	2
1874	1
923	1
2284	5
1874	7
2284	6
603	1
2284	7
2499	1
1339	6
1339	7
602	7
1339	4
1339	5
1339	2
922	7
1339	3
2499	7
2499	6
2499	3
2499	2
2499	5
2499	4
2974	7
2974	6
2974	5
2974	4
2974	3
923	7
1340	1
603	3
923	6
1340	2
603	2
1340	3
603	5
603	4
923	3
603	7
923	2
603	6
923	5
923	4
2974	1
2974	2
1340	5
1340	6
1340	7
191	5
191	4
191	3
191	2
921	2
191	1
921	3
921	1
921	6
921	7
921	5
191	7
191	6
604	4
604	3
604	2
604	1
1872	1
1341	2
2973	1
1872	2
1341	3
1872	3
2973	3
1872	4
1341	1
2973	4
1872	5
2973	5
1872	6
1341	7
604	7
2973	6
1872	7
1341	4
604	6
2973	7
1341	5
604	5
922	1
922	2
922	3
922	4
922	5
922	6
605	5
605	4
605	7
605	6
605	1
605	3
605	2
2978	7
2978	6
2280	7
2978	5
2978	4
2280	5
2978	3
2280	6
2978	2
2280	3
2978	1
2280	4
2280	1
2280	2
613	3
613	2
613	5
613	4
613	7
613	6
2281	4
2281	5
2281	6
2281	7
2281	1
2281	2
1344	7
614	6
2509	4
614	5
2509	7
1344	5
614	4
2509	6
1344	6
614	3
2509	1
1344	3
1344	4
2509	3
2509	2
1344	2
614	7
614	2
614	1
2511	6
2511	7
2511	1
2511	4
2511	5
2511	2
2511	3
195	7
195	6
195	5
195	3
195	2
195	1
2283	3
2283	2
2283	5
2283	4
2283	7
2283	6
1346	3
609	5
609	4
1346	5
609	7
1346	6
609	6
929	5
929	4
929	7
1346	1
929	6
1346	2
1346	7
2982	2
2277	6
2982	1
2277	7
2277	4
2277	5
2277	2
2277	1
2982	7
2982	5
2982	4
2982	3
610	2
610	1
610	6
610	5
610	4
610	3
610	7
611	1
1865	2
1865	3
1865	1
1865	6
611	7
1865	7
1865	4
1865	5
611	3
611	2
611	5
611	4
198	2
198	7
2279	1
198	4
2279	4
198	3
2279	5
198	6
2279	2
198	5
2279	7
2279	6
612	4
612	3
1866	1
612	2
1866	2
1866	3
1866	4
2507	1
1866	5
1866	6
2507	2
1349	3
2507	3
1349	2
1866	7
2507	4
1349	1
2507	6
1349	7
612	7
2507	7
1349	6
1349	5
612	5
1349	4
612	6
929	2
929	3
929	1
