1728	540	1.0
1238	1199	1.0
701	20	1.0
221	563	1.0
1737	212	1.0
232	130	1.0
213	835	1.0
216	726	1.0
1252	673	1.0
196	1471	1.0
216	730	1.0
657	1632	1.0
209	994	1.0
676	901	1.0
1740	65	1.0
1739	102	1.0
231	150	1.0
1266	127	1.0
235	5	1.0
1735	246	1.0
1218	1917	1.0
696	170	1.0
1718	884	1.0
216	718	1.0
696	172	1.0
688	468	1.0
678	812	1.0
221	509	1.0
229	212	1.0
1727	540	1.0
1704	1386	1.0
690	490	1.0
1739	177	1.0
1739	180	1.0
1265	120	1.0
1237	1157	1.0
698	175	1.0
230	148	1.0
695	266	1.0
696	226	1.0
701	40	1.0
696	224	1.0
218	567	1.0
229	172	1.0
695	252	1.0
1264	132	1.0
683	698	1.0
1267	22	1.0
227	212	1.0
1262	445	1.0
216	607	1.0
1237	1347	1.0
1229	1646	1.0
216	596	1.0
701	126	1.0
1237	1341	1.0
191	1512	1.0
1237	1342	1.0
199	1215	1.0
1237	1339	1.0
1736	92	1.0
222	357	1.0
688	587	1.0
210	805	1.0
216	575	1.0
206	932	1.0
1734	143	1.0
1737	29	1.0
1733	177	1.0
686	649	1.0
1237	1304	1.0
225	226	1.0
196	1298	1.0
230	36	1.0
1740	33	1.0
1237	1302	1.0
226	170	1.0
686	746	1.0
1269	109	1.0
227	122	1.0
222	307	1.0
688	667	1.0
218	449	1.0
1237	1276	1.0
222	297	1.0
701	170	1.0
205	921	1.0
700	202	1.0
1237	1262	1.0
1270	40	1.0
701	153	1.0
686	707	1.0
669	1433	1.0
237	202	1.0
703	173	1.0
224	681	1.0
238	172	1.0
1734	577	1.0
242	33	1.0
238	181	1.0
242	31	1.0
235	290	1.0
196	1733	1.0
233	370	1.0
238	183	1.0
235	302	1.0
241	20	1.0
673	1252	1.0
693	522	1.0
1733	570	1.0
236	219	1.0
1748	14	1.0
241	36	1.0
1748	20	1.0
706	54	1.0
1746	109	1.0
1740	325	1.0
677	1131	1.0
216	914	1.0
216	912	1.0
1750	36	1.0
1747	147	1.0
1735	590	1.0
214	994	1.0
706	155	1.0
688	821	1.0
706	98	1.0
686	834	1.0
1704	1707	1.0
1748	80	1.0
696	485	1.0
686	854	1.0
240	14	1.0
216	898	1.0
698	418	1.0
1745	208	1.0
238	92	1.0
684	1015	1.0
1743	103	1.0
688	870	1.0
688	859	1.0
1275	194	1.0
232	260	1.0
1273	297	1.0
1280	36	1.0
695	615	1.0
231	311	1.0
1272	287	1.0
218	755	1.0
1237	1578	1.0
238	16	1.0
1726	695	1.0
686	905	1.0
1740	203	1.0
238	29	1.0
1280	1	1.0
238	18	1.0
238	20	1.0
688	844	1.0
1744	40	1.0
1274	179	1.0
678	1297	1.0
1746	49	1.0
1741	237	1.0
221	602	1.0
683	1135	1.0
1237	1565	1.0
214	884	1.0
675	1421	1.0
1743	173	1.0
216	803	1.0
1271	297	1.0
233	172	1.0
667	1673	1.0
1743	125	1.0
1244	1245	1.0
195	1534	1.0
1755	20	1.0
218	122	1.0
1755	21	1.0
678	326	1.0
221	20	1.0
216	205	1.0
1755	29	1.0
1755	30	1.0
1262	773	1.0
216	181	1.0
212	327	1.0
671	571	1.0
1754	47	1.0
1269	520	1.0
678	307	1.0
1280	117	1.0
1755	49	1.0
1737	716	1.0
210	452	1.0
678	347	1.0
218	150	1.0
216	224	1.0
218	162	1.0
683	172	1.0
1755	63	1.0
1755	36	1.0
219	104	1.0
221	29	1.0
1755	39	1.0
221	36	1.0
222	1	1.0
218	143	1.0
1755	85	1.0
1755	83	1.0
216	135	1.0
1237	1649	1.0
687	49	1.0
197	841	1.0
676	462	1.0
210	362	1.0
191	1066	1.0
681	253	1.0
673	549	1.0
678	365	1.0
180	1446	1.0
683	181	1.0
218	49	1.0
216	120	1.0
197	823	1.0
216	127	1.0
218	86	1.0
218	90	1.0
197	868	1.0
218	93	1.0
216	169	1.0
688	51	1.0
216	171	1.0
194	985	1.0
688	25	1.0
678	398	1.0
197	851	1.0
653	1326	1.0
216	150	1.0
172	1783	1.0
218	83	1.0
688	38	1.0
173	1749	1.0
210	300	1.0
217	36	1.0
210	295	1.0
216	72	1.0
216	71	1.0
216	68	1.0
1750	78	1.0
191	985	1.0
191	982	1.0
1256	1122	1.0
214	127	1.0
194	865	1.0
689	20	1.0
214	122	1.0
216	109	1.0
688	117	1.0
1280	290	1.0
1276	440	1.0
216	104	1.0
218	33	1.0
1249	1441	1.0
214	175	1.0
197	804	1.0
218	29	1.0
218	22	1.0
216	96	1.0
215	135	1.0
686	172	1.0
199	720	1.0
216	85	1.0
651	1464	1.0
175	1604	1.0
1752	20	1.0
690	72	1.0
194	828	1.0
678	510	1.0
196	735	1.0
206	362	1.0
1750	132	1.0
1278	253	1.0
1284	28	1.0
210	209	1.0
209	246	1.0
210	206	1.0
689	83	1.0
1280	172	1.0
211	173	1.0
207	321	1.0
210	211	1.0
210	269	1.0
689	135	1.0
196	779	1.0
667	939	1.0
210	238	1.0
672	750	1.0
1758	150	1.0
1718	1634	1.0
675	676	1.0
689	170	1.0
678	577	1.0
222	226	1.0
1723	1462	1.0
197	1152	1.0
194	1276	1.0
677	615	1.0
653	1506	1.0
688	222	1.0
1755	295	1.0
676	675	1.0
1290	36	1.0
197	1175	1.0
678	606	1.0
216	483	1.0
689	196	1.0
678	611	1.0
226	118	1.0
197	1191	1.0
214	563	1.0
1755	326	1.0
683	434	1.0
1276	444	1.0
1276	445	1.0
198	1044	1.0
218	307	1.0
657	1412	1.0
682	486	1.0
1762	84	1.0
207	720	1.0
688	272	1.0
678	645	1.0
222	172	1.0
683	463	1.0
180	1739	1.0
216	406	1.0
219	294	1.0
689	252	1.0
1756	328	1.0
216	415	1.0
1755	363	1.0
216	418	1.0
688	297	1.0
1276	507	1.0
216	425	1.0
678	680	1.0
1286	276	1.0
218	240	1.0
222	86	1.0
656	1500	1.0
678	689	1.0
1262	1157	1.0
681	577	1.0
213	415	1.0
210	526	1.0
210	528	1.0
177	1776	1.0
224	39	1.0
1282	440	1.0
1282	441	1.0
686	410	1.0
1282	442	1.0
216	328	1.0
222	109	1.0
1282	444	1.0
221	139	1.0
1291	100	1.0
180	1655	1.0
1282	456	1.0
198	1011	1.0
678	721	1.0
678	719	1.0
218	264	1.0
678	716	1.0
195	1114	1.0
221	181	1.0
698	1	1.0
1755	189	1.0
220	212	1.0
1755	180	1.0
221	173	1.0
221	172	1.0
1755	177	1.0
209	614	1.0
1261	1246	1.0
219	242	1.0
221	64	1.0
1284	291	1.0
695	127	1.0
216	253	1.0
1263	1061	1.0
221	69	1.0
195	1018	1.0
680	678	1.0
221	86	1.0
1759	68	1.0
210	481	1.0
222	36	1.0
688	396	1.0
218	208	1.0
221	98	1.0
218	209	1.0
1267	951	1.0
218	212	1.0
216	284	1.0
210	506	1.0
1759	80	1.0
196	1016	1.0
218	223	1.0
216	297	1.0
218	222	1.0
177	1739	1.0
177	1733	1.0
1290	109	1.0
221	110	1.0
218	221	1.0
218	220	1.0
216	293	1.0
1262	1275	1.0
1262	1276	1.0
252	372	1.0
239	853	1.0
652	868	1.0
243	706	1.0
260	78	1.0
1262	1280	1.0
251	412	1.0
251	405	1.0
1286	380	1.0
224	1402	1.0
671	155	1.0
1713	127	1.0
248	506	1.0
246	577	1.0
1275	773	1.0
239	830	1.0
672	107	1.0
253	310	1.0
258	122	1.0
251	381	1.0
657	655	1.0
243	678	1.0
259	83	1.0
670	170	1.0
258	119	1.0
1272	856	1.0
652	819	1.0
248	470	1.0
239	799	1.0
671	102	1.0
667	251	1.0
653	774	1.0
1262	1341	1.0
1298	8	1.0
671	96	1.0
669	170	1.0
1296	79	1.0
259	173	1.0
1297	38	1.0
1700	551	1.0
651	830	1.0
649	905	1.0
1269	1060	1.0
233	1115	1.0
1297	20	1.0
669	144	1.0
261	71	1.0
218	1666	1.0
257	213	1.0
1262	1302	1.0
233	1106	1.0
669	127	1.0
668	170	1.0
258	172	1.0
1276	773	1.0
669	126	1.0
1262	1282	1.0
678	33	1.0
676	107	1.0
242	607	1.0
250	313	1.0
253	212	1.0
678	39	1.0
647	1186	1.0
1298	72	1.0
248	398	1.0
1665	1763	1.0
1297	87	1.0
649	1098	1.0
251	271	1.0
1276	872	1.0
678	20	1.0
1269	1103	1.0
242	579	1.0
1665	1751	1.0
660	661	1.0
678	8	1.0
253	181	1.0
653	929	1.0
207	1880	1.0
678	5	1.0
671	242	1.0
254	128	1.0
254	129	1.0
1269	1096	1.0
242	571	1.0
1298	29	1.0
649	1060	1.0
253	266	1.0
252	310	1.0
260	17	1.0
667	353	1.0
1300	39	1.0
1706	194	1.0
238	815	1.0
260	2	1.0
260	3	1.0
259	12	1.0
214	1677	1.0
251	307	1.0
657	707	1.0
259	9	1.0
251	309	1.0
244	575	1.0
653	863	1.0
248	425	1.0
255	172	1.0
673	127	1.0
259	21	1.0
1705	194	1.0
253	222	1.0
647	1071	1.0
253	226	1.0
263	209	1.0
268	22	1.0
221	1761	1.0
263	205	1.0
258	385	1.0
1718	212	1.0
250	709	1.0
251	669	1.0
262	263	1.0
251	667	1.0
678	164	1.0
1259	1634	1.0
268	33	1.0
1281	826	1.0
254	511	1.0
1300	80	1.0
1294	290	1.0
679	74	1.0
263	172	1.0
250	647	1.0
677	172	1.0
1284	688	1.0
671	392	1.0
1280	839	1.0
267	39	1.0
678	128	1.0
679	86	1.0
679	87	1.0
269	50	1.0
678	83	1.0
268	90	1.0
678	87	1.0
673	272	1.0
1718	129	1.0
653	1002	1.0
263	262	1.0
233	1372	1.0
268	83	1.0
666	522	1.0
241	1080	1.0
233	1376	1.0
1298	267	1.0
258	470	1.0
221	1840	1.0
269	69	1.0
267	143	1.0
653	1029	1.0
1298	263	1.0
239	1165	1.0
240	1135	1.0
1686	1323	1.0
678	94	1.0
252	689	1.0
267	92	1.0
1297	258	1.0
268	54	1.0
254	575	1.0
254	577	1.0
1300	143	1.0
678	46	1.0
674	194	1.0
267	86	1.0
678	48	1.0
268	70	1.0
678	71	1.0
269	36	1.0
678	72	1.0
266	135	1.0
657	838	1.0
677	101	1.0
216	1812	1.0
263	72	1.0
241	883	1.0
1300	243	1.0
1718	75	1.0
1718	85	1.0
253	468	1.0
1300	253	1.0
264	58	1.0
260	206	1.0
1292	492	1.0
669	568	1.0
678	237	1.0
264	12	1.0
1282	873	1.0
1298	280	1.0
678	243	1.0
678	242	1.0
238	985	1.0
251	497	1.0
1717	86	1.0
1298	295	1.0
257	284	1.0
675	370	1.0
678	205	1.0
240	985	1.0
671	468	1.0
675	318	1.0
258	327	1.0
653	1141	1.0
679	177	1.0
253	522	1.0
1276	1200	1.0
259	297	1.0
678	224	1.0
657	1002	1.0
264	117	1.0
266	49	1.0
1295	505	1.0
1276	1209	1.0
266	51	1.0
264	125	1.0
673	355	1.0
1712	190	1.0
265	30	1.0
1708	334	1.0
678	177	1.0
1301	226	1.0
682	30	1.0
678	180	1.0
1276	1157	1.0
260	232	1.0
678	196	1.0
263	128	1.0
264	92	1.0
653	1126	1.0
243	168	1.0
1276	1233	1.0
203	1634	1.0
647	508	1.0
1304	194	1.0
660	25	1.0
653	272	1.0
241	226	1.0
242	186	1.0
1726	117	1.0
1724	190	1.0
238	328	1.0
246	83	1.0
1276	1275	1.0
657	178	1.0
658	127	1.0
1275	1302	1.0
1729	51	1.0
639	835	1.0
1276	1262	1.0
1296	516	1.0
199	1806	1.0
243	181	1.0
218	1097	1.0
611	1854	1.0
1714	520	1.0
1276	1302	1.0
1306	197	1.0
639	733	1.0
241	280	1.0
1276	1277	1.0
655	127	1.0
653	201	1.0
1276	1282	1.0
1276	1280	1.0
1718	350	1.0
1312	1	1.0
242	297	1.0
241	334	1.0
221	1068	1.0
1309	109	1.0
1311	15	1.0
242	65	1.0
239	176	1.0
645	706	1.0
238	210	1.0
662	86	1.0
659	197	1.0
1276	1342	1.0
242	50	1.0
237	235	1.0
1276	1341	1.0
242	51	1.0
242	54	1.0
243	21	1.0
238	206	1.0
244	20	1.0
196	1799	1.0
240	172	1.0
238	246	1.0
657	297	1.0
1298	577	1.0
1722	194	1.0
1302	440	1.0
242	104	1.0
1302	441	1.0
241	116	1.0
1726	25	1.0
242	84	1.0
242	85	1.0
653	434	1.0
241	127	1.0
238	240	1.0
652	385	1.0
242	129	1.0
233	462	1.0
241	164	1.0
196	1842	1.0
1282	1209	1.0
197	1801	1.0
1721	136	1.0
243	80	1.0
204	1521	1.0
1302	442	1.0
1280	1262	1.0
652	364	1.0
662	7	1.0
657	191	1.0
1719	190	1.0
243	84	1.0
1302	454	1.0
243	125	1.0
243	128	1.0
1720	194	1.0
230	608	1.0
1297	681	1.0
221	937	1.0
1312	127	1.0
1282	1237	1.0
246	20	1.0
245	36	1.0
662	32	1.0
237	334	1.0
657	213	1.0
196	1857	1.0
196	1859	1.0
240	226	1.0
196	1855	1.0
253	36	1.0
244	370	1.0
242	431	1.0
253	25	1.0
251	101	1.0
1302	507	1.0
252	87	1.0
1282	1276	1.0
253	51	1.0
1736	20	1.0
251	117	1.0
1282	1262	1.0
649	707	1.0
251	144	1.0
657	418	1.0
654	514	1.0
1735	72	1.0
1281	1317	1.0
252	98	1.0
253	60	1.0
206	1820	1.0
233	822	1.0
239	597	1.0
252	117	1.0
1737	20	1.0
1282	1302	1.0
241	522	1.0
250	186	1.0
251	173	1.0
242	506	1.0
1734	20	1.0
240	577	1.0
251	172	1.0
650	577	1.0
205	1863	1.0
1733	71	1.0
1733	72	1.0
253	117	1.0
1282	1340	1.0
643	846	1.0
253	109	1.0
209	1733	1.0
254	69	1.0
230	985	1.0
1715	754	1.0
240	612	1.0
1735	20	1.0
253	126	1.0
251	198	1.0
653	492	1.0
254	86	1.0
251	197	1.0
1307	444	1.0
1307	441	1.0
209	1776	1.0
1282	1366	1.0
246	404	1.0
1300	707	1.0
255	72	1.0
254	105	1.0
252	177	1.0
253	135	1.0
243	267	1.0
1282	1377	1.0
666	172	1.0
237	497	1.0
240	388	1.0
1318	51	1.0
214	1352	1.0
1313	238	1.0
238	467	1.0
242	327	1.0
671	8	1.0
1733	8	1.0
1718	574	1.0
251	1	1.0
1733	20	1.0
1312	297	1.0
243	307	1.0
214	1382	1.0
242	347	1.0
649	854	1.0
246	212	1.0
1307	507	1.0
250	72	1.0
241	412	1.0
1731	9	1.0
1318	127	1.0
251	60	1.0
643	991	1.0
243	365	1.0
658	434	1.0
657	467	1.0
251	75	1.0
243	372	1.0
252	51	1.0
242	415	1.0
1732	8	1.0
246	280	1.0
253	20	1.0
1322	15	1.0
284	135	1.0
755	172	1.0
1186	1185	1.0
253	1300	1.0
285	117	1.0
1677	214	1.0
1214	127	1.0
284	101	1.0
281	212	1.0
746	483	1.0
284	93	1.0
280	241	1.0
1634	1792	1.0
1208	336	1.0
1634	1820	1.0
1217	34	1.0
755	155	1.0
272	554	1.0
284	109	1.0
1636	1735	1.0
727	1196	1.0
266	738	1.0
1186	1132	1.0
745	632	1.0
273	492	1.0
752	370	1.0
762	1	1.0
284	86	1.0
1204	468	1.0
1634	1905	1.0
1214	100	1.0
748	515	1.0
269	633	1.0
1684	15	1.0
738	843	1.0
284	36	1.0
1208	284	1.0
1214	51	1.0
1208	272	1.0
284	33	1.0
1186	1090	1.0
757	127	1.0
1650	1289	1.0
284	58	1.0
280	206	1.0
739	821	1.0
1634	1878	1.0
755	226	1.0
284	51	1.0
284	50	1.0
280	197	1.0
755	218	1.0
244	1734	1.0
1634	1962	1.0
1196	698	1.0
1210	181	1.0
1204	411	1.0
1208	270	1.0
1635	1939	1.0
1643	1644	1.0
1208	266	1.0
287	172	1.0
750	194	1.0
710	1674	1.0
748	272	1.0
1208	222	1.0
285	191	1.0
237	1973	1.0
287	127	1.0
290	17	1.0
755	30	1.0
755	36	1.0
285	156	1.0
1685	127	1.0
1654	1274	1.0
1210	107	1.0
284	191	1.0
280	339	1.0
275	524	1.0
1635	1983	1.0
266	865	1.0
746	449	1.0
1208	194	1.0
755	127	1.0
726	1148	1.0
1198	519	1.0
267	807	1.0
1683	194	1.0
746	433	1.0
267	811	1.0
755	99	1.0
1681	272	1.0
1221	173	1.0
1208	653	1.0
759	302	1.0
765	86	1.0
278	630	1.0
274	771	1.0
265	1094	1.0
294	25	1.0
265	1095	1.0
287	272	1.0
293	51	1.0
748	676	1.0
1655	1297	1.0
1655	1300	1.0
716	1862	1.0
766	14	1.0
290	155	1.0
292	80	1.0
748	675	1.0
243	1874	1.0
752	514	1.0
280	509	1.0
284	362	1.0
280	511	1.0
1669	754	1.0
716	1842	1.0
1208	587	1.0
766	109	1.0
280	490	1.0
267	971	1.0
284	334	1.0
746	834	1.0
246	1735	1.0
766	93	1.0
1198	942	1.0
755	496	1.0
290	101	1.0
1221	86	1.0
748	750	1.0
1221	83	1.0
1663	1063	1.0
768	7	1.0
752	599	1.0
719	1820	1.0
760	297	1.0
1209	507	1.0
243	1820	1.0
765	102	1.0
765	101	1.0
1186	1355	1.0
273	699	1.0
1186	1354	1.0
755	465	1.0
278	515	1.0
1218	173	1.0
283	327	1.0
1219	127	1.0
746	649	1.0
269	1085	1.0
280	679	1.0
1186	1337	1.0
719	1658	1.0
290	287	1.0
292	212	1.0
295	105	1.0
755	307	1.0
284	522	1.0
263	1298	1.0
1674	710	1.0
1209	444	1.0
1198	853	1.0
746	620	1.0
287	388	1.0
266	1165	1.0
1198	863	1.0
258	1464	1.0
755	291	1.0
759	117	1.0
295	69	1.0
297	1	1.0
762	14	1.0
294	120	1.0
727	1420	1.0
727	1418	1.0
762	119	1.0
1218	87	1.0
290	251	1.0
762	127	1.0
294	98	1.0
762	109	1.0
294	77	1.0
1172	1772	1.0
746	707	1.0
1172	1776	1.0
755	370	1.0
761	127	1.0
278	655	1.0
284	428	1.0
280	577	1.0
274	801	1.0
742	839	1.0
295	33	1.0
295	36	1.0
746	686	1.0
290	194	1.0
1216	107	1.0
743	785	1.0
743	786	1.0
280	575	1.0
1175	1634	1.0
1215	155	1.0
269	143	1.0
1198	1221	1.0
264	326	1.0
266	251	1.0
238	1313	1.0
1201	1137	1.0
272	51	1.0
268	197	1.0
1208	866	1.0
1221	388	1.0
1221	410	1.0
268	208	1.0
268	209	1.0
1202	1128	1.0
739	271	1.0
267	263	1.0
224	1854	1.0
1225	272	1.0
743	120	1.0
267	153	1.0
242	1084	1.0
739	284	1.0
266	182	1.0
744	96	1.0
269	72	1.0
264	275	1.0
253	681	1.0
736	412	1.0
739	302	1.0
1655	1634	1.0
233	1445	1.0
1223	272	1.0
271	31	1.0
233	1460	1.0
264	312	1.0
267	206	1.0
241	1167	1.0
251	799	1.0
267	196	1.0
270	87	1.0
739	334	1.0
1208	834	1.0
736	206	1.0
732	355	1.0
259	633	1.0
1697	109	1.0
726	585	1.0
739	101	1.0
1220	290	1.0
739	99	1.0
267	347	1.0
740	75	1.0
1225	107	1.0
251	950	1.0
241	1315	1.0
251	959	1.0
1208	746	1.0
267	365	1.0
739	127	1.0
723	719	1.0
269	295	1.0
1700	33	1.0
731	428	1.0
268	362	1.0
264	384	1.0
1203	855	1.0
1203	853	1.0
243	1175	1.0
739	172	1.0
1700	69	1.0
1223	127	1.0
272	122	1.0
1700	84	1.0
1214	467	1.0
1700	87	1.0
267	313	1.0
741	122	1.0
258	648	1.0
275	22	1.0
272	135	1.0
264	433	1.0
699	1688	1.0
736	321	1.0
273	272	1.0
269	415	1.0
267	489	1.0
736	606	1.0
280	7	1.0
273	266	1.0
1237	51	1.0
1700	126	1.0
278	72	1.0
1700	127	1.0
721	1146	1.0
275	172	1.0
1657	1767	1.0
280	38	1.0
748	190	1.0
1198	1517	1.0
745	297	1.0
1699	194	1.0
280	29	1.0
1214	929	1.0
236	1655	1.0
750	107	1.0
280	20	1.0
748	174	1.0
251	1092	1.0
749	136	1.0
1208	1140	1.0
258	831	1.0
263	575	1.0
263	577	1.0
266	468	1.0
1698	276	1.0
1232	175	1.0
267	424	1.0
243	1297	1.0
734	735	1.0
1231	200	1.0
275	120	1.0
727	981	1.0
1216	750	1.0
1700	180	1.0
739	541	1.0
1681	886	1.0
753	25	1.0
1237	30	1.0
251	1044	1.0
735	734	1.0
263	590	1.0
278	30	1.0
283	20	1.0
275	326	1.0
242	1543	1.0
272	434	1.0
1700	246	1.0
727	792	1.0
280	125	1.0
1688	699	1.0
727	803	1.0
278	194	1.0
746	138	1.0
284	14	1.0
280	172	1.0
739	405	1.0
280	173	1.0
280	170	1.0
284	20	1.0
280	169	1.0
258	965	1.0
744	199	1.0
237	1741	1.0
284	1	1.0
253	1147	1.0
1700	280	1.0
1215	764	1.0
1190	1599	1.0
266	582	1.0
1706	107	1.0
1230	127	1.0
279	109	1.0
1697	448	1.0
748	107	1.0
280	78	1.0
275	264	1.0
279	85	1.0
736	522	1.0
278	127	1.0
739	415	1.0
733	639	1.0
278	132	1.0
748	127	1.0
267	579	1.0
267	577	1.0
1668	1542	1.0
1208	960	1.0
280	107	1.0
736	577	1.0
1219	563	1.0
280	109	1.0
750	36	1.0
280	90	1.0
267	569	1.0
1702	276	1.0
267	575	1.0
1209	1302	1.0
1209	1307	1.0
307	254	1.0
297	624	1.0
1237	272	1.0
313	29	1.0
267	1731	1.0
1208	1352	1.0
307	206	1.0
302	388	1.0
290	844	1.0
727	222	1.0
732	36	1.0
307	222	1.0
727	230	1.0
297	587	1.0
1652	190	1.0
1208	1323	1.0
310	120	1.0
302	415	1.0
688	1682	1.0
263	1855	1.0
280	1298	1.0
1655	24	1.0
313	86	1.0
313	92	1.0
313	93	1.0
292	870	1.0
705	1015	1.0
732	20	1.0
1214	1199	1.0
1223	863	1.0
267	1807	1.0
307	271	1.0
688	1596	1.0
284	1124	1.0
699	1199	1.0
309	203	1.0
716	575	1.0
716	577	1.0
1655	20	1.0
726	216	1.0
267	1774	1.0
1242	127	1.0
274	1590	1.0
1237	127	1.0
307	366	1.0
300	624	1.0
698	1196	1.0
310	253	1.0
310	252	1.0
314	125	1.0
1226	554	1.0
1655	236	1.0
267	1860	1.0
1235	178	1.0
726	132	1.0
316	7	1.0
313	118	1.0
314	80	1.0
707	834	1.0
716	497	1.0
1237	99	1.0
1236	136	1.0
727	86	1.0
1237	121	1.0
307	358	1.0
1208	1199	1.0
290	985	1.0
1213	1000	1.0
284	1196	1.0
1237	203	1.0
724	173	1.0
267	1915	1.0
1237	200	1.0
1237	201	1.0
314	181	1.0
720	316	1.0
267	1910	1.0
315	136	1.0
316	98	1.0
314	172	1.0
318	42	1.0
727	80	1.0
1655	180	1.0
1655	170	1.0
313	222	1.0
1237	173	1.0
678	1844	1.0
1658	20	1.0
695	1213	1.0
678	1842	1.0
267	1882	1.0
726	72	1.0
725	107	1.0
688	1476	1.0
678	1847	1.0
313	173	1.0
678	1834	1.0
710	651	1.0
678	1835	1.0
267	1873	1.0
678	1841	1.0
267	1878	1.0
726	86	1.0
735	226	1.0
267	1988	1.0
290	1136	1.0
731	370	1.0
321	2	1.0
736	194	1.0
1243	290	1.0
736	170	1.0
310	378	1.0
294	985	1.0
733	290	1.0
735	196	1.0
292	1029	1.0
736	164	1.0
316	153	1.0
1237	507	1.0
708	1196	1.0
314	202	1.0
1622	1538	1.0
307	470	1.0
1237	492	1.0
292	1126	1.0
736	127	1.0
307	575	1.0
1227	976	1.0
1221	1198	1.0
728	425	1.0
1660	98	1.0
1248	172	1.0
1207	1688	1.0
1248	170	1.0
735	127	1.0
719	723	1.0
729	357	1.0
284	1372	1.0
321	7	1.0
321	8	1.0
318	122	1.0
314	271	1.0
736	86	1.0
314	388	1.0
1208	1482	1.0
1655	494	1.0
278	1716	1.0
1665	117	1.0
314	375	1.0
736	51	1.0
321	105	1.0
302	803	1.0
1239	302	1.0
736	36	1.0
291	1199	1.0
1666	49	1.0
736	25	1.0
707	1098	1.0
707	1100	1.0
707	1099	1.0
721	577	1.0
707	1096	1.0
1665	79	1.0
314	334	1.0
292	1148	1.0
736	8	1.0
318	181	1.0
736	2	1.0
301	927	1.0
311	563	1.0
732	153	1.0
1651	573	1.0
1246	135	1.0
293	1215	1.0
1665	49	1.0
715	761	1.0
316	362	1.0
1665	42	1.0
732	129	1.0
1237	444	1.0
1241	287	1.0
727	297	1.0
1248	27	1.0
719	582	1.0
314	401	1.0
316	326	1.0
1665	12	1.0
1248	17	1.0
1665	14	1.0
314	405	1.0
1665	7	1.0
719	575	1.0
1665	9	1.0
720	540	1.0
716	689	1.0
319	212	1.0
717	72	1.0
716	109	1.0
283	584	1.0
295	143	1.0
252	1739	1.0
1224	1225	1.0
280	701	1.0
1665	218	1.0
1237	758	1.0
283	593	1.0
1252	198	1.0
297	86	1.0
299	9	1.0
715	178	1.0
1237	774	1.0
1253	181	1.0
1665	240	1.0
1225	1226	1.0
1665	238	1.0
1248	370	1.0
294	219	1.0
292	293	1.0
1665	243	1.0
1660	441	1.0
290	375	1.0
292	302	1.0
300	8	1.0
716	170	1.0
710	392	1.0
1665	253	1.0
716	49	1.0
299	49	1.0
295	197	1.0
275	938	1.0
288	470	1.0
297	135	1.0
295	210	1.0
1667	71	1.0
1665	143	1.0
295	205	1.0
1665	148	1.0
696	804	1.0
284	624	1.0
1665	155	1.0
1256	127	1.0
284	630	1.0
710	291	1.0
278	863	1.0
716	83	1.0
1642	1024	1.0
696	824	1.0
1665	182	1.0
688	1143	1.0
295	254	1.0
280	811	1.0
699	619	1.0
686	1100	1.0
709	250	1.0
295	269	1.0
302	14	1.0
267	1298	1.0
688	1017	1.0
686	1096	1.0
702	502	1.0
1221	1199	1.0
292	396	1.0
1665	352	1.0
300	93	1.0
1671	119	1.0
296	247	1.0
1665	366	1.0
301	85	1.0
300	109	1.0
300	110	1.0
698	683	1.0
678	1425	1.0
303	3	1.0
266	1372	1.0
1675	15	1.0
301	98	1.0
299	173	1.0
300	126	1.0
678	1439	1.0
300	128	1.0
1237	655	1.0
681	1330	1.0
295	316	1.0
1252	127	1.0
678	1330	1.0
290	516	1.0
1665	286	1.0
1666	253	1.0
676	1421	1.0
701	516	1.0
283	809	1.0
283	811	1.0
295	362	1.0
278	990	1.0
303	62	1.0
300	173	1.0
686	1060	1.0
301	164	1.0
278	1017	1.0
300	197	1.0
1665	307	1.0
294	415	1.0
699	594	1.0
300	229	1.0
678	1800	1.0
278	1018	1.0
305	20	1.0
723	107	1.0
1672	194	1.0
688	1407	1.0
300	210	1.0
284	803	1.0
1237	1002	1.0
678	1820	1.0
678	1818	1.0
1665	501	1.0
678	1822	1.0
688	1453	1.0
678	1829	1.0
678	1827	1.0
678	1832	1.0
678	1831	1.0
680	1735	1.0
1678	15	1.0
678	1816	1.0
727	1	1.0
1665	404	1.0
716	321	1.0
710	544	1.0
1665	405	1.0
707	649	1.0
720	169	1.0
721	143	1.0
678	1734	1.0
307	33	1.0
307	36	1.0
300	295	1.0
302	194	1.0
287	750	1.0
278	1083	1.0
719	202	1.0
297	388	1.0
703	791	1.0
1666	398	1.0
707	686	1.0
297	428	1.0
678	1766	1.0
307	69	1.0
264	1658	1.0
723	98	1.0
307	48	1.0
1254	463	1.0
720	199	1.0
695	1124	1.0
714	419	1.0
1248	695	1.0
1248	485	1.0
1634	1755	1.0
302	284	1.0
1260	36	1.0
260	1842	1.0
1665	606	1.0
719	143	1.0
307	93	1.0
722	36	1.0
1651	1110	1.0
260	1820	1.0
307	83	1.0
678	1655	1.0
1237	872	1.0
1237	873	1.0
688	1287	1.0
273	1345	1.0
1237	863	1.0
722	20	1.0
1237	865	1.0
284	982	1.0
307	132	1.0
306	166	1.0
308	98	1.0
295	577	1.0
719	173	1.0
1674	290	1.0
1237	906	1.0
302	297	1.0
292	667	1.0
300	370	1.0
308	129	1.0
298	499	1.0
1259	144	1.0
307	164	1.0
1647	1199	1.0
1258	173	1.0
1646	1229	1.0
302	331	1.0
295	590	1.0
1665	530	1.0
1259	127	1.0
1257	202	1.0
1237	929	1.0
307	144	1.0
716	172	1.0
310	87	1.0
678	1634	1.0
1665	565	1.0
1636	1636	1.0
310	79	1.0
688	1255	1.0
304	291	1.0
688	1246	1.0
301	398	1.0
306	212	1.0
719	98	1.0
720	59	1.0
720	57	1.0
1617	755	1.0
351	49	1.0
1147	673	1.0
332	754	1.0
1634	129	1.0
337	570	1.0
1990	86	1.0
332	758	1.0
1154	428	1.0
792	957	1.0
347	206	1.0
1146	721	1.0
1977	577	1.0
1165	30	1.0
331	803	1.0
1162	135	1.0
1983	350	1.0
792	979	1.0
1144	821	1.0
1983	372	1.0
806	465	1.0
1141	929	1.0
816	93	1.0
792	981	1.0
345	309	1.0
1126	1495	1.0
1635	134	1.0
347	242	1.0
812	264	1.0
347	254	1.0
819	14	1.0
334	615	1.0
346	172	1.0
346	173	1.0
792	1009	1.0
347	129	1.0
1161	98	1.0
350	20	1.0
1939	1915	1.0
819	30	1.0
815	173	1.0
1132	1186	1.0
341	381	1.0
1947	1634	1.0
811	350	1.0
1939	1940	1.0
1148	619	1.0
1640	18	1.0
1630	388	1.0
349	109	1.0
1135	1106	1.0
818	109	1.0
346	226	1.0
1634	8	1.0
1939	1839	1.0
301	1773	1.0
1634	28	1.0
794	1028	1.0
815	238	1.0
1945	1634	1.0
786	1310	1.0
1634	20	1.0
347	84	1.0
347	85	1.0
786	1316	1.0
1939	1878	1.0
1635	7	1.0
341	328	1.0
1635	2	1.0
1154	582	1.0
792	1106	1.0
332	655	1.0
1974	577	1.0
801	771	1.0
807	576	1.0
336	530	1.0
1939	1889	1.0
1635	20	1.0
336	532	1.0
1126	1634	1.0
1603	1199	1.0
812	380	1.0
819	127	1.0
339	312	1.0
1634	72	1.0
1939	1783	1.0
1943	1635	1.0
804	696	1.0
815	290	1.0
345	79	1.0
343	150	1.0
1135	1205	1.0
1939	1799	1.0
1939	1791	1.0
1167	20	1.0
1634	85	1.0
1618	698	1.0
334	522	1.0
1607	1096	1.0
1160	291	1.0
348	1	1.0
1939	1806	1.0
337	404	1.0
819	199	1.0
336	468	1.0
1165	127	1.0
344	171	1.0
802	820	1.0
318	1124	1.0
1135	884	1.0
341	181	1.0
803	302	1.0
1996	135	1.0
1599	1190	1.0
1135	886	1.0
795	606	1.0
803	284	1.0
339	235	1.0
330	568	1.0
337	307	1.0
1628	107	1.0
1141	653	1.0
792	698	1.0
344	59	1.0
1974	930	1.0
341	173	1.0
1974	931	1.0
1974	932	1.0
808	145	1.0
810	72	1.0
339	284	1.0
334	468	1.0
328	701	1.0
1607	906	1.0
811	20	1.0
792	727	1.0
346	20	1.0
345	57	1.0
804	290	1.0
1995	98	1.0
1135	815	1.0
1135	819	1.0
1115	1558	1.0
807	226	1.0
1150	272	1.0
1152	197	1.0
812	18	1.0
336	287	1.0
339	173	1.0
1156	25	1.0
1966	1161	1.0
339	170	1.0
1115	1548	1.0
1135	849	1.0
810	134	1.0
1983	579	1.0
328	637	1.0
804	370	1.0
301	1634	1.0
330	560	1.0
1135	830	1.0
337	284	1.0
810	129	1.0
340	92	1.0
812	104	1.0
1974	811	1.0
339	125	1.0
1622	200	1.0
1149	486	1.0
1146	590	1.0
336	228	1.0
803	415	1.0
326	593	1.0
341	36	1.0
334	352	1.0
810	212	1.0
811	153	1.0
812	118	1.0
327	594	1.0
1981	576	1.0
327	582	1.0
804	405	1.0
327	584	1.0
1597	1199	1.0
1160	30	1.0
1941	1981	1.0
1607	834	1.0
1950	1635	1.0
1134	985	1.0
1992	85	1.0
1618	412	1.0
336	162	1.0
321	716	1.0
789	994	1.0
1586	1587	1.0
815	29	1.0
809	252	1.0
814	127	1.0
326	582	1.0
330	435	1.0
815	85	1.0
334	284	1.0
310	1172	1.0
328	507	1.0
1607	854	1.0
1951	1634	1.0
815	75	1.0
1627	109	1.0
815	72	1.0
1156	182	1.0
809	283	1.0
812	175	1.0
804	27	1.0
332	272	1.0
337	83	1.0
337	96	1.0
1172	310	1.0
330	362	1.0
330	372	1.0
1175	206	1.0
339	36	1.0
332	295	1.0
1992	574	1.0
337	51	1.0
330	312	1.0
338	26	1.0
333	212	1.0
318	767	1.0
779	927	1.0
1636	577	1.0
1962	1634	1.0
336	99	1.0
337	72	1.0
336	109	1.0
792	453	1.0
337	71	1.0
1175	172	1.0
1175	173	1.0
331	302	1.0
336	116	1.0
328	415	1.0
799	271	1.0
337	20	1.0
330	284	1.0
784	828	1.0
337	33	1.0
329	330	1.0
318	738	1.0
773	1262	1.0
336	85	1.0
283	1985	1.0
799	239	1.0
1170	272	1.0
773	1209	1.0
334	109	1.0
803	101	1.0
337	5	1.0
322	563	1.0
2000	169	1.0
334	120	1.0
1983	811	1.0
334	127	1.0
801	274	1.0
292	1634	1.0
1988	575	1.0
807	49	1.0
773	1307	1.0
773	1305	1.0
326	372	1.0
773	1304	1.0
773	1302	1.0
1168	573	1.0
326	362	1.0
321	577	1.0
321	575	1.0
321	576	1.0
314	835	1.0
800	323	1.0
1182	68	1.0
1632	633	1.0
1988	584	1.0
773	1275	1.0
773	1276	1.0
773	1277	1.0
334	49	1.0
332	117	1.0
328	267	1.0
334	40	1.0
1165	651	1.0
1156	985	1.0
1155	1023	1.0
792	587	1.0
765	1585	1.0
1160	853	1.0
755	1946	1.0
1134	1776	1.0
328	235	1.0
325	346	1.0
803	263	1.0
1635	579	1.0
1175	254	1.0
334	14	1.0
1154	1024	1.0
1153	1062	1.0
1141	1506	1.0
330	177	1.0
314	766	1.0
1180	86	1.0
810	20	1.0
325	366	1.0
1635	592	1.0
1994	297	1.0
1632	657	1.0
1634	582	1.0
809	8	1.0
330	132	1.0
1622	1024	1.0
1630	750	1.0
782	1018	1.0
318	587	1.0
1175	243	1.0
1175	238	1.0
804	197	1.0
1972	1077	1.0
330	141	1.0
1167	237	1.0
317	588	1.0
1170	127	1.0
1135	1422	1.0
755	1599	1.0
317	589	1.0
1167	241	1.0
1172	59	1.0
332	30	1.0
797	51	1.0
755	1601	1.0
1173	2	1.0
1156	633	1.0
327	198	1.0
302	1124	1.0
280	1939	1.0
325	284	1.0
792	222	1.0
327	212	1.0
330	77	1.0
316	594	1.0
1172	20	1.0
327	186	1.0
797	12	1.0
755	1564	1.0
755	1562	1.0
1624	779	1.0
327	196	1.0
330	80	1.0
1962	1878	1.0
316	575	1.0
330	69	1.0
1172	13	1.0
323	326	1.0
785	445	1.0
779	667	1.0
1997	574	1.0
1998	530	1.0
792	297	1.0
1141	1143	1.0
1137	1291	1.0
330	51	1.0
1137	1268	1.0
326	177	1.0
1156	573	1.0
1165	239	1.0
330	36	1.0
1166	190	1.0
325	176	1.0
325	181	1.0
1135	1310	1.0
328	72	1.0
295	1298	1.0
1163	522	1.0
1160	633	1.0
1175	80	1.0
328	58	1.0
1175	83	1.0
775	988	1.0
797	173	1.0
797	166	1.0
1628	520	1.0
1135	1538	1.0
1135	1539	1.0
1135	1540	1.0
1169	272	1.0
320	321	1.0
302	985	1.0
325	127	1.0
1599	1564	1.0
1641	1	1.0
1140	1323	1.0
301	1000	1.0
290	1407	1.0
1634	380	1.0
1172	125	1.0
1151	894	1.0
803	14	1.0
1164	412	1.0
322	212	1.0
327	14	1.0
324	125	1.0
771	1186	1.0
782	781	1.0
1993	577	1.0
1135	1463	1.0
313	510	1.0
1172	87	1.0
322	181	1.0
1983	927	1.0
1172	78	1.0
313	506	1.0
1992	584	1.0
1986	809	1.0
325	48	1.0
796	221	1.0
781	782	1.0
314	460	1.0
1142	1178	1.0
1605	239	1.0
1160	1154	1.0
765	985	1.0
792	14	1.0
792	4	1.0
792	1	1.0
349	1126	1.0
771	801	1.0
769	868	1.0
782	415	1.0
1150	1572	1.0
366	499	1.0
1971	1791	1.0
762	1143	1.0
1580	1101	1.0
787	112	1.0
1167	981	1.0
755	1318	1.0
789	49	1.0
337	1608	1.0
370	388	1.0
782	330	1.0
1194	1	1.0
337	1634	1.0
1186	291	1.0
358	843	1.0
372	330	1.0
1186	287	1.0
376	181	1.0
788	127	1.0
1175	719	1.0
365	612	1.0
370	415	1.0
368	253	1.0
366	328	1.0
792	119	1.0
365	362	1.0
1963	1915	1.0
373	77	1.0
332	1588	1.0
1578	1126	1.0
1193	75	1.0
1598	388	1.0
373	86	1.0
370	191	1.0
365	388	1.0
362	504	1.0
375	36	1.0
373	107	1.0
1178	655	1.0
1146	1842	1.0
366	362	1.0
365	410	1.0
336	1494	1.0
375	49	1.0
336	1490	1.0
1193	127	1.0
362	536	1.0
370	240	1.0
1191	197	1.0
761	1199	1.0
336	1504	1.0
373	148	1.0
1183	522	1.0
755	1443	1.0
370	266	1.0
366	415	1.0
792	80	1.0
1564	1599	1.0
792	86	1.0
377	17	1.0
1186	415	1.0
365	463	1.0
368	352	1.0
755	1462	1.0
366	437	1.0
755	1472	1.0
368	150	1.0
755	1128	1.0
358	516	1.0
350	811	1.0
782	117	1.0
330	1540	1.0
773	445	1.0
773	444	1.0
1981	1635	1.0
773	440	1.0
763	805	1.0
362	345	1.0
369	86	1.0
1581	878	1.0
369	83	1.0
755	1097	1.0
1175	398	1.0
746	1488	1.0
365	284	1.0
782	150	1.0
366	248	1.0
1181	173	1.0
369	128	1.0
368	167	1.0
370	93	1.0
349	863	1.0
370	86	1.0
1182	127	1.0
365	267	1.0
370	80	1.0
369	172	1.0
755	1064	1.0
366	287	1.0
1160	985	1.0
370	128	1.0
1583	755	1.0
370	127	1.0
1983	1635	1.0
357	612	1.0
1572	1150	1.0
373	14	1.0
1165	785	1.0
353	752	1.0
373	1	1.0
1175	410	1.0
732	1889	1.0
1156	1168	1.0
755	1095	1.0
366	307	1.0
1165	830	1.0
370	162	1.0
771	494	1.0
1594	370	1.0
1184	117	1.0
771	481	1.0
757	1002	1.0
1565	1440	1.0
316	1939	1.0
365	127	1.0
365	128	1.0
330	1405	1.0
355	480	1.0
366	73	1.0
365	109	1.0
358	366	1.0
352	587	1.0
1579	821	1.0
1181	297	1.0
782	284	1.0
365	136	1.0
365	135	1.0
746	1602	1.0
368	39	1.0
1597	194	1.0
368	38	1.0
1597	109	1.0
1186	148	1.0
746	1511	1.0
1146	1634	1.0
365	197	1.0
1177	465	1.0
782	164	1.0
748	1422	1.0
368	58	1.0
748	1421	1.0
1979	1634	1.0
328	1542	1.0
365	173	1.0
365	172	1.0
366	135	1.0
368	69	1.0
773	507	1.0
755	1214	1.0
1188	100	1.0
353	667	1.0
785	109	1.0
1189	72	1.0
756	1187	1.0
1980	1634	1.0
755	1199	1.0
370	25	1.0
336	1285	1.0
1597	127	1.0
362	128	1.0
334	1165	1.0
347	681	1.0
766	481	1.0
746	1208	1.0
337	1047	1.0
347	678	1.0
365	33	1.0
1165	1536	1.0
365	25	1.0
350	584	1.0
365	29	1.0
1989	1634	1.0
755	893	1.0
1988	1634	1.0
755	856	1.0
362	92	1.0
364	36	1.0
771	274	1.0
365	1	1.0
365	86	1.0
766	415	1.0
1622	99	1.0
366	44	1.0
769	302	1.0
352	563	1.0
365	77	1.0
364	109	1.0
1622	121	1.0
1991	1635	1.0
362	206	1.0
1621	155	1.0
366	54	1.0
757	756	1.0
364	127	1.0
367	14	1.0
358	307	1.0
762	522	1.0
1186	771	1.0
365	40	1.0
336	1143	1.0
366	33	1.0
366	29	1.0
365	60	1.0
1195	452	1.0
364	93	1.0
756	757	1.0
775	265	1.0
336	960	1.0
358	153	1.0
1617	222	1.0
358	150	1.0
362	14	1.0
1208	77	1.0
330	1199	1.0
1208	75	1.0
755	1031	1.0
776	194	1.0
357	148	1.0
352	334	1.0
779	98	1.0
1204	181	1.0
1178	1142	1.0
1178	1154	1.0
1197	453	1.0
352	429	1.0
761	715	1.0
769	433	1.0
349	549	1.0
1211	20	1.0
1189	838	1.0
363	33	1.0
1208	80	1.0
777	96	1.0
359	139	1.0
1208	85	1.0
1208	86	1.0
1210	20	1.0
352	412	1.0
769	410	1.0
362	38	1.0
765	566	1.0
769	412	1.0
755	929	1.0
362	48	1.0
360	123	1.0
720	1941	1.0
762	388	1.0
720	1942	1.0
1186	494	1.0
771	36	1.0
336	838	1.0
354	172	1.0
1186	483	1.0
761	396	1.0
310	1787	1.0
720	1915	1.0
355	127	1.0
336	819	1.0
349	330	1.0
1176	839	1.0
720	1903	1.0
310	1764	1.0
768	118	1.0
353	176	1.0
1606	467	1.0
347	387	1.0
766	181	1.0
755	582	1.0
1592	970	1.0
768	92	1.0
358	97	1.0
330	1127	1.0
750	754	1.0
355	194	1.0
1610	293	1.0
1583	1283	1.0
767	112	1.0
1617	14	1.0
1997	1634	1.0
357	101	1.0
766	122	1.0
766	120	1.0
1612	179	1.0
746	1096	1.0
337	681	1.0
1176	994	1.0
746	1100	1.0
766	362	1.0
766	364	1.0
765	405	1.0
352	109	1.0
1992	1634	1.0
342	480	1.0
772	127	1.0
769	238	1.0
1616	1	1.0
765	388	1.0
755	758	1.0
346	313	1.0
769	226	1.0
346	325	1.0
330	889	1.0
746	1046	1.0
336	669	1.0
328	968	1.0
762	463	1.0
746	1037	1.0
349	302	1.0
766	290	1.0
336	791	1.0
1584	1141	1.0
755	686	1.0
1610	155	1.0
330	985	1.0
336	774	1.0
769	172	1.0
354	104	1.0
351	203	1.0
1606	290	1.0
353	128	1.0
761	434	1.0
342	520	1.0
1186	647	1.0
746	992	1.0
1103	410	1.0
865	444	1.0
1102	446	1.0
868	328	1.0
398	248	1.0
865	442	1.0
399	212	1.0
865	441	1.0
1096	649	1.0
868	313	1.0
866	388	1.0
874	144	1.0
870	292	1.0
850	1030	1.0
868	370	1.0
850	1023	1.0
401	169	1.0
1097	649	1.0
1096	686	1.0
834	1607	1.0
865	456	1.0
1106	233	1.0
876	101	1.0
865	507	1.0
1099	482	1.0
855	853	1.0
838	1541	1.0
401	107	1.0
398	219	1.0
396	291	1.0
1089	883	1.0
399	172	1.0
350	1983	1.0
399	164	1.0
850	1074	1.0
402	47	1.0
1995	1783	1.0
868	197	1.0
1092	677	1.0
850	875	1.0
389	691	1.0
389	692	1.0
1108	68	1.0
398	362	1.0
403	181	1.0
1575	272	1.0
399	372	1.0
409	1	1.0
868	238	1.0
868	240	1.0
1103	291	1.0
408	20	1.0
866	297	1.0
406	101	1.0
1100	410	1.0
868	222	1.0
1103	297	1.0
868	226	1.0
1108	25	1.0
857	677	1.0
838	1369	1.0
1104	202	1.0
868	297	1.0
867	334	1.0
381	970	1.0
853	855	1.0
863	468	1.0
1568	619	1.0
399	287	1.0
844	949	1.0
1102	172	1.0
385	463	1.0
838	1165	1.0
869	15	1.0
1103	127	1.0
857	463	1.0
841	1078	1.0
868	77	1.0
1096	410	1.0
851	698	1.0
1081	959	1.0
347	1878	1.0
1095	465	1.0
867	130	1.0
1103	172	1.0
390	302	1.0
868	89	1.0
868	90	1.0
398	29	1.0
396	107	1.0
1568	190	1.0
395	134	1.0
1085	839	1.0
1550	852	1.0
396	99	1.0
850	772	1.0
388	287	1.0
868	127	1.0
388	284	1.0
868	125	1.0
1570	127	1.0
1561	465	1.0
1105	6	1.0
864	284	1.0
391	181	1.0
1544	1128	1.0
852	753	1.0
838	1273	1.0
857	563	1.0
370	985	1.0
350	1718	1.0
1089	615	1.0
396	14	1.0
1571	127	1.0
389	302	1.0
868	178	1.0
868	172	1.0
1085	789	1.0
396	30	1.0
388	468	1.0
863	109	1.0
1092	405	1.0
1572	127	1.0
853	492	1.0
399	74	1.0
396	191	1.0
863	127	1.0
1546	1100	1.0
396	194	1.0
1090	494	1.0
850	616	1.0
370	1165	1.0
1538	1399	1.0
866	30	1.0
1090	525	1.0
391	401	1.0
388	514	1.0
400	72	1.0
844	863	1.0
1571	203	1.0
398	155	1.0
857	388	1.0
844	870	1.0
1538	1430	1.0
401	50	1.0
845	838	1.0
1091	378	1.0
858	362	1.0
396	109	1.0
866	75	1.0
388	415	1.0
396	127	1.0
1574	127	1.0
868	4	1.0
394	209	1.0
868	14	1.0
853	569	1.0
1061	1515	1.0
838	1135	1.0
1553	918	1.0
1095	265	1.0
370	1121	1.0
1079	875	1.0
851	677	1.0
859	382	1.0
1575	127	1.0
842	1009	1.0
1099	1100	1.0
861	117	1.0
1099	1098	1.0
1099	1097	1.0
373	698	1.0
1099	1103	1.0
1099	1096	1.0
388	135	1.0
834	1103	1.0
834	1098	1.0
834	1099	1.0
388	127	1.0
834	1096	1.0
1126	86	1.0
381	381	1.0
388	117	1.0
384	264	1.0
1098	1103	1.0
383	300	1.0
863	7	1.0
389	68	1.0
857	226	1.0
1098	1096	1.0
1098	1099	1.0
843	738	1.0
1098	1100	1.0
856	253	1.0
1103	905	1.0
1115	462	1.0
1103	906	1.0
1125	93	1.0
811	1915	1.0
834	1060	1.0
819	1609	1.0
370	752	1.0
857	206	1.0
381	341	1.0
1126	36	1.0
1593	100	1.0
370	738	1.0
1098	1060	1.0
387	98	1.0
1097	1096	1.0
1090	1355	1.0
381	326	1.0
1126	20	1.0
370	731	1.0
838	1014	1.0
382	275	1.0
854	410	1.0
1103	863	1.0
373	612	1.0
841	883	1.0
1103	854	1.0
838	987	1.0
1096	1103	1.0
1097	1060	1.0
1096	1097	1.0
1096	1098	1.0
1103	834	1.0
857	271	1.0
864	14	1.0
1110	573	1.0
387	302	1.0
858	86	1.0
1590	274	1.0
826	1281	1.0
837	851	1.0
1124	25	1.0
1096	1060	1.0
391	147	1.0
1591	226	1.0
385	343	1.0
807	1941	1.0
1121	127	1.0
810	1820	1.0
839	742	1.0
393	40	1.0
1564	1190	1.0
856	127	1.0
857	83	1.0
859	120	1.0
373	762	1.0
1111	468	1.0
839	868	1.0
819	1608	1.0
1099	905	1.0
389	150	1.0
857	181	1.0
389	128	1.0
1098	905	1.0
391	62	1.0
381	431	1.0
388	172	1.0
857	164	1.0
838	868	1.0
381	433	1.0
851	388	1.0
830	1165	1.0
382	399	1.0
1110	467	1.0
381	437	1.0
1099	854	1.0
1090	1186	1.0
838	845	1.0
853	291	1.0
851	370	1.0
1108	530	1.0
823	1412	1.0
1115	233	1.0
835	805	1.0
810	1733	1.0
841	579	1.0
1098	854	1.0
370	530	1.0
1583	127	1.0
853	127	1.0
380	186	1.0
834	854	1.0
337	1767	1.0
1103	686	1.0
1099	834	1.0
1092	1093	1.0
370	542	1.0
381	135	1.0
373	434	1.0
1096	906	1.0
357	988	1.0
848	292	1.0
1096	905	1.0
1103	649	1.0
1098	834	1.0
851	175	1.0
838	657	1.0
1088	1199	1.0
370	524	1.0
1119	72	1.0
856	15	1.0
380	152	1.0
372	399	1.0
848	388	1.0
834	906	1.0
370	463	1.0
853	194	1.0
370	468	1.0
851	290	1.0
1076	1634	1.0
856	109	1.0
1097	854	1.0
365	678	1.0
380	108	1.0
382	36	1.0
854	172	1.0
380	71	1.0
380	72	1.0
381	25	1.0
1100	686	1.0
1096	834	1.0
1582	194	1.0
1114	195	1.0
1096	854	1.0
1585	104	1.0
834	707	1.0
372	593	1.0
349	1439	1.0
848	194	1.0
1551	1453	1.0
354	1269	1.0
1583	272	1.0
1113	194	1.0
387	49	1.0
388	14	1.0
1090	992	1.0
835	639	1.0
375	440	1.0
373	525	1.0
852	14	1.0
1098	707	1.0
348	1445	1.0
851	49	1.0
843	358	1.0
834	686	1.0
1099	686	1.0
1103	482	1.0
1104	446	1.0
839	587	1.0
844	405	1.0
370	599	1.0
1096	746	1.0
844	412	1.0
378	310	1.0
850	194	1.0
1565	1002	1.0
1087	1088	1.0
852	127	1.0
1099	649	1.0
1583	292	1.0
379	226	1.0
1096	707	1.0
837	632	1.0
834	746	1.0
810	1634	1.0
370	577	1.0
851	127	1.0
1098	649	1.0
1135	174	1.0
838	481	1.0
426	178	1.0
851	7	1.0
418	470	1.0
428	77	1.0
1096	1607	1.0
1548	222	1.0
844	290	1.0
830	815	1.0
425	248	1.0
405	985	1.0
821	1144	1.0
1548	233	1.0
838	514	1.0
848	127	1.0
418	483	1.0
431	1	1.0
428	109	1.0
850	60	1.0
405	1008	1.0
1110	1168	1.0
1138	127	1.0
432	14	1.0
1141	30	1.0
1100	1546	1.0
843	239	1.0
415	624	1.0
430	72	1.0
1135	272	1.0
849	39	1.0
850	6	1.0
405	1051	1.0
823	1010	1.0
1110	1202	1.0
428	172	1.0
1137	181	1.0
412	769	1.0
1135	253	1.0
388	1660	1.0
1552	179	1.0
830	651	1.0
428	226	1.0
433	36	1.0
1555	51	1.0
1106	1115	1.0
839	294	1.0
823	947	1.0
428	266	1.0
1103	1269	1.0
418	632	1.0
1137	15	1.0
415	738	1.0
412	844	1.0
1547	380	1.0
848	5	1.0
838	375	1.0
1108	1073	1.0
434	18	1.0
1106	1135	1.0
843	180	1.0
431	125	1.0
1546	410	1.0
1137	47	1.0
431	181	1.0
435	36	1.0
1135	117	1.0
419	632	1.0
844	75	1.0
1133	187	1.0
405	1135	1.0
841	172	1.0
418	657	1.0
835	397	1.0
1137	36	1.0
839	238	1.0
1135	107	1.0
841	170	1.0
432	122	1.0
1545	410	1.0
418	695	1.0
418	698	1.0
841	197	1.0
833	492	1.0
839	269	1.0
1135	136	1.0
433	130	1.0
1523	1202	1.0
835	415	1.0
841	98	1.0
1505	1514	1.0
415	302	1.0
418	191	1.0
838	202	1.0
835	314	1.0
1103	1096	1.0
1103	1099	1.0
1103	1097	1.0
1103	1098	1.0
412	434	1.0
838	222	1.0
1112	775	1.0
418	206	1.0
1106	995	1.0
418	216	1.0
841	127	1.0
380	1634	1.0
418	222	1.0
423	49	1.0
422	83	1.0
839	206	1.0
844	30	1.0
834	410	1.0
418	254	1.0
838	148	1.0
841	46	1.0
819	863	1.0
838	172	1.0
415	399	1.0
838	175	1.0
418	297	1.0
838	181	1.0
1135	14	1.0
840	122	1.0
1124	428	1.0
838	86	1.0
1124	194	1.0
837	120	1.0
838	80	1.0
789	1889	1.0
422	170	1.0
839	67	1.0
838	90	1.0
838	109	1.0
418	375	1.0
428	7	1.0
1548	93	1.0
838	127	1.0
841	18	1.0
834	172	1.0
428	25	1.0
396	1199	1.0
425	128	1.0
1120	418	1.0
817	804	1.0
838	51	1.0
823	606	1.0
380	1820	1.0
789	1855	1.0
1103	1060	1.0
396	1252	1.0
832	290	1.0
1129	122	1.0
825	540	1.0
1126	224	1.0
425	177	1.0
415	98	1.0
404	511	1.0
815	830	1.0
409	307	1.0
412	172	1.0
416	28	1.0
1146	287	1.0
407	341	1.0
819	652	1.0
409	272	1.0
415	50	1.0
415	49	1.0
415	51	1.0
1150	127	1.0
396	761	1.0
831	194	1.0
836	5	1.0
831	189	1.0
397	835	1.0
835	54	1.0
418	36	1.0
417	72	1.0
414	181	1.0
819	620	1.0
831	173	1.0
1151	158	1.0
1135	750	1.0
1150	194	1.0
1135	749	1.0
832	127	1.0
396	828	1.0
835	9	1.0
406	461	1.0
1562	127	1.0
1132	868	1.0
1146	352	1.0
381	1391	1.0
823	437	1.0
415	122	1.0
1113	1555	1.0
391	1012	1.0
835	8	1.0
418	7	1.0
410	415	1.0
409	458	1.0
418	125	1.0
385	1345	1.0
1110	1523	1.0
418	117	1.0
1146	180	1.0
418	109	1.0
1138	468	1.0
418	90	1.0
410	388	1.0
1123	1012	1.0
418	80	1.0
821	468	1.0
1567	127	1.0
1563	272	1.0
1146	143	1.0
410	365	1.0
828	194	1.0
417	226	1.0
815	658	1.0
1565	172	1.0
792	1504	1.0
420	98	1.0
415	284	1.0
1535	1275	1.0
1135	651	1.0
419	127	1.0
1564	194	1.0
418	155	1.0
829	116	1.0
401	780	1.0
421	39	1.0
1559	369	1.0
823	334	1.0
1115	1376	1.0
1565	127	1.0
380	1547	1.0
417	173	1.0
1135	619	1.0
813	689	1.0
410	428	1.0
409	459	1.0
409	460	1.0
828	127	1.0
1557	127	1.0
410	20	1.0
792	1445	1.0
1146	54	1.0
401	362	1.0
829	80	1.0
410	33	1.0
826	194	1.0
824	271	1.0
401	370	1.0
399	382	1.0
803	985	1.0
370	1454	1.0
827	98	1.0
401	314	1.0
1146	8	1.0
1102	1637	1.0
1116	1116	1.0
829	42	1.0
1144	101	1.0
815	564	1.0
380	1107	1.0
1144	98	1.0
397	486	1.0
815	571	1.0
1146	30	1.0
410	77	1.0
373	1445	1.0
399	485	1.0
820	334	1.0
409	127	1.0
402	388	1.0
386	989	1.0
826	127	1.0
1549	388	1.0
406	191	1.0
1137	415	1.0
1555	127	1.0
1124	904	1.0
823	197	1.0
384	1028	1.0
782	1725	1.0
411	25	1.0
822	194	1.0
806	793	1.0
1136	290	1.0
819	302	1.0
1103	1501	1.0
398	584	1.0
823	175	1.0
792	1325	1.0
396	682	1.0
806	797	1.0
1102	1556	1.0
1135	297	1.0
811	574	1.0
1135	290	1.0
409	144	1.0
412	53	1.0
398	575	1.0
1541	838	1.0
370	1600	1.0
409	156	1.0
811	582	1.0
822	127	1.0
810	570	1.0
812	494	1.0
410	226	1.0
804	817	1.0
782	1633	1.0
815	405	1.0
412	150	1.0
1136	364	1.0
399	624	1.0
811	512	1.0
410	181	1.0
1144	25	1.0
380	1286	1.0
396	688	1.0
1141	127	1.0
809	575	1.0
1137	302	1.0
822	117	1.0
814	405	1.0
439	69	1.0
905	172	1.0
88	67	1.0
1939	1471	1.0
436	183	1.0
439	72	1.0
85	180	1.0
85	186	1.0
873	1366	1.0
425	598	1.0
89	36	1.0
873	1368	1.0
55	1300	1.0
89	39	1.0
425	572	1.0
1970	307	1.0
873	1339	1.0
873	1340	1.0
77	456	1.0
873	1342	1.0
405	1316	1.0
873	1347	1.0
1978	20	1.0
67	839	1.0
434	253	1.0
87	98	1.0
86	170	1.0
86	172	1.0
434	287	1.0
59	1172	1.0
418	884	1.0
69	805	1.0
432	365	1.0
425	630	1.0
405	1372	1.0
83	266	1.0
1935	1634	1.0
75	564	1.0
433	307	1.0
428	499	1.0
87	122	1.0
84	235	1.0
1503	14	1.0
436	206	1.0
910	17	1.0
415	985	1.0
1977	83	1.0
434	322	1.0
431	434	1.0
1466	1433	1.0
63	930	1.0
77	410	1.0
431	432	1.0
87	38	1.0
39	1827	1.0
87	49	1.0
78	381	1.0
75	492	1.0
86	83	1.0
873	1282	1.0
1484	752	1.0
85	98	1.0
78	357	1.0
75	468	1.0
398	1634	1.0
1497	272	1.0
1976	20	1.0
873	1276	1.0
83	170	1.0
87	21	1.0
77	405	1.0
87	33	1.0
71	623	1.0
74	511	1.0
436	238	1.0
432	431	1.0
431	465	1.0
412	1164	1.0
880	1064	1.0
86	109	1.0
82	266	1.0
428	587	1.0
77	452	1.0
72	637	1.0
895	522	1.0
899	374	1.0
85	151	1.0
434	361	1.0
428	563	1.0
434	341	1.0
428	561	1.0
891	643	1.0
902	237	1.0
85	127	1.0
86	93	1.0
398	1666	1.0
85	129	1.0
49	1471	1.0
1939	1426	1.0
908	20	1.0
49	1470	1.0
437	24	1.0
75	428	1.0
419	689	1.0
86	20	1.0
1960	574	1.0
398	1470	1.0
84	98	1.0
80	246	1.0
431	251	1.0
434	127	1.0
431	242	1.0
1975	8	1.0
82	162	1.0
86	8	1.0
75	415	1.0
86	7	1.0
85	34	1.0
85	31	1.0
86	1	1.0
74	445	1.0
435	132	1.0
79	310	1.0
68	716	1.0
429	352	1.0
428	388	1.0
425	506	1.0
87	20	1.0
434	170	1.0
87	8	1.0
1960	594	1.0
78	345	1.0
85	85	1.0
911	101	1.0
434	156	1.0
85	75	1.0
87	2	1.0
77	373	1.0
1954	807	1.0
1495	442	1.0
86	29	1.0
434	148	1.0
77	364	1.0
78	328	1.0
77	365	1.0
86	33	1.0
77	294	1.0
49	1330	1.0
71	511	1.0
80	177	1.0
74	399	1.0
84	28	1.0
1488	746	1.0
80	172	1.0
80	170	1.0
68	614	1.0
69	575	1.0
434	186	1.0
428	410	1.0
1482	960	1.0
396	1589	1.0
438	36	1.0
904	266	1.0
434	181	1.0
82	83	1.0
406	1211	1.0
84	7	1.0
1500	291	1.0
85	28	1.0
78	287	1.0
1974	20	1.0
85	29	1.0
85	20	1.0
69	614	1.0
78	280	1.0
85	18	1.0
72	499	1.0
1503	226	1.0
1501	290	1.0
909	118	1.0
904	302	1.0
83	86	1.0
69	606	1.0
428	439	1.0
74	415	1.0
1930	1634	1.0
1469	1470	1.0
405	1282	1.0
444	127	1.0
64	681	1.0
78	162	1.0
82	17	1.0
82	21	1.0
1470	1469	1.0
75	292	1.0
434	520	1.0
1939	1735	1.0
83	2	1.0
1939	1733	1.0
884	1213	1.0
33	1855	1.0
891	958	1.0
83	8	1.0
1472	1420	1.0
33	1862	1.0
437	415	1.0
49	1267	1.0
906	410	1.0
60	868	1.0
79	172	1.0
79	169	1.0
431	656	1.0
77	253	1.0
1471	1471	1.0
1503	297	1.0
446	109	1.0
39	1666	1.0
49	1175	1.0
434	563	1.0
446	117	1.0
1968	574	1.0
75	212	1.0
68	470	1.0
891	876	1.0
418	1172	1.0
1983	29	1.0
67	528	1.0
78	126	1.0
33	1792	1.0
75	239	1.0
33	1794	1.0
1940	1634	1.0
447	109	1.0
1505	265	1.0
447	122	1.0
78	144	1.0
77	181	1.0
51	1143	1.0
1979	203	1.0
77	178	1.0
431	711	1.0
439	428	1.0
77	197	1.0
80	87	1.0
77	198	1.0
437	509	1.0
905	410	1.0
1960	927	1.0
68	525	1.0
29	1855	1.0
1469	1634	1.0
49	1121	1.0
435	330	1.0
78	38	1.0
432	447	1.0
884	1321	1.0
909	415	1.0
75	173	1.0
78	64	1.0
49	1124	1.0
75	164	1.0
1510	127	1.0
74	205	1.0
418	999	1.0
69	410	1.0
878	1581	1.0
918	100	1.0
428	633	1.0
434	412	1.0
71	337	1.0
1474	1475	1.0
398	1731	1.0
425	738	1.0
78	93	1.0
75	203	1.0
1982	49	1.0
77	127	1.0
1939	1634	1.0
1961	819	1.0
1939	1636	1.0
434	428	1.0
1939	1635	1.0
897	898	1.0
80	20	1.0
434	415	1.0
77	120	1.0
415	1124	1.0
415	1143	1.0
439	254	1.0
905	482	1.0
75	85	1.0
69	307	1.0
29	1783	1.0
1965	577	1.0
68	365	1.0
439	269	1.0
33	1657	1.0
71	246	1.0
75	100	1.0
1471	1634	1.0
75	99	1.0
431	586	1.0
906	482	1.0
919	1	1.0
437	366	1.0
437	362	1.0
73	194	1.0
71	263	1.0
78	33	1.0
74	181	1.0
69	364	1.0
437	381	1.0
1496	750	1.0
434	485	1.0
78	20	1.0
68	389	1.0
439	295	1.0
429	985	1.0
1460	1115	1.0
1915	1878	1.0
442	516	1.0
444	442	1.0
104	28	1.0
444	443	1.0
104	29	1.0
102	104	1.0
444	441	1.0
104	25	1.0
906	686	1.0
102	101	1.0
99	190	1.0
1939	971	1.0
922	75	1.0
85	706	1.0
86	679	1.0
93	422	1.0
1460	1106	1.0
905	707	1.0
102	84	1.0
908	577	1.0
905	686	1.0
906	649	1.0
884	1462	1.0
443	445	1.0
916	291	1.0
443	441	1.0
101	105	1.0
443	442	1.0
102	69	1.0
443	444	1.0
442	455	1.0
413	1527	1.0
100	127	1.0
1451	1408	1.0
1939	927	1.0
445	455	1.0
102	28	1.0
445	456	1.0
93	362	1.0
1942	810	1.0
1964	8	1.0
93	370	1.0
452	210	1.0
898	925	1.0
1939	932	1.0
433	911	1.0
1939	930	1.0
445	441	1.0
445	440	1.0
83	716	1.0
438	698	1.0
1948	575	1.0
445	444	1.0
451	222	1.0
1487	158	1.0
1472	727	1.0
445	454	1.0
905	649	1.0
87	577	1.0
49	1983	1.0
97	210	1.0
49	1957	1.0
1485	222	1.0
85	624	1.0
93	334	1.0
92	368	1.0
102	3	1.0
55	1742	1.0
98	129	1.0
1912	1878	1.0
86	577	1.0
86	575	1.0
1941	811	1.0
77	911	1.0
444	456	1.0
92	362	1.0
1941	809	1.0
1956	254	1.0
93	307	1.0
434	683	1.0
905	854	1.0
93	300	1.0
1472	792	1.0
85	591	1.0
101	1	1.0
440	444	1.0
440	445	1.0
440	442	1.0
440	443	1.0
905	834	1.0
75	949	1.0
434	658	1.0
1956	212	1.0
85	582	1.0
85	575	1.0
49	1909	1.0
74	985	1.0
85	574	1.0
77	868	1.0
84	607	1.0
927	7	1.0
85	568	1.0
1942	720	1.0
75	929	1.0
917	364	1.0
77	851	1.0
888	1438	1.0
434	630	1.0
49	1885	1.0
448	109	1.0
921	205	1.0
1939	807	1.0
452	77	1.0
1960	29	1.0
452	80	1.0
442	441	1.0
920	226	1.0
1941	720	1.0
912	514	1.0
1941	716	1.0
93	226	1.0
1453	1551	1.0
92	267	1.0
1960	7	1.0
49	1846	1.0
1939	779	1.0
453	20	1.0
83	577	1.0
83	584	1.0
1459	1310	1.0
92	238	1.0
453	2	1.0
75	866	1.0
80	680	1.0
83	576	1.0
83	575	1.0
83	574	1.0
894	1151	1.0
80	678	1.0
1915	1634	1.0
85	486	1.0
84	520	1.0
458	156	1.0
438	890	1.0
450	449	1.0
900	1154	1.0
929	75	1.0
931	2	1.0
75	826	1.0
79	677	1.0
90	280	1.0
926	194	1.0
95	96	1.0
460	101	1.0
75	844	1.0
930	2	1.0
460	48	1.0
93	125	1.0
891	1443	1.0
1920	1907	1.0
458	127	1.0
1956	577	1.0
86	398	1.0
930	20	1.0
93	140	1.0
49	1768	1.0
884	1718	1.0
434	1036	1.0
75	815	1.0
1493	119	1.0
1965	206	1.0
75	754	1.0
1486	452	1.0
90	209	1.0
1472	981	1.0
1939	1175	1.0
899	1126	1.0
905	906	1.0
927	92	1.0
49	1735	1.0
929	30	1.0
86	370	1.0
464	20	1.0
93	118	1.0
78	611	1.0
87	280	1.0
79	575	1.0
79	577	1.0
74	767	1.0
906	834	1.0
75	740	1.0
78	630	1.0
46	1816	1.0
1917	1960	1.0
89	226	1.0
78	639	1.0
77	677	1.0
93	86	1.0
428	1144	1.0
86	297	1.0
1484	599	1.0
905	1098	1.0
74	738	1.0
93	36	1.0
77	625	1.0
904	1124	1.0
80	511	1.0
92	65	1.0
436	839	1.0
453	210	1.0
932	86	1.0
92	61	1.0
89	172	1.0
93	51	1.0
89	198	1.0
89	197	1.0
86	307	1.0
84	380	1.0
1477	863	1.0
905	1103	1.0
925	364	1.0
93	44	1.0
87	266	1.0
905	1099	1.0
68	967	1.0
447	448	1.0
905	1101	1.0
78	559	1.0
446	447	1.0
905	1060	1.0
89	150	1.0
86	254	1.0
71	810	1.0
74	701	1.0
453	205	1.0
1492	287	1.0
75	688	1.0
934	7	1.0
79	530	1.0
84	347	1.0
93	13	1.0
926	290	1.0
453	280	1.0
928	178	1.0
84	301	1.0
77	563	1.0
1967	8	1.0
78	516	1.0
932	20	1.0
86	222	1.0
84	319	1.0
1952	577	1.0
431	1115	1.0
85	272	1.0
74	679	1.0
438	849	1.0
83	350	1.0
75	646	1.0
77	527	1.0
1946	755	1.0
436	870	1.0
83	297	1.0
929	99	1.0
1922	1635	1.0
1950	594	1.0
84	266	1.0
80	415	1.0
78	506	1.0
1466	1314	1.0
930	86	1.0
931	49	1.0
72	730	1.0
458	85	1.0
1915	1915	1.0
84	288	1.0
929	127	1.0
68	883	1.0
1958	321	1.0
85	242	1.0
448	447	1.0
433	1001	1.0
1497	155	1.0
89	98	1.0
930	83	1.0
83	319	1.0
48	470	1.0
15	1691	1.0
15	1692	1.0
15	1689	1.0
15	1690	1.0
470	14	1.0
58	93	1.0
15	1684	1.0
60	14	1.0
15	1679	1.0
877	120	1.0
15	1680	1.0
58	86	1.0
15	1678	1.0
15	1676	1.0
450	746	1.0
15	1675	1.0
1933	594	1.0
49	415	1.0
1905	1634	1.0
60	4	1.0
470	1	1.0
60	1	1.0
18	1554	1.0
1495	1369	1.0
58	72	1.0
49	405	1.0
51	330	1.0
15	1662	1.0
18	1611	1.0
1948	85	1.0
468	127	1.0
868	494	1.0
433	1417	1.0
58	123	1.0
48	494	1.0
30	1160	1.0
438	1228	1.0
1950	8	1.0
50	415	1.0
868	483	1.0
460	409	1.0
868	481	1.0
30	1146	1.0
468	109	1.0
468	107	1.0
1936	506	1.0
54	254	1.0
871	364	1.0
15	1694	1.0
39	805	1.0
15	1693	1.0
468	101	1.0
1939	398	1.0
30	1141	1.0
15	1696	1.0
868	468	1.0
15	1695	1.0
60	86	1.0
51	419	1.0
49	494	1.0
59	125	1.0
453	577	1.0
62	2	1.0
1929	811	1.0
51	415	1.0
58	155	1.0
868	522	1.0
468	14	1.0
460	314	1.0
51	405	1.0
39	849	1.0
468	7	1.0
51	399	1.0
462	233	1.0
46	582	1.0
866	633	1.0
465	172	1.0
60	120	1.0
62	48	1.0
49	516	1.0
1528	132	1.0
469	20	1.0
854	1060	1.0
438	1154	1.0
49	512	1.0
60	107	1.0
458	409	1.0
49	499	1.0
1511	746	1.0
62	20	1.0
1932	719	1.0
36	985	1.0
1518	482	1.0
1943	310	1.0
60	98	1.0
1939	252	1.0
1939	254	1.0
1524	441	1.0
14	1587	1.0
460	254	1.0
872	445	1.0
872	441	1.0
1495	1524	1.0
1499	1376	1.0
460	240	1.0
1943	86	1.0
853	1126	1.0
443	865	1.0
15	1536	1.0
53	128	1.0
1495	1501	1.0
49	287	1.0
46	398	1.0
1941	170	1.0
49	283	1.0
1939	248	1.0
460	291	1.0
460	290	1.0
1931	579	1.0
460	289	1.0
1943	134	1.0
54	144	1.0
884	25	1.0
868	615	1.0
868	612	1.0
30	1029	1.0
49	325	1.0
48	362	1.0
873	441	1.0
873	442	1.0
876	328	1.0
456	441	1.0
49	334	1.0
463	181	1.0
444	865	1.0
39	678	1.0
7	1869	1.0
1939	280	1.0
56	57	1.0
49	316	1.0
45	465	1.0
463	80	1.0
7	1910	1.0
853	1203	1.0
1939	316	1.0
1939	326	1.0
883	98	1.0
442	865	1.0
878	284	1.0
1939	327	1.0
864	803	1.0
872	507	1.0
1939	321	1.0
48	406	1.0
863	844	1.0
51	293	1.0
873	444	1.0
51	267	1.0
1903	1634	1.0
1939	302	1.0
50	302	1.0
863	819	1.0
873	456	1.0
20	1426	1.0
883	86	1.0
15	1645	1.0
465	36	1.0
464	72	1.0
868	677	1.0
883	127	1.0
465	45	1.0
452	525	1.0
460	235	1.0
884	99	1.0
13	1734	1.0
452	528	1.0
463	93	1.0
1948	8	1.0
1899	1820	1.0
58	51	1.0
458	290	1.0
7	1939	1.0
878	302	1.0
879	265	1.0
883	117	1.0
49	160	1.0
1539	1	1.0
49	161	1.0
42	415	1.0
468	334	1.0
470	258	1.0
884	109	1.0
885	72	1.0
39	527	1.0
1955	28	1.0
1503	1325	1.0
470	254	1.0
470	250	1.0
1905	1879	1.0
42	434	1.0
15	1433	1.0
850	1388	1.0
855	1203	1.0
850	1387	1.0
49	177	1.0
850	1386	1.0
850	1385	1.0
884	127	1.0
49	172	1.0
48	209	1.0
48	210	1.0
40	507	1.0
473	162	1.0
38	575	1.0
1534	195	1.0
48	206	1.0
30	866	1.0
1939	640	1.0
884	117	1.0
440	1377	1.0
39	562	1.0
51	117	1.0
46	300	1.0
29	927	1.0
1941	576	1.0
15	1444	1.0
1956	20	1.0
15	1443	1.0
49	180	1.0
883	172	1.0
42	468	1.0
856	1199	1.0
39	578	1.0
470	307	1.0
49	206	1.0
48	240	1.0
50	164	1.0
47	275	1.0
1941	592	1.0
863	929	1.0
46	310	1.0
460	669	1.0
884	174	1.0
1957	29	1.0
1534	127	1.0
53	73	1.0
42	483	1.0
434	1532	1.0
868	769	1.0
865	873	1.0
440	1302	1.0
468	266	1.0
52	107	1.0
49	218	1.0
8	1735	1.0
48	254	1.0
39	587	1.0
15	1475	1.0
1958	8	1.0
446	1101	1.0
39	606	1.0
468	284	1.0
29	977	1.0
884	194	1.0
886	120	1.0
446	1102	1.0
878	415	1.0
883	230	1.0
48	266	1.0
876	476	1.0
21	1267	1.0
49	254	1.0
470	226	1.0
1949	355	1.0
55	29	1.0
52	135	1.0
49	246	1.0
1939	720	1.0
39	614	1.0
1939	716	1.0
1956	86	1.0
1957	49	1.0
48	307	1.0
49	267	1.0
27	1082	1.0
470	246	1.0
472	172	1.0
450	988	1.0
39	642	1.0
884	214	1.0
42	525	1.0
54	78	1.0
450	981	1.0
470	128	1.0
463	385	1.0
42	284	1.0
467	238	1.0
48	69	1.0
40	365	1.0
461	467	1.0
470	134	1.0
1939	497	1.0
32	662	1.0
470	132	1.0
49	28	1.0
49	29	1.0
29	769	1.0
856	1272	1.0
470	143	1.0
868	839	1.0
49	50	1.0
48	87	1.0
33	635	1.0
868	844	1.0
48	83	1.0
39	415	1.0
48	93	1.0
39	421	1.0
1951	85	1.0
884	272	1.0
1538	201	1.0
48	101	1.0
15	1322	1.0
49	59	1.0
1953	18	1.0
49	74	1.0
21	1110	1.0
48	109	1.0
49	72	1.0
1503	1504	1.0
862	1097	1.0
1515	1061	1.0
1526	655	1.0
34	624	1.0
1532	434	1.0
440	1282	1.0
18	1214	1.0
7	1635	1.0
868	883	1.0
467	290	1.0
467	292	1.0
470	58	1.0
49	86	1.0
33	678	1.0
49	87	1.0
33	679	1.0
1905	1820	1.0
1939	576	1.0
48	137	1.0
1939	575	1.0
15	1357	1.0
49	101	1.0
49	104	1.0
48	143	1.0
49	105	1.0
470	85	1.0
49	108	1.0
44	297	1.0
7	1666	1.0
1939	577	1.0
8	1634	1.0
1939	592	1.0
870	844	1.0
1538	127	1.0
872	773	1.0
883	365	1.0
468	172	1.0
1503	1436	1.0
1939	594	1.0
472	30	1.0
465	290	1.0
47	202	1.0
49	134	1.0
463	365	1.0
49	137	1.0
460	483	1.0
50	98	1.0
48	172	1.0
22	1134	1.0
46	252	1.0
868	942	1.0
1529	483	1.0
39	516	1.0
466	266	1.0
893	20	1.0
1469	1878	1.0
1917	723	1.0
470	563	1.0
1505	543	1.0
74	49	1.0
884	418	1.0
71	164	1.0
40	1302	1.0
467	657	1.0
854	1507	1.0
68	254	1.0
42	1221	1.0
69	221	1.0
60	554	1.0
468	615	1.0
69	210	1.0
65	362	1.0
73	54	1.0
892	86	1.0
481	127	1.0
69	206	1.0
891	127	1.0
483	42	1.0
1503	577	1.0
20	1999	1.0
71	110	1.0
39	1300	1.0
60	522	1.0
69	177	1.0
866	1024	1.0
69	180	1.0
68	216	1.0
1497	774	1.0
1504	514	1.0
1505	476	1.0
33	1634	1.0
60	624	1.0
1922	592	1.0
60	625	1.0
470	494	1.0
75	71	1.0
40	1361	1.0
473	380	1.0
1500	656	1.0
873	872	1.0
853	1608	1.0
1891	1733	1.0
873	865	1.0
882	527	1.0
73	125	1.0
75	47	1.0
69	269	1.0
40	1342	1.0
884	448	1.0
1503	514	1.0
1516	20	1.0
69	254	1.0
1915	810	1.0
1915	811	1.0
39	1360	1.0
39	1359	1.0
1903	1259	1.0
49	985	1.0
1924	468	1.0
71	170	1.0
1931	212	1.0
479	96	1.0
891	276	1.0
53	689	1.0
71	26	1.0
68	138	1.0
49	841	1.0
69	104	1.0
68	143	1.0
58	512	1.0
1917	594	1.0
868	1139	1.0
852	1703	1.0
60	415	1.0
876	822	1.0
470	418	1.0
63	314	1.0
58	499	1.0
40	1165	1.0
1917	575	1.0
894	158	1.0
71	20	1.0
65	242	1.0
20	1878	1.0
67	137	1.0
472	327	1.0
69	68	1.0
444	1362	1.0
69	67	1.0
479	71	1.0
49	811	1.0
853	1661	1.0
68	86	1.0
20	1862	1.0
443	1378	1.0
444	1342	1.0
69	48	1.0
69	54	1.0
1931	20	1.0
876	790	1.0
854	1607	1.0
40	1135	1.0
70	22	1.0
865	1302	1.0
65	307	1.0
40	1245	1.0
463	633	1.0
68	210	1.0
72	58	1.0
68	206	1.0
467	461	1.0
1934	2	1.0
868	1176	1.0
878	803	1.0
1505	587	1.0
36	1372	1.0
60	485	1.0
1915	720	1.0
456	873	1.0
49	894	1.0
62	391	1.0
72	20	1.0
1513	272	1.0
63	364	1.0
442	1378	1.0
865	1276	1.0
60	468	1.0
28	1634	1.0
442	1351	1.0
64	297	1.0
442	1362	1.0
458	769	1.0
64	147	1.0
49	701	1.0
51	631	1.0
865	1361	1.0
68	1	1.0
485	253	1.0
486	203	1.0
881	757	1.0
54	511	1.0
901	40	1.0
462	1115	1.0
452	1486	1.0
49	716	1.0
1521	204	1.0
67	54	1.0
30	1412	1.0
1941	83	1.0
66	84	1.0
1939	153	1.0
1899	1635	1.0
456	1282	1.0
474	615	1.0
34	1217	1.0
884	619	1.0
470	766	1.0
42	942	1.0
36	1164	1.0
489	86	1.0
1934	321	1.0
865	1339	1.0
456	1305	1.0
29	1426	1.0
1942	20	1.0
1939	129	1.0
865	1343	1.0
1923	719	1.0
1939	128	1.0
467	889	1.0
456	1302	1.0
49	679	1.0
1941	49	1.0
490	42	1.0
64	126	1.0
1939	122	1.0
1939	209	1.0
470	745	1.0
1939	212	1.0
63	246	1.0
900	127	1.0
477	476	1.0
68	58	1.0
485	182	1.0
485	175	1.0
1944	20	1.0
490	20	1.0
62	303	1.0
69	42	1.0
1489	1316	1.0
65	186	1.0
69	36	1.0
64	221	1.0
69	33	1.0
60	365	1.0
68	69	1.0
1939	180	1.0
1939	177	1.0
1506	653	1.0
1939	172	1.0
64	173	1.0
66	98	1.0
62	248	1.0
1938	212	1.0
68	48	1.0
1939	196	1.0
463	985	1.0
67	88	1.0
1939	199	1.0
58	415	1.0
68	36	1.0
21	1776	1.0
69	2	1.0
68	39	1.0
62	84	1.0
481	265	1.0
63	49	1.0
49	567	1.0
40	901	1.0
485	122	1.0
55	356	1.0
450	1420	1.0
64	20	1.0
49	575	1.0
1939	20	1.0
1939	29	1.0
20	1658	1.0
1939	28	1.0
49	590	1.0
18	1738	1.0
450	1376	1.0
1900	1426	1.0
485	86	1.0
873	1157	1.0
59	171	1.0
1923	582	1.0
1528	27	1.0
62	64	1.0
863	1534	1.0
58	219	1.0
63	33	1.0
1939	8	1.0
1939	7	1.0
20	1635	1.0
1939	2	1.0
470	606	1.0
64	78	1.0
60	226	1.0
64	79	1.0
483	127	1.0
1941	2	1.0
485	49	1.0
1939	79	1.0
62	147	1.0
64	86	1.0
1941	8	1.0
467	727	1.0
64	84	1.0
1939	83	1.0
64	85	1.0
64	82	1.0
1939	85	1.0
64	83	1.0
1939	86	1.0
64	80	1.0
64	81	1.0
66	21	1.0
61	204	1.0
1941	20	1.0
20	1718	1.0
465	806	1.0
873	1262	1.0
63	125	1.0
60	251	1.0
1939	98	1.0
1937	173	1.0
64	44	1.0
63	83	1.0
1939	42	1.0
896	375	1.0
1939	49	1.0
64	48	1.0
1939	55	1.0
1502	927	1.0
465	778	1.0
468	667	1.0
485	38	1.0
485	36	1.0
903	121	1.0
64	62	1.0
460	959	1.0
872	1276	1.0
1939	72	1.0
21	1655	1.0
901	200	1.0
20	398	1.0
1446	185	1.0
1446	184	1.0
1917	98	1.0
470	827	1.0
29	58	1.0
8	835	1.0
929	1446	1.0
456	1369	1.0
485	297	1.0
947	805	1.0
29	86	1.0
24	271	1.0
1895	927	1.0
1426	930	1.0
485	287	1.0
1917	107	1.0
483	364	1.0
1426	932	1.0
472	770	1.0
28	108	1.0
930	1426	1.0
491	72	1.0
926	1576	1.0
926	1577	1.0
483	388	1.0
29	98	1.0
24	284	1.0
483	392	1.0
29	101	1.0
1918	86	1.0
23	313	1.0
1905	594	1.0
7	927	1.0
1917	145	1.0
1899	811	1.0
24	189	1.0
20	337	1.0
483	418	1.0
1882	1333	1.0
7	811	1.0
488	224	1.0
1907	398	1.0
1913	177	1.0
19	362	1.0
29	20	1.0
1899	716	1.0
20	350	1.0
485	362	1.0
22	275	1.0
29	14	1.0
465	1095	1.0
16	494	1.0
29	7	1.0
494	48	1.0
29	36	1.0
4	957	1.0
25	172	1.0
929	1412	1.0
963	181	1.0
952	586	1.0
470	947	1.0
4	970	1.0
483	460	1.0
29	40	1.0
927	1502	1.0
1921	72	1.0
485	399	1.0
957	281	1.0
929	1318	1.0
29	183	1.0
32	86	1.0
29	196	1.0
489	267	1.0
33	54	1.0
488	307	1.0
929	1336	1.0
468	1052	1.0
493	134	1.0
29	212	1.0
942	868	1.0
21	511	1.0
959	238	1.0
18	624	1.0
963	99	1.0
33	78	1.0
497	2	1.0
959	251	1.0
1443	194	1.0
492	190	1.0
21	527	1.0
484	485	1.0
472	929	1.0
33	87	1.0
29	235	1.0
959	263	1.0
20	575	1.0
15	761	1.0
20	577	1.0
959	266	1.0
963	117	1.0
33	98	1.0
20	579	1.0
929	1251	1.0
1408	1522	1.0
29	132	1.0
29	130	1.0
29	129	1.0
29	127	1.0
23	357	1.0
30	109	1.0
33	7	1.0
27	226	1.0
963	28	1.0
963	25	1.0
32	42	1.0
32	54	1.0
1878	1634	1.0
29	172	1.0
1447	117	1.0
29	170	1.0
925	1461	1.0
24	366	1.0
961	127	1.0
491	302	1.0
1919	134	1.0
957	274	1.0
20	510	1.0
470	1109	1.0
1882	1666	1.0
975	25	1.0
24	2	1.0
20	153	1.0
14	362	1.0
927	1783	1.0
482	649	1.0
22	70	1.0
2	811	1.0
8	576	1.0
974	36	1.0
20	134	1.0
22	61	1.0
21	98	1.0
8	582	1.0
492	326	1.0
1926	72	1.0
976	20	1.0
14	415	1.0
25	7	1.0
22	113	1.0
970	222	1.0
499	51	1.0
20	172	1.0
20	173	1.0
959	622	1.0
22	90	1.0
487	488	1.0
467	1229	1.0
1879	1783	1.0
1878	1820	1.0
20	169	1.0
7	580	1.0
20	98	1.0
7	579	1.0
497	172	1.0
971	106	1.0
1460	1	1.0
7	575	1.0
1442	655	1.0
16	238	1.0
20	85	1.0
948	949	1.0
20	86	1.0
14	302	1.0
1878	1733	1.0
20	83	1.0
1918	254	1.0
20	79	1.0
20	72	1.0
971	86	1.0
21	38	1.0
14	297	1.0
499	75	1.0
467	1318	1.0
485	654	1.0
20	129	1.0
7	606	1.0
1449	442	1.0
5	678	1.0
20	122	1.0
488	535	1.0
21	83	1.0
942	1198	1.0
974	17	1.0
7	594	1.0
13	370	1.0
20	109	1.0
4	698	1.0
20	107	1.0
21	66	1.0
7	584	1.0
1917	316	1.0
22	26	1.0
491	404	1.0
1	804	1.0
4	868	1.0
1412	1578	1.0
24	130	1.0
483	746	1.0
20	280	1.0
5	836	1.0
503	9	1.0
1	985	1.0
22	209	1.0
20	283	1.0
968	155	1.0
22	210	1.0
1927	129	1.0
1882	1773	1.0
971	20	1.0
486	624	1.0
1878	1915	1.0
20	266	1.0
26	49	1.0
1445	348	1.0
957	587	1.0
1448	272	1.0
1412	1616	1.0
1882	1827	1.0
21	280	1.0
1925	212	1.0
499	172	1.0
5	848	1.0
972	21	1.0
497	251	1.0
20	307	1.0
21	180	1.0
496	330	1.0
20	212	1.0
25	28	1.0
963	266	1.0
932	1426	1.0
467	1413	1.0
22	153	1.0
492	486	1.0
1882	1733	1.0
1878	1878	1.0
25	18	1.0
1879	1820	1.0
930	1470	1.0
25	14	1.0
22	125	1.0
20	210	1.0
470	1285	1.0
959	405	1.0
21	170	1.0
15	392	1.0
26	28	1.0
971	8	1.0
20	246	1.0
472	1250	1.0
1878	1905	1.0
504	76	1.0
966	197	1.0
467	1443	1.0
21	197	1.0
24	84	1.0
483	839	1.0
1419	1405	1.0
930	1965	1.0
39	242	1.0
38	280	1.0
942	1517	1.0
506	48	1.0
42	127	1.0
1424	516	1.0
39	240	1.0
1412	949	1.0
982	30	1.0
1411	985	1.0
20	932	1.0
1394	1620	1.0
34	415	1.0
38	297	1.0
467	1509	1.0
979	162	1.0
36	360	1.0
481	943	1.0
979	119	1.0
1412	929	1.0
506	14	1.0
29	577	1.0
40	171	1.0
29	575	1.0
39	206	1.0
29	576	1.0
495	415	1.0
504	83	1.0
29	568	1.0
467	1478	1.0
20	930	1.0
1428	352	1.0
39	224	1.0
29	594	1.0
20	927	1.0
44	33	1.0
1897	334	1.0
1906	2	1.0
39	177	1.0
42	68	1.0
39	180	1.0
32	439	1.0
39	169	1.0
483	960	1.0
1899	212	1.0
39	172	1.0
40	153	1.0
506	127	1.0
39	181	1.0
470	1457	1.0
1412	1029	1.0
501	307	1.0
39	143	1.0
39	144	1.0
1401	1402	1.0
1420	698	1.0
970	388	1.0
26	615	1.0
1857	1733	1.0
467	1520	1.0
1421	675	1.0
1421	676	1.0
1904	20	1.0
40	120	1.0
490	690	1.0
927	1983	1.0
964	614	1.0
29	525	1.0
927	1939	1.0
506	173	1.0
952	1010	1.0
510	20	1.0
510	19	1.0
33	582	1.0
470	1498	1.0
18	1147	1.0
966	505	1.0
464	1733	1.0
47	75	1.0
40	334	1.0
48	33	1.0
29	738	1.0
963	624	1.0
49	7	1.0
510	38	1.0
927	1960	1.0
979	36	1.0
494	582	1.0
506	135	1.0
930	1791	1.0
957	792	1.0
483	988	1.0
38	362	1.0
971	287	1.0
509	38	1.0
1420	504	1.0
1426	283	1.0
48	2	1.0
974	172	1.0
1412	803	1.0
509	33	1.0
39	345	1.0
36	456	1.0
46	87	1.0
485	928	1.0
974	181	1.0
1420	514	1.0
506	162	1.0
467	1606	1.0
48	20	1.0
15	1240	1.0
505	197	1.0
30	682	1.0
32	555	1.0
506	230	1.0
970	287	1.0
483	1096	1.0
971	254	1.0
506	242	1.0
506	248	1.0
1404	1199	1.0
478	1286	1.0
1882	982	1.0
511	72	1.0
30	653	1.0
25	841	1.0
509	92	1.0
44	83	1.0
39	267	1.0
2	1636	1.0
485	982	1.0
949	1031	1.0
498	502	1.0
38	307	1.0
1412	863	1.0
974	117	1.0
1882	963	1.0
974	125	1.0
33	511	1.0
15	891	1.0
1445	14	1.0
18	774	1.0
988	80	1.0
1399	1701	1.0
38	33	1.0
32	254	1.0
1436	334	1.0
506	313	1.0
20	689	1.0
1898	577	1.0
38	21	1.0
982	293	1.0
1442	109	1.0
22	611	1.0
470	1625	1.0
1444	15	1.0
509	181	1.0
33	186	1.0
984	194	1.0
513	20	1.0
30	292	1.0
953	1333	1.0
981	297	1.0
509	162	1.0
15	838	1.0
30	278	1.0
509	271	1.0
1911	48	1.0
22	557	1.0
29	297	1.0
30	265	1.0
29	280	1.0
14	840	1.0
29	284	1.0
985	102	1.0
509	241	1.0
1402	1634	1.0
509	240	1.0
512	120	1.0
36	9	1.0
1902	341	1.0
34	85	1.0
978	355	1.0
20	594	1.0
969	669	1.0
470	1658	1.0
509	221	1.0
33	105	1.0
33	106	1.0
29	254	1.0
1426	575	1.0
1917	7	1.0
39	124	1.0
1426	577	1.0
959	1027	1.0
1426	579	1.0
1438	135	1.0
483	1289	1.0
16	970	1.0
1412	1096	1.0
509	328	1.0
38	169	1.0
981	222	1.0
516	83	1.0
1914	129	1.0
39	127	1.0
1412	1106	1.0
1438	117	1.0
969	635	1.0
514	127	1.0
506	425	1.0
1915	72	1.0
959	996	1.0
39	89	1.0
976	365	1.0
41	17	1.0
38	128	1.0
516	38	1.0
499	667	1.0
517	2	1.0
516	39	1.0
39	86	1.0
985	28	1.0
1408	1213	1.0
39	96	1.0
963	831	1.0
1427	492	1.0
40	36	1.0
509	280	1.0
963	839	1.0
959	985	1.0
1908	305	1.0
1399	1538	1.0
39	79	1.0
25	597	1.0
37	127	1.0
1443	15	1.0
40	20	1.0
29	433	1.0
506	511	1.0
38	98	1.0
1431	467	1.0
39	68	1.0
518	72	1.0
951	1267	1.0
40	29	1.0
31	362	1.0
518	42	1.0
39	38	1.0
1412	1140	1.0
38	80	1.0
507	456	1.0
1412	1143	1.0
15	935	1.0
39	46	1.0
38	83	1.0
33	267	1.0
957	1029	1.0
39	21	1.0
39	22	1.0
1411	1165	1.0
1412	1128	1.0
33	246	1.0
1909	212	1.0
1412	1126	1.0
39	27	1.0
983	46	1.0
507	441	1.0
507	442	1.0
33	254	1.0
33	256	1.0
931	1974	1.0
39	8	1.0
39	7	1.0
21	678	1.0
1914	7	1.0
22	645	1.0
7	1200	1.0
39	20	1.0
1472	297	1.0
1886	150	1.0
1874	594	1.0
485	1372	1.0
1473	272	1.0
516	221	1.0
1	14	1.0
932	254	1.0
1890	20	1.0
1478	99	1.0
1884	254	1.0
518	172	1.0
506	615	1.0
522	36	1.0
934	212	1.0
2	8	1.0
936	136	1.0
1889	85	1.0
2	20	1.0
509	522	1.0
939	36	1.0
520	127	1.0
1464	651	1.0
491	1199	1.0
522	49	1.0
1	60	1.0
1478	15	1.0
512	307	1.0
2	49	1.0
927	510	1.0
2	48	1.0
1889	129	1.0
933	302	1.0
509	437	1.0
938	120	1.0
1	101	1.0
2	69	1.0
1	109	1.0
4	1	1.0
1	118	1.0
2	83	1.0
923	696	1.0
4	14	1.0
1	127	1.0
2	105	1.0
935	15	1.0
508	647	1.0
927	301	1.0
1893	20	1.0
520	194	1.0
906	1103	1.0
516	365	1.0
1882	453	1.0
525	29	1.0
522	134	1.0
906	1097	1.0
906	1096	1.0
1889	186	1.0
525	54	1.0
3	102	1.0
934	84	1.0
522	161	1.0
1471	239	1.0
929	265	1.0
928	300	1.0
525	42	1.0
2	127	1.0
509	633	1.0
1448	1093	1.0
494	1186	1.0
525	69	1.0
1	191	1.0
525	68	1.0
932	172	1.0
934	98	1.0
506	767	1.0
1855	1471	1.0
1879	582	1.0
1425	1855	1.0
1889	242	1.0
2	172	1.0
2	170	1.0
929	291	1.0
1	198	1.0
4	86	1.0
929	293	1.0
506	651	1.0
518	226	1.0
1	222	1.0
7	2	1.0
2	204	1.0
1437	1438	1.0
483	1530	1.0
7	8	1.0
4	119	1.0
522	86	1.0
483	1529	1.0
929	330	1.0
514	388	1.0
4	122	1.0
7	29	1.0
935	127	1.0
7	33	1.0
7	25	1.0
522	109	1.0
528	42	1.0
527	77	1.0
1882	577	1.0
526	127	1.0
1882	575	1.0
528	51	1.0
521	307	1.0
522	253	1.0
941	172	1.0
930	577	1.0
1882	556	1.0
930	575	1.0
1862	1298	1.0
1896	87	1.0
947	8	1.0
516	525	1.0
1452	1325	1.0
1882	582	1.0
527	98	1.0
522	284	1.0
929	655	1.0
525	181	1.0
931	577	1.0
929	653	1.0
528	67	1.0
932	582	1.0
516	421	1.0
527	20	1.0
943	181	1.0
527	21	1.0
932	594	1.0
506	803	1.0
527	25	1.0
916	1159	1.0
916	1158	1.0
521	224	1.0
932	575	1.0
516	415	1.0
934	499	1.0
522	191	1.0
932	577	1.0
947	22	1.0
524	120	1.0
496	1199	1.0
946	107	1.0
528	20	1.0
947	72	1.0
507	773	1.0
1899	20	1.0
523	186	1.0
528	7	1.0
940	107	1.0
528	177	1.0
530	101	1.0
528	170	1.0
934	316	1.0
927	574	1.0
522	388	1.0
1894	243	1.0
528	212	1.0
528	213	1.0
1481	150	1.0
528	209	1.0
528	210	1.0
1480	183	1.0
942	42	1.0
1901	20	1.0
1469	582	1.0
927	594	1.0
530	117	1.0
1899	83	1.0
929	515	1.0
514	633	1.0
505	966	1.0
941	127	1.0
1438	1639	1.0
1899	129	1.0
934	372	1.0
507	873	1.0
899	1672	1.0
527	127	1.0
934	362	1.0
507	872	1.0
939	181	1.0
1478	194	1.0
526	210	1.0
1455	1041	1.0
528	139	1.0
525	254	1.0
1471	441	1.0
1444	1443	1.0
1878	927	1.0
1842	1300	1.0
2	511	1.0
7	327	1.0
1443	891	1.0
1828	1827	1.0
514	839	1.0
8	300	1.0
14	80	1.0
7	350	1.0
940	516	1.0
525	452	1.0
1460	233	1.0
528	280	1.0
522	509	1.0
1445	792	1.0
14	49	1.0
1827	1828	1.0
13	90	1.0
516	742	1.0
505	1152	1.0
7	316	1.0
947	222	1.0
13	93	1.0
1876	20	1.0
953	8	1.0
7	321	1.0
528	254	1.0
930	932	1.0
930	931	1.0
528	252	1.0
1441	905	1.0
14	132	1.0
2	577	1.0
951	164	1.0
525	373	1.0
7	401	1.0
528	263	1.0
1426	1469	1.0
7	398	1.0
1426	1470	1.0
520	563	1.0
1460	222	1.0
516	723	1.0
13	197	1.0
516	719	1.0
521	533	1.0
520	568	1.0
14	105	1.0
947	271	1.0
533	38	1.0
512	811	1.0
8	321	1.0
1445	727	1.0
7	372	1.0
15	72	1.0
13	144	1.0
17	8	1.0
531	122	1.0
528	235	1.0
527	272	1.0
524	382	1.0
528	453	1.0
7	468	1.0
528	452	1.0
1878	98	1.0
538	72	1.0
1874	243	1.0
947	109	1.0
925	924	1.0
1877	127	1.0
10	366	1.0
20	2	1.0
507	1237	1.0
1454	370	1.0
16	143	1.0
1	698	1.0
18	25	1.0
925	898	1.0
929	754	1.0
490	1819	1.0
7	428	1.0
507	1209	1.0
536	143	1.0
16	117	1.0
1878	85	1.0
906	1607	1.0
929	755	1.0
537	98	1.0
20	49	1.0
8	492	1.0
2	716	1.0
21	8	1.0
1882	20	1.0
18	121	1.0
1879	129	1.0
1882	8	1.0
20	36	1.0
1881	49	1.0
21	2	1.0
1882	33	1.0
929	863	1.0
14	284	1.0
15	203	1.0
492	1687	1.0
2	678	1.0
1879	85	1.0
20	8	1.0
20	7	1.0
1878	129	1.0
1	738	1.0
926	944	1.0
528	370	1.0
20	29	1.0
1878	153	1.0
15	212	1.0
507	1361	1.0
7	86	1.0
529	550	1.0
1879	203	1.0
1882	87	1.0
956	181	1.0
507	1369	1.0
1882	98	1.0
7	98	1.0
957	119	1.0
507	1346	1.0
2	254	1.0
4	181	1.0
2	260	1.0
1	297	1.0
3	222	1.0
528	575	1.0
955	202	1.0
7	79	1.0
528	577	1.0
1882	85	1.0
7	83	1.0
541	99	1.0
8	17	1.0
530	481	1.0
939	769	1.0
5	130	1.0
918	1553	1.0
8	20	1.0
507	1339	1.0
537	234	1.0
536	269	1.0
1879	153	1.0
7	42	1.0
534	325	1.0
1882	51	1.0
7	49	1.0
1882	49	1.0
3	303	1.0
929	1237	1.0
1471	71	1.0
520	831	1.0
1867	716	1.0
5	235	1.0
494	1792	1.0
1460	480	1.0
516	952	1.0
1882	134	1.0
2	321	1.0
6	185	1.0
522	741	1.0
6	180	1.0
533	328	1.0
1	364	1.0
7	122	1.0
7	121	1.0
528	494	1.0
8	86	1.0
533	307	1.0
8	83	1.0
525	614	1.0
7	129	1.0
1880	207	1.0
929	1214	1.0
2	310	1.0
959	101	1.0
959	102	1.0
7	127	1.0
7	107	1.0
5	181	1.0
1883	71	1.0
1859	959	1.0
929	1187	1.0
929	1199	1.0
957	162	1.0
1471	28	1.0
1882	117	1.0
1468	117	1.0
2	410	1.0
1465	226	1.0
528	716	1.0
939	677	1.0
1464	258	1.0
939	667	1.0
12	20	1.0
533	521	1.0
1882	212	1.0
7	212	1.0
957	4	1.0
1432	1433	1.0
932	930	1.0
954	102	1.0
950	251	1.0
929	1029	1.0
545	72	1.0
1878	347	1.0
943	516	1.0
1882	196	1.0
1467	127	1.0
8	153	1.0
1458	458	1.0
528	689	1.0
8	144	1.0
4	297	1.0
3	324	1.0
931	930	1.0
543	117	1.0
918	1415	1.0
1884	98	1.0
1882	172	1.0
11	20	1.0
1882	170	1.0
7	170	1.0
7	169	1.0
934	814	1.0
943	481	1.0
1466	127	1.0
8	254	1.0
1882	287	1.0
1889	29	1.0
543	101	1.0
14	29	1.0
7	283	1.0
926	1218	1.0
13	58	1.0
7	280	1.0
2	453	1.0
1882	263	1.0
1882	265	1.0
929	1091	1.0
1882	267	1.0
1430	1429	1.0
1885	143	1.0
1887	63	1.0
1882	248	1.0
1	468	1.0
7	248	1.0
528	610	1.0
541	127	1.0
1888	20	1.0
1882	242	1.0
1444	891	1.0
1882	235	1.0
189	186	1.0
193	36	1.0
988	1479	1.0
1875	20	1.0
1009	713	1.0
1395	194	1.0
545	546	1.0
547	412	1.0
1018	330	1.0
549	349	1.0
143	1866	1.0
541	643	1.0
183	388	1.0
143	1868	1.0
171	835	1.0
556	98	1.0
191	102	1.0
191	101	1.0
1870	190	1.0
1015	467	1.0
191	107	1.0
516	1658	1.0
182	382	1.0
555	212	1.0
560	36	1.0
165	1022	1.0
186	242	1.0
1865	334	1.0
559	78	1.0
177	582	1.0
1023	127	1.0
1022	165	1.0
174	703	1.0
187	219	1.0
554	272	1.0
1872	86	1.0
191	18	1.0
191	25	1.0
1014	422	1.0
143	1810	1.0
1867	226	1.0
552	307	1.0
189	104	1.0
1393	297	1.0
143	1808	1.0
1021	181	1.0
1871	86	1.0
994	1176	1.0
982	1620	1.0
183	290	1.0
183	284	1.0
172	689	1.0
554	60	1.0
1018	515	1.0
1029	107	1.0
189	83	1.0
1029	109	1.0
1015	614	1.0
553	107	1.0
169	811	1.0
1369	1282	1.0
183	297	1.0
185	180	1.0
143	1734	1.0
1820	1899	1.0
1858	492	1.0
1362	1501	1.0
185	184	1.0
1399	127	1.0
1836	1300	1.0
1362	1495	1.0
189	24	1.0
514	1504	1.0
182	284	1.0
175	543	1.0
187	101	1.0
1869	72	1.0
1009	792	1.0
1028	109	1.0
183	272	1.0
1402	33	1.0
516	1456	1.0
543	445	1.0
183	266	1.0
557	22	1.0
158	1151	1.0
1029	30	1.0
510	1757	1.0
184	185	1.0
1026	132	1.0
162	995	1.0
184	180	1.0
178	398	1.0
1400	183	1.0
1820	1878	1.0
1820	1879	1.0
176	497	1.0
1029	36	1.0
183	235	1.0
1855	575	1.0
186	120	1.0
1855	577	1.0
172	637	1.0
1861	314	1.0
552	173	1.0
552	172	1.0
522	1282	1.0
1399	190	1.0
181	263	1.0
175	481	1.0
1009	727	1.0
1402	75	1.0
1029	14	1.0
1369	1318	1.0
1006	857	1.0
1362	1569	1.0
188	17	1.0
169	720	1.0
162	979	1.0
1028	40	1.0
530	991	1.0
525	1016	1.0
1016	196	1.0
198	128	1.0
178	868	1.0
992	1090	1.0
1011	385	1.0
1018	127	1.0
552	24	1.0
197	172	1.0
175	985	1.0
197	173	1.0
198	107	1.0
1012	328	1.0
197	150	1.0
520	1198	1.0
1015	226	1.0
198	120	1.0
1842	983	1.0
1390	86	1.0
548	135	1.0
1369	865	1.0
198	90	1.0
1015	206	1.0
525	994	1.0
1369	873	1.0
198	98	1.0
197	135	1.0
194	251	1.0
1015	182	1.0
198	77	1.0
197	117	1.0
1019	42	1.0
545	235	1.0
997	858	1.0
197	125	1.0
198	89	1.0
1015	172	1.0
549	194	1.0
1860	267	1.0
1862	196	1.0
198	72	1.0
525	1090	1.0
540	515	1.0
1362	1199	1.0
198	49	1.0
197	86	1.0
175	883	1.0
1011	284	1.0
197	77	1.0
551	100	1.0
549	173	1.0
1011	290	1.0
971	1770	1.0
198	34	1.0
1365	1060	1.0
1015	130	1.0
196	98	1.0
197	60	1.0
198	20	1.0
198	18	1.0
1860	226	1.0
1379	664	1.0
995	1106	1.0
524	938	1.0
198	7	1.0
196	83	1.0
197	33	1.0
175	838	1.0
183	541	1.0
1394	93	1.0
194	127	1.0
1383	482	1.0
172	932	1.0
1001	853	1.0
1023	42	1.0
197	13	1.0
197	14	1.0
196	38	1.0
189	297	1.0
535	488	1.0
545	119	1.0
172	930	1.0
153	1634	1.0
545	121	1.0
543	181	1.0
1859	199	1.0
194	109	1.0
194	107	1.0
196	20	1.0
1820	1634	1.0
1015	313	1.0
1018	195	1.0
516	1296	1.0
196	13	1.0
549	72	1.0
1012	411	1.0
196	8	1.0
541	364	1.0
524	990	1.0
193	117	1.0
196	2	1.0
1825	1426	1.0
514	1345	1.0
1012	391	1.0
178	657	1.0
1002	757	1.0
173	835	1.0
995	1015	1.0
183	463	1.0
1852	410	1.0
1854	326	1.0
181	524	1.0
1862	20	1.0
182	485	1.0
1857	196	1.0
1372	929	1.0
173	1259	1.0
571	40	1.0
207	2	1.0
1037	138	1.0
181	959	1.0
571	36	1.0
571	33	1.0
564	292	1.0
197	370	1.0
205	85	1.0
1372	485	1.0
181	974	1.0
207	8	1.0
563	352	1.0
194	499	1.0
561	428	1.0
1855	237	1.0
1028	504	1.0
567	218	1.0
1374	441	1.0
1374	442	1.0
1015	995	1.0
571	86	1.0
1351	1302	1.0
1028	516	1.0
198	381	1.0
191	639	1.0
181	1008	1.0
1374	456	1.0
573	20	1.0
1354	1199	1.0
1012	1123	1.0
571	90	1.0
563	388	1.0
1029	369	1.0
194	415	1.0
1028	404	1.0
1382	174	1.0
203	85	1.0
540	1251	1.0
198	271	1.0
197	310	1.0
573	33	1.0
153	1939	1.0
183	831	1.0
530	1629	1.0
563	405	1.0
1841	678	1.0
571	128	1.0
526	1792	1.0
1029	396	1.0
563	428	1.0
563	434	1.0
194	454	1.0
173	1237	1.0
1374	507	1.0
1352	1320	1.0
1358	1100	1.0
1037	119	1.0
1351	1369	1.0
1855	196	1.0
575	2	1.0
1028	460	1.0
1351	1378	1.0
190	619	1.0
1851	352	1.0
1028	463	1.0
198	328	1.0
197	365	1.0
1842	678	1.0
198	327	1.0
1376	450	1.0
197	251	1.0
568	29	1.0
563	214	1.0
1855	86	1.0
153	1878	1.0
198	212	1.0
194	355	1.0
197	240	1.0
1375	499	1.0
1380	334	1.0
568	42	1.0
1842	575	1.0
1028	615	1.0
555	516	1.0
1028	612	1.0
569	25	1.0
197	280	1.0
1842	590	1.0
1015	1115	1.0
197	300	1.0
568	72	1.0
1023	839	1.0
564	212	1.0
198	251	1.0
153	1816	1.0
1015	1028	1.0
196	224	1.0
1015	1025	1.0
196	213	1.0
180	805	1.0
1855	20	1.0
1351	1449	1.0
194	290	1.0
568	85	1.0
1042	40	1.0
197	202	1.0
1013	1115	1.0
194	302	1.0
1855	36	1.0
1855	29	1.0
198	181	1.0
1372	712	1.0
195	284	1.0
198	172	1.0
1854	86	1.0
180	843	1.0
1029	532	1.0
1015	1051	1.0
1028	571	1.0
198	194	1.0
564	290	1.0
197	235	1.0
198	199	1.0
175	1039	1.0
571	18	1.0
198	186	1.0
196	267	1.0
1854	2	1.0
1028	235	1.0
1029	194	1.0
194	750	1.0
1029	203	1.0
209	210	1.0
196	689	1.0
563	98	1.0
210	169	1.0
197	650	1.0
1029	201	1.0
564	40	1.0
563	77	1.0
1849	173	1.0
1028	212	1.0
210	143	1.0
1372	226	1.0
558	266	1.0
213	40	1.0
563	127	1.0
563	125	1.0
196	716	1.0
196	719	1.0
1012	839	1.0
210	175	1.0
1854	29	1.0
1009	960	1.0
199	590	1.0
1372	266	1.0
1029	127	1.0
210	97	1.0
549	673	1.0
983	1842	1.0
208	181	1.0
209	143	1.0
564	101	1.0
1372	284	1.0
197	563	1.0
1023	341	1.0
181	1165	1.0
1015	684	1.0
206	280	1.0
1369	444	1.0
1028	206	1.0
1853	20	1.0
1028	182	1.0
563	170	1.0
206	266	1.0
1369	442	1.0
197	601	1.0
1357	884	1.0
210	125	1.0
197	606	1.0
210	42	1.0
1804	1734	1.0
196	556	1.0
1015	847	1.0
197	520	1.0
210	36	1.0
1803	1764	1.0
207	143	1.0
210	33	1.0
552	366	1.0
206	172	1.0
197	505	1.0
208	97	1.0
1850	20	1.0
210	20	1.0
1378	127	1.0
1017	754	1.0
544	710	1.0
181	1145	1.0
210	67	1.0
210	68	1.0
210	69	1.0
1369	507	1.0
555	292	1.0
196	582	1.0
194	651	1.0
1028	384	1.0
194	648	1.0
181	1124	1.0
209	90	1.0
1376	233	1.0
1842	267	1.0
563	36	1.0
198	419	1.0
520	1628	1.0
516	1776	1.0
208	54	1.0
198	422	1.0
1333	1882	1.0
1033	121	1.0
1842	260	1.0
543	770	1.0
198	405	1.0
1009	988	1.0
1842	252	1.0
1012	883	1.0
203	212	1.0
1848	20	1.0
197	431	1.0
198	399	1.0
1843	203	1.0
563	72	1.0
209	48	1.0
210	12	1.0
520	1648	1.0
1029	292	1.0
1348	1349	1.0
1028	328	1.0
516	1795	1.0
1014	838	1.0
1029	284	1.0
209	20	1.0
209	22	1.0
1029	272	1.0
530	1269	1.0
197	468	1.0
516	1785	1.0
1802	1634	1.0
995	132	1.0
1839	254	1.0
957	1533	1.0
575	494	1.0
1412	653	1.0
150	568	1.0
587	80	1.0
1412	657	1.0
1842	170	1.0
1837	355	1.0
585	150	1.0
1798	1790	1.0
1396	1199	1.0
1820	932	1.0
577	398	1.0
1843	85	1.0
1827	678	1.0
138	957	1.0
1426	83	1.0
153	398	1.0
1426	105	1.0
1417	433	1.0
587	36	1.0
162	78	1.0
160	152	1.0
1845	20	1.0
571	625	1.0
584	107	1.0
153	506	1.0
585	74	1.0
566	765	1.0
582	177	1.0
981	727	1.0
1420	297	1.0
585	83	1.0
1846	86	1.0
582	196	1.0
993	287	1.0
156	409	1.0
982	682	1.0
577	372	1.0
974	979	1.0
554	1226	1.0
989	386	1.0
150	579	1.0
1846	38	1.0
585	36	1.0
155	398	1.0
150	585	1.0
1426	20	1.0
580	212	1.0
575	398	1.0
976	883	1.0
994	214	1.0
584	83	1.0
1829	678	1.0
994	209	1.0
1842	196	1.0
563	857	1.0
160	47	1.0
1412	758	1.0
568	624	1.0
150	412	1.0
571	516	1.0
1842	20	1.0
153	310	1.0
143	678	1.0
150	418	1.0
584	49	1.0
577	309	1.0
153	316	1.0
583	98	1.0
577	321	1.0
981	792	1.0
579	242	1.0
584	7	1.0
152	309	1.0
1412	727	1.0
119	1529	1.0
150	389	1.0
988	485	1.0
1386	1704	1.0
568	615	1.0
1001	15	1.0
577	280	1.0
571	499	1.0
155	212	1.0
1842	7	1.0
582	98	1.0
576	321	1.0
579	153	1.0
155	290	1.0
581	86	1.0
568	568	1.0
572	425	1.0
1842	87	1.0
575	316	1.0
577	243	1.0
994	366	1.0
568	577	1.0
577	246	1.0
575	280	1.0
577	205	1.0
579	129	1.0
152	380	1.0
160	86	1.0
582	28	1.0
1842	68	1.0
576	251	1.0
571	433	1.0
577	212	1.0
977	970	1.0
143	721	1.0
582	33	1.0
574	326	1.0
1426	172	1.0
170	83	1.0
571	415	1.0
575	266	1.0
125	1743	1.0
568	520	1.0
572	370	1.0
1412	388	1.0
965	996	1.0
168	150	1.0
170	71	1.0
155	625	1.0
575	254	1.0
169	109	1.0
143	1065	1.0
1399	863	1.0
577	171	1.0
1838	46	1.0
979	465	1.0
579	98	1.0
575	246	1.0
577	170	1.0
169	98	1.0
168	135	1.0
169	92	1.0
1408	512	1.0
1807	1174	1.0
988	121	1.0
986	191	1.0
169	83	1.0
981	364	1.0
1399	830	1.0
1402	719	1.0
1389	1199	1.0
579	65	1.0
170	29	1.0
575	212	1.0
150	767	1.0
166	172	1.0
1416	190	1.0
577	129	1.0
580	7	1.0
577	118	1.0
169	172	1.0
569	411	1.0
577	110	1.0
563	632	1.0
173	20	1.0
169	170	1.0
1796	1658	1.0
577	102	1.0
577	105	1.0
1402	680	1.0
172	49	1.0
150	864	1.0
1402	678	1.0
988	181	1.0
150	852	1.0
985	294	1.0
1825	577	1.0
129	1634	1.0
575	172	1.0
528	1910	1.0
577	83	1.0
1822	678	1.0
153	732	1.0
576	122	1.0
989	127	1.0
578	39	1.0
1412	291	1.0
1412	284	1.0
982	392	1.0
156	606	1.0
170	86	1.0
571	293	1.0
169	128	1.0
153	575	1.0
575	129	1.0
138	1127	1.0
155	499	1.0
1412	520	1.0
1425	46	1.0
1426	8	1.0
569	362	1.0
573	212	1.0
572	226	1.0
979	587	1.0
563	568	1.0
577	49	1.0
575	122	1.0
156	458	1.0
576	83	1.0
571	266	1.0
562	578	1.0
577	20	1.0
1412	492	1.0
1783	1939	1.0
575	83	1.0
571	226	1.0
150	637	1.0
575	79	1.0
167	19	1.0
987	271	1.0
575	86	1.0
163	164	1.0
575	85	1.0
1407	667	1.0
577	13	1.0
574	98	1.0
572	172	1.0
995	80	1.0
966	1152	1.0
169	49	1.0
168	86	1.0
576	29	1.0
1820	653	1.0
575	69	1.0
577	2	1.0
575	46	1.0
576	8	1.0
569	267	1.0
169	29	1.0
162	291	1.0
970	989	1.0
169	31	1.0
575	49	1.0
575	29	1.0
575	33	1.0
568	292	1.0
575	38	1.0
1412	434	1.0
169	20	1.0
963	1237	1.0
575	42	1.0
571	191	1.0
992	138	1.0
165	150	1.0
153	594	1.0
572	128	1.0
575	20	1.0
571	172	1.0
986	370	1.0
988	297	1.0
169	7	1.0
1412	99	1.0
175	103	1.0
169	326	1.0
1009	86	1.0
177	20	1.0
1411	127	1.0
170	280	1.0
1412	86	1.0
170	284	1.0
1411	122	1.0
582	719	1.0
175	118	1.0
134	1635	1.0
1011	36	1.0
577	930	1.0
593	326	1.0
587	546	1.0
177	38	1.0
144	1259	1.0
1407	290	1.0
172	222	1.0
150	1036	1.0
590	441	1.0
597	180	1.0
153	930	1.0
143	1300	1.0
981	1140	1.0
1011	30	1.0
1412	127	1.0
594	316	1.0
577	931	1.0
1410	194	1.0
577	932	1.0
178	14	1.0
172	240	1.0
594	327	1.0
601	72	1.0
573	1110	1.0
172	253	1.0
178	58	1.0
172	280	1.0
981	1196	1.0
177	98	1.0
173	246	1.0
584	582	1.0
1807	959	1.0
584	583	1.0
970	1592	1.0
584	579	1.0
982	1146	1.0
1012	36	1.0
178	77	1.0
129	1889	1.0
598	85	1.0
1412	51	1.0
575	932	1.0
575	930	1.0
1012	54	1.0
982	1165	1.0
584	594	1.0
172	287	1.0
169	398	1.0
129	1878	1.0
1409	172	1.0
1012	77	1.0
1004	375	1.0
1380	1251	1.0
178	86	1.0
171	344	1.0
587	499	1.0
1005	355	1.0
576	932	1.0
180	31	1.0
180	29	1.0
1011	127	1.0
175	210	1.0
172	321	1.0
173	280	1.0
596	182	1.0
155	706	1.0
1825	104	1.0
172	80	1.0
582	590	1.0
1014	36	1.0
594	153	1.0
585	486	1.0
1793	1297	1.0
596	77	1.0
172	86	1.0
1412	222	1.0
571	1011	1.0
170	169	1.0
994	789	1.0
988	1009	1.0
1012	127	1.0
587	428	1.0
563	1316	1.0
169	212	1.0
1415	130	1.0
596	93	1.0
583	574	1.0
592	246	1.0
170	180	1.0
583	584	1.0
571	1028	1.0
985	1134	1.0
153	811	1.0
985	1135	1.0
1414	173	1.0
577	811	1.0
574	927	1.0
129	1718	1.0
175	14	1.0
1412	272	1.0
172	135	1.0
1827	87	1.0
1014	86	1.0
1398	786	1.0
584	574	1.0
1016	20	1.0
1829	20	1.0
587	352	1.0
1394	822	1.0
1825	177	1.0
999	653	1.0
1012	172	1.0
577	716	1.0
994	839	1.0
591	212	1.0
594	98	1.0
588	317	1.0
575	811	1.0
551	1700	1.0
169	280	1.0
1826	151	1.0
1820	380	1.0
169	288	1.0
1012	203	1.0
177	2	1.0
568	1084	1.0
1015	99	1.0
175	74	1.0
1805	947	1.0
1412	194	1.0
176	33	1.0
173	143	1.0
582	574	1.0
1402	566	1.0
582	575	1.0
1007	398	1.0
1412	201	1.0
582	582	1.0
1813	664	1.0
582	584	1.0
576	807	1.0
174	127	1.0
586	431	1.0
582	579	1.0
1014	148	1.0
175	86	1.0
579	594	1.0
579	593	1.0
953	1925	1.0
182	120	1.0
158	1008	1.0
170	563	1.0
587	292	1.0
1816	326	1.0
181	150	1.0
568	985	1.0
175	357	1.0
172	468	1.0
180	173	1.0
999	209	1.0
579	582	1.0
175	364	1.0
594	29	1.0
590	177	1.0
579	584	1.0
1822	86	1.0
982	828	1.0
571	868	1.0
180	170	1.0
579	574	1.0
594	20	1.0
169	575	1.0
594	72	1.0
574	811	1.0
177	326	1.0
579	624	1.0
582	512	1.0
595	29	1.0
580	575	1.0
170	575	1.0
170	577	1.0
587	318	1.0
577	688	1.0
1405	127	1.0
182	122	1.0
181	159	1.0
577	678	1.0
590	199	1.0
577	680	1.0
1801	947	1.0
584	350	1.0
575	678	1.0
186	33	1.0
591	85	1.0
593	7	1.0
578	562	1.0
161	952	1.0
181	211	1.0
173	506	1.0
571	815	1.0
1369	1366	1.0
183	127	1.0
1825	48	1.0
1369	1367	1.0
577	590	1.0
584	327	1.0
590	98	1.0
183	119	1.0
175	415	1.0
577	582	1.0
575	716	1.0
594	7	1.0
172	577	1.0
172	575	1.0
182	194	1.0
981	960	1.0
587	162	1.0
170	425	1.0
170	428	1.0
970	1420	1.0
591	20	1.0
577	538	1.0
576	575	1.0
1008	17	1.0
590	58	1.0
577	540	1.0
177	177	1.0
575	594	1.0
994	525	1.0
180	85	1.0
1814	305	1.0
587	194	1.0
571	786	1.0
134	1789	1.0
179	127	1.0
1008	51	1.0
172	388	1.0
178	170	1.0
180	98	1.0
180	69	1.0
172	365	1.0
172	364	1.0
172	370	1.0
173	337	1.0
1409	109	1.0
589	117	1.0
584	212	1.0
574	582	1.0
182	49	1.0
574	584	1.0
563	985	1.0
574	579	1.0
172	412	1.0
574	593	1.0
180	126	1.0
182	50	1.0
183	14	1.0
987	838	1.0
1822	20	1.0
994	587	1.0
181	77	1.0
571	688	1.0
183	1	1.0
175	297	1.0
1369	1495	1.0
182	36	1.0
178	226	1.0
575	580	1.0
1407	127	1.0
575	577	1.0
1390	755	1.0
985	959	1.0
564	985	1.0
182	74	1.0
575	576	1.0
577	500	1.0
582	326	1.0
577	511	1.0
582	327	1.0
1821	117	1.0
575	584	1.0
182	83	1.0
587	138	1.0
575	582	1.0
577	490	1.0
587	119	1.0
1823	20	1.0
183	36	1.0
1374	1339	1.0
981	1097	1.0
995	579	1.0
183	29	1.0
587	122	1.0
1792	1172	1.0
129	254	1.0
1786	1156	1.0
606	205	1.0
1330	678	1.0
1330	681	1.0
132	134	1.0
132	130	1.0
1080	241	1.0
1060	985	1.0
130	194	1.0
1344	132	1.0
1054	1199	1.0
127	287	1.0
125	362	1.0
1791	930	1.0
128	254	1.0
100	1291	1.0
1063	847	1.0
129	203	1.0
131	132	1.0
134	20	1.0
130	170	1.0
127	284	1.0
120	529	1.0
112	824	1.0
1300	1734	1.0
1054	1177	1.0
117	643	1.0
125	339	1.0
130	150	1.0
611	78	1.0
120	512	1.0
1067	669	1.0
587	957	1.0
1345	172	1.0
125	324	1.0
591	811	1.0
1815	2	1.0
605	287	1.0
1054	1148	1.0
607	216	1.0
1317	1199	1.0
125	313	1.0
130	127	1.0
130	123	1.0
128	197	1.0
132	50	1.0
100	1234	1.0
130	120	1.0
112	787	1.0
132	40	1.0
120	485	1.0
129	153	1.0
1078	235	1.0
577	1299	1.0
109	883	1.0
609	112	1.0
1807	267	1.0
100	1214	1.0
128	173	1.0
1811	107	1.0
1810	143	1.0
128	169	1.0
125	280	1.0
1051	1220	1.0
575	1470	1.0
1298	1731	1.0
130	334	1.0
598	624	1.0
1300	1655	1.0
116	838	1.0
612	86	1.0
1053	1115	1.0
137	69	1.0
125	512	1.0
85	1992	1.0
613	33	1.0
130	302	1.0
1801	689	1.0
587	994	1.0
127	415	1.0
606	294	1.0
1066	624	1.0
116	829	1.0
1054	1073	1.0
608	230	1.0
599	563	1.0
127	428	1.0
136	94	1.0
1041	1526	1.0
587	979	1.0
1041	1525	1.0
587	980	1.0
128	362	1.0
130	290	1.0
137	33	1.0
575	1426	1.0
122	594	1.0
120	654	1.0
1316	1135	1.0
614	98	1.0
122	576	1.0
577	1470	1.0
1073	313	1.0
1800	678	1.0
1310	1316	1.0
133	136	1.0
1817	42	1.0
125	431	1.0
125	434	1.0
615	29	1.0
1073	290	1.0
134	86	1.0
577	1426	1.0
83	1969	1.0
1073	284	1.0
130	232	1.0
128	307	1.0
125	418	1.0
1330	412	1.0
138	162	1.0
582	811	1.0
1041	1434	1.0
1307	1276	1.0
139	143	1.0
1041	1455	1.0
1337	162	1.0
140	93	1.0
136	242	1.0
1318	863	1.0
137	206	1.0
1778	1187	1.0
137	209	1.0
109	1199	1.0
1060	707	1.0
593	372	1.0
138	119	1.0
124	637	1.0
1051	1028	1.0
125	606	1.0
1319	773	1.0
596	284	1.0
1310	1135	1.0
140	68	1.0
118	883	1.0
597	239	1.0
587	615	1.0
1308	1199	1.0
107	1286	1.0
1073	194	1.0
596	370	1.0
136	172	1.0
1783	927	1.0
590	590	1.0
1804	143	1.0
590	582	1.0
1794	516	1.0
601	172	1.0
585	764	1.0
571	1310	1.0
601	197	1.0
587	713	1.0
1051	1015	1.0
132	330	1.0
138	109	1.0
1073	198	1.0
1318	929	1.0
138	68	1.0
107	1210	1.0
603	72	1.0
1297	1655	1.0
1310	1177	1.0
117	861	1.0
125	563	1.0
587	688	1.0
1073	172	1.0
1077	20	1.0
132	294	1.0
139	33	1.0
1073	117	1.0
1332	202	1.0
1062	522	1.0
120	952	1.0
1332	211	1.0
604	135	1.0
136	362	1.0
1812	46	1.0
144	69	1.0
142	143	1.0
136	365	1.0
1073	127	1.0
143	109	1.0
126	738	1.0
1076	20	1.0
606	72	1.0
141	190	1.0
1303	1285	1.0
144	78	1.0
583	927	1.0
144	84	1.0
132	470	1.0
1302	1279	1.0
1302	1275	1.0
143	68	1.0
1302	1276	1.0
1809	127	1.0
143	69	1.0
144	38	1.0
139	221	1.0
143	80	1.0
1812	21	1.0
143	87	1.0
120	938	1.0
137	307	1.0
144	54	1.0
119	979	1.0
143	33	1.0
139	181	1.0
143	35	1.0
1054	757	1.0
1302	1377	1.0
1054	756	1.0
606	117	1.0
137	254	1.0
100	1623	1.0
1054	769	1.0
598	425	1.0
606	127	1.0
1302	1378	1.0
143	39	1.0
577	1210	1.0
144	13	1.0
587	839	1.0
594	579	1.0
144	8	1.0
594	575	1.0
143	48	1.0
594	574	1.0
100	1638	1.0
1767	1657	1.0
144	20	1.0
129	575	1.0
139	208	1.0
1307	1209	1.0
143	54	1.0
594	584	1.0
136	312	1.0
136	315	1.0
1302	1339	1.0
601	272	1.0
143	2	1.0
119	890	1.0
100	1593	1.0
1783	1016	1.0
1302	1342	1.0
1302	1347	1.0
1302	1346	1.0
1318	758	1.0
1335	132	1.0
593	574	1.0
143	20	1.0
138	205	1.0
601	287	1.0
587	805	1.0
143	16	1.0
593	579	1.0
1054	750	1.0
584	927	1.0
1323	587	1.0
100	1615	1.0
1304	1293	1.0
1302	1367	1.0
1302	1368	1.0
139	169	1.0
138	206	1.0
1302	1369	1.0
143	218	1.0
624	18	1.0
98	1878	1.0
143	209	1.0
147	62	1.0
143	210	1.0
143	211	1.0
139	359	1.0
147	64	1.0
1312	792	1.0
143	205	1.0
143	206	1.0
143	207	1.0
143	208	1.0
122	985	1.0
125	868	1.0
1328	194	1.0
143	204	1.0
130	685	1.0
117	1165	1.0
1333	8	1.0
615	334	1.0
1330	122	1.0
577	1737	1.0
607	624	1.0
577	1791	1.0
577	1792	1.0
1094	265	1.0
149	25	1.0
134	579	1.0
1330	172	1.0
1769	1259	1.0
143	244	1.0
622	120	1.0
143	235	1.0
147	86	1.0
147	85	1.0
617	292	1.0
147	84	1.0
1332	80	1.0
147	83	1.0
147	82	1.0
624	34	1.0
147	81	1.0
622	102	1.0
147	79	1.0
98	1889	1.0
622	101	1.0
102	1739	1.0
582	1634	1.0
577	1820	1.0
617	345	1.0
1302	1237	1.0
143	142	1.0
130	624	1.0
1800	20	1.0
143	144	1.0
615	412	1.0
144	109	1.0
143	148	1.0
1085	481	1.0
1334	38	1.0
1327	297	1.0
144	98	1.0
143	137	1.0
617	328	1.0
143	139	1.0
114	1199	1.0
143	125	1.0
143	128	1.0
143	127	1.0
1330	177	1.0
576	1889	1.0
625	77	1.0
1084	568	1.0
582	1658	1.0
1302	1262	1.0
144	143	1.0
625	60	1.0
575	1910	1.0
147	20	1.0
601	947	1.0
1800	46	1.0
143	172	1.0
577	1842	1.0
143	170	1.0
143	169	1.0
1085	506	1.0
144	126	1.0
144	125	1.0
1092	251	1.0
577	1882	1.0
574	1992	1.0
1318	445	1.0
606	805	1.0
620	284	1.0
587	1505	1.0
150	87	1.0
1085	436	1.0
144	307	1.0
577	1862	1.0
615	468	1.0
1321	330	1.0
622	203	1.0
1090	274	1.0
575	1988	1.0
132	775	1.0
628	20	1.0
1791	577	1.0
139	528	1.0
153	8	1.0
150	118	1.0
1324	265	1.0
137	577	1.0
1074	850	1.0
144	319	1.0
1330	20	1.0
143	269	1.0
137	494	1.0
577	1939	1.0
1327	178	1.0
613	614	1.0
149	53	1.0
150	20	1.0
143	254	1.0
1060	1269	1.0
1330	49	1.0
1328	121	1.0
143	267	1.0
1772	1172	1.0
611	678	1.0
615	568	1.0
582	1789	1.0
150	49	1.0
144	271	1.0
1332	20	1.0
143	307	1.0
138	492	1.0
611	719	1.0
150	46	1.0
1095	30	1.0
1073	844	1.0
624	242	1.0
587	1614	1.0
151	20	1.0
1332	8	1.0
1784	752	1.0
143	295	1.0
140	406	1.0
577	1965	1.0
1789	582	1.0
1789	575	1.0
143	300	1.0
1330	86	1.0
150	38	1.0
606	415	1.0
1323	127	1.0
139	600	1.0
144	409	1.0
579	1426	1.0
109	1730	1.0
148	284	1.0
143	470	1.0
1062	1153	1.0
615	86	1.0
155	20	1.0
587	1150	1.0
153	122	1.0
1788	287	1.0
601	624	1.0
132	890	1.0
1085	313	1.0
154	71	1.0
127	1070	1.0
139	625	1.0
127	1069	1.0
1073	785	1.0
125	1172	1.0
117	1468	1.0
155	58	1.0
1092	77	1.0
153	129	1.0
152	160	1.0
143	494	1.0
574	1634	1.0
155	51	1.0
1770	971	1.0
153	20	1.0
1790	128	1.0
143	394	1.0
1791	82	1.0
1307	773	1.0
614	170	1.0
144	345	1.0
104	1825	1.0
614	172	1.0
151	85	1.0
1791	79	1.0
616	121	1.0
599	752	1.0
153	40	1.0
594	927	1.0
1054	1381	1.0
1088	127	1.0
138	587	1.0
151	125	1.0
150	165	1.0
1318	401	1.0
148	230	1.0
614	209	1.0
587	1208	1.0
125	1084	1.0
1073	716	1.0
615	181	1.0
615	182	1.0
146	321	1.0
153	65	1.0
575	1666	1.0
150	177	1.0
143	577	1.0
132	985	1.0
611	345	1.0
143	575	1.0
614	235	1.0
1086	127	1.0
127	1179	1.0
1302	773	1.0
614	242	1.0
1085	162	1.0
153	212	1.0
614	254	1.0
587	1253	1.0
601	745	1.0
1783	594	1.0
1060	1101	1.0
1054	1324	1.0
1054	1325	1.0
1755	1634	1.0
598	860	1.0
577	1636	1.0
150	358	1.0
1780	719	1.0
1316	291	1.0
143	614	1.0
155	172	1.0
1084	242	1.0
143	626	1.0
575	1731	1.0
582	1471	1.0
570	1915	1.0
1321	107	1.0
612	357	1.0
1316	297	1.0
614	295	1.0
1076	542	1.0
612	365	1.0
1084	125	1.0
150	253	1.0
1086	53	1.0
138	698	1.0
617	202	1.0
609	499	1.0
118	1450	1.0
622	25	1.0
615	284	1.0
127	1121	1.0
143	536	1.0
587	1323	1.0
1082	226	1.0
1075	486	1.0
147	391	1.0
622	36	1.0
1782	576	1.0
1302	865	1.0
1318	272	1.0
1797	20	1.0
1323	85	1.0
579	1635	1.0
1302	873	1.0
1071	647	1.0
1302	872	1.0
1322	127	1.0
1310	571	1.0
121	1372	1.0
587	1345	1.0
1086	109	1.0
633	287	1.0
104	83	1.0
77	1092	1.0
87	720	1.0
630	404	1.0
1011	1709	1.0
1011	1710	1.0
104	69	1.0
617	866	1.0
92	509	1.0
1054	117	1.0
1054	127	1.0
87	681	1.0
1054	100	1.0
639	29	1.0
1041	579	1.0
640	7	1.0
93	463	1.0
1054	107	1.0
1028	1050	1.0
1028	1051	1.0
637	93	1.0
1055	49	1.0
1045	419	1.0
1028	1049	1.0
1028	1044	1.0
1051	194	1.0
1028	1052	1.0
103	181	1.0
630	334	1.0
85	853	1.0
1029	1126	1.0
91	633	1.0
634	194	1.0
638	49	1.0
75	1203	1.0
107	18	1.0
1029	1106	1.0
1054	183	1.0
1343	1209	1.0
615	882	1.0
638	33	1.0
86	807	1.0
100	288	1.0
632	226	1.0
1037	792	1.0
1054	162	1.0
107	7	1.0
594	1634	1.0
1029	1097	1.0
1044	516	1.0
104	98	1.0
104	101	1.0
98	322	1.0
104	102	1.0
75	1178	1.0
1057	46	1.0
584	1992	1.0
96	405	1.0
629	334	1.0
1029	935	1.0
104	219	1.0
1351	865	1.0
109	33	1.0
63	1734	1.0
1371	127	1.0
104	216	1.0
75	1288	1.0
1023	1155	1.0
638	227	1.0
78	1172	1.0
1790	38	1.0
1029	929	1.0
643	40	1.0
109	17	1.0
109	18	1.0
621	843	1.0
1041	471	1.0
93	606	1.0
109	9	1.0
643	25	1.0
630	506	1.0
109	2	1.0
633	388	1.0
109	1	1.0
108	28	1.0
1041	450	1.0
1023	1116	1.0
1782	297	1.0
1788	72	1.0
1776	516	1.0
75	1237	1.0
107	51	1.0
107	172	1.0
640	98	1.0
72	1471	1.0
1051	190	1.0
109	87	1.0
630	463	1.0
75	1352	1.0
1028	1034	1.0
98	488	1.0
91	747	1.0
86	932	1.0
594	1783	1.0
86	930	1.0
1789	134	1.0
93	677	1.0
109	86	1.0
1789	129	1.0
109	84	1.0
1363	334	1.0
1028	1015	1.0
75	1329	1.0
109	72	1.0
100	405	1.0
1054	36	1.0
104	242	1.0
620	803	1.0
109	49	1.0
1029	957	1.0
630	425	1.0
1789	98	1.0
107	127	1.0
1338	1231	1.0
1054	30	1.0
636	190	1.0
1364	265	1.0
109	42	1.0
1051	136	1.0
1029	949	1.0
1365	194	1.0
1774	226	1.0
615	677	1.0
612	803	1.0
109	144	1.0
75	1402	1.0
614	723	1.0
102	405	1.0
630	130	1.0
1353	655	1.0
583	1889	1.0
1776	177	1.0
1028	794	1.0
110	71	1.0
1029	758	1.0
628	170	1.0
1029	754	1.0
632	29	1.0
109	117	1.0
109	125	1.0
1029	774	1.0
630	112	1.0
1748	1175	1.0
109	121	1.0
109	122	1.0
1362	290	1.0
107	194	1.0
1048	72	1.0
109	127	1.0
1755	927	1.0
109	128	1.0
89	868	1.0
1032	738	1.0
615	614	1.0
1038	520	1.0
112	92	1.0
107	284	1.0
84	1134	1.0
112	101	1.0
1337	1186	1.0
630	74	1.0
100	551	1.0
104	405	1.0
107	297	1.0
1336	1229	1.0
631	51	1.0
1358	410	1.0
1041	371	1.0
109	170	1.0
98	577	1.0
104	354	1.0
98	575	1.0
98	574	1.0
1023	1043	1.0
622	328	1.0
612	698	1.0
104	362	1.0
630	37	1.0
98	582	1.0
75	1438	1.0
63	1887	1.0
1023	1056	1.0
620	415	1.0
98	594	1.0
622	345	1.0
77	1372	1.0
1051	25	1.0
109	194	1.0
1051	30	1.0
624	486	1.0
1783	29	1.0
109	272	1.0
1044	107	1.0
111	194	1.0
75	1528	1.0
96	744	1.0
1733	1878	1.0
72	1634	1.0
1029	655	1.0
109	266	1.0
1364	127	1.0
84	1219	1.0
624	499	1.0
617	756	1.0
116	30	1.0
109	284	1.0
1029	676	1.0
1364	117	1.0
109	280	1.0
1362	194	1.0
1041	194	1.0
630	226	1.0
628	302	1.0
592	1635	1.0
112	126	1.0
112	127	1.0
110	196	1.0
1029	653	1.0
116	1	1.0
96	738	1.0
109	253	1.0
1783	7	1.0
1767	599	1.0
1020	974	1.0
68	1855	1.0
1783	98	1.0
632	127	1.0
601	1271	1.0
1780	203	1.0
591	1635	1.0
112	220	1.0
1023	947	1.0
624	415	1.0
118	1	1.0
109	334	1.0
109	352	1.0
118	20	1.0
84	1283	1.0
1028	785	1.0
1041	292	1.0
612	868	1.0
1775	400	1.0
117	51	1.0
1362	127	1.0
100	639	1.0
1028	736	1.0
1015	1220	1.0
1779	206	1.0
1781	128	1.0
109	300	1.0
1362	109	1.0
1041	272	1.0
68	1842	1.0
1015	1221	1.0
618	615	1.0
1015	1222	1.0
114	127	1.0
632	101	1.0
1041	265	1.0
624	399	1.0
1029	1538	1.0
1351	444	1.0
117	80	1.0
1351	443	1.0
1351	442	1.0
1351	440	1.0
1043	1023	1.0
118	47	1.0
653	30	1.0
647	250	1.0
104	568	1.0
119	14	1.0
648	194	1.0
118	29	1.0
109	366	1.0
75	1624	1.0
109	365	1.0
109	370	1.0
1057	492	1.0
118	38	1.0
117	75	1.0
119	4	1.0
627	982	1.0
1772	20	1.0
1345	698	1.0
1065	237	1.0
650	170	1.0
1755	689	1.0
650	172	1.0
118	86	1.0
1768	196	1.0
109	398	1.0
1054	631	1.0
1768	192	1.0
1060	410	1.0
1351	455	1.0
112	290	1.0
1354	355	1.0
82	1399	1.0
652	86	1.0
1051	749	1.0
117	109	1.0
120	36	1.0
90	1146	1.0
1772	94	1.0
1336	929	1.0
109	446	1.0
89	1186	1.0
86	1293	1.0
1029	1613	1.0
118	119	1.0
644	307	1.0
120	40	1.0
109	448	1.0
1069	127	1.0
118	117	1.0
117	127	1.0
1044	1028	1.0
118	93	1.0
118	92	1.0
635	624	1.0
118	98	1.0
1338	851	1.0
1073	8	1.0
104	658	1.0
1043	1116	1.0
624	1066	1.0
643	364	1.0
1070	127	1.0
1073	17	1.0
116	222	1.0
116	221	1.0
118	126	1.0
114	272	1.0
650	86	1.0
109	468	1.0
1073	2	1.0
112	355	1.0
120	58	1.0
1059	515	1.0
83	1426	1.0
1337	839	1.0
654	122	1.0
1029	1421	1.0
651	239	1.0
118	170	1.0
1774	85	1.0
107	584	1.0
1062	181	1.0
119	127	1.0
1767	337	1.0
652	181	1.0
1771	190	1.0
112	388	1.0
116	241	1.0
104	685	1.0
122	20	1.0
122	7	1.0
1054	472	1.0
117	197	1.0
1040	1041	1.0
1061	266	1.0
641	642	1.0
1054	515	1.0
118	202	1.0
1318	1563	1.0
98	927	1.0
648	355	1.0
643	541	1.0
118	191	1.0
117	284	1.0
104	765	1.0
1777	46	1.0
653	100	1.0
118	240	1.0
633	831	1.0
1755	853	1.0
1066	101	1.0
647	307	1.0
118	226	1.0
117	264	1.0
80	1634	1.0
117	266	1.0
123	33	1.0
121	109	1.0
125	22	1.0
125	21	1.0
653	127	1.0
1345	514	1.0
122	122	1.0
1062	282	1.0
117	302	1.0
116	336	1.0
653	117	1.0
120	186	1.0
1063	239	1.0
653	107	1.0
122	109	1.0
654	72	1.0
100	918	1.0
1350	302	1.0
594	1939	1.0
1345	388	1.0
125	28	1.0
643	127	1.0
125	27	1.0
100	958	1.0
1354	68	1.0
1060	127	1.0
125	38	1.0
100	962	1.0
78	1776	1.0
119	258	1.0
124	72	1.0
80	1700	1.0
1312	1619	1.0
1054	355	1.0
122	153	1.0
115	412	1.0
1061	100	1.0
118	304	1.0
1029	1286	1.0
633	514	1.0
1316	1489	1.0
594	1960	1.0
112	528	1.0
118	313	1.0
1731	1298	1.0
118	310	1.0
112	539	1.0
1353	127	1.0
1041	852	1.0
107	723	1.0
1016	1783	1.0
125	59	1.0
125	63	1.0
1062	86	1.0
1039	943	1.0
125	73	1.0
118	334	1.0
109	667	1.0
1316	1511	1.0
114	483	1.0
100	1003	1.0
117	375	1.0
127	7	1.0
1060	172	1.0
125	83	1.0
1064	30	1.0
125	84	1.0
107	750	1.0
125	85	1.0
117	388	1.0
107	758	1.0
1327	992	1.0
1323	1140	1.0
125	90	1.0
120	275	1.0
79	1791	1.0
120	287	1.0
109	689	1.0
101	985	1.0
1767	20	1.0
125	109	1.0
127	36	1.0
122	219	1.0
1765	98	1.0
109	695	1.0
84	1634	1.0
118	375	1.0
120	297	1.0
1767	36	1.0
1338	612	1.0
633	463	1.0
128	14	1.0
594	1917	1.0
1338	625	1.0
125	134	1.0
124	171	1.0
102	985	1.0
124	170	1.0
125	128	1.0
112	609	1.0
1318	1369	1.0
1766	87	1.0
124	173	1.0
100	1061	1.0
1768	20	1.0
1046	746	1.0
84	1655	1.0
643	117	1.0
112	630	1.0
125	143	1.0
1352	127	1.0
1063	127	1.0
647	109	1.0
1029	1143	1.0
1768	40	1.0
119	388	1.0
118	425	1.0
85	1634	1.0
125	151	1.0
125	157	1.0
127	84	1.0
129	7	1.0
1029	1141	1.0
1755	516	1.0
1345	287	1.0
129	29	1.0
112	663	1.0
1312	1504	1.0
127	107	1.0
650	20	1.0
79	1881	1.0
643	266	1.0
125	170	1.0
125	169	1.0
643	272	1.0
125	172	1.0
1054	253	1.0
643	291	1.0
127	117	1.0
125	197	1.0
128	72	1.0
127	109	1.0
125	183	1.0
112	665	1.0
1759	404	1.0
1348	185	1.0
104	963	1.0
125	207	1.0
1770	20	1.0
1755	575	1.0
125	210	1.0
1054	272	1.0
1054	270	1.0
130	29	1.0
1319	1277	1.0
1319	1275	1.0
1057	150	1.0
643	297	1.0
118	463	1.0
1768	83	1.0
120	415	1.0
87	1634	1.0
109	818	1.0
130	36	1.0
1310	1491	1.0
118	481	1.0
643	191	1.0
120	405	1.0
1058	127	1.0
1029	1199	1.0
1755	582	1.0
129	98	1.0
125	243	1.0
1769	87	1.0
1051	405	1.0
125	238	1.0
85	1718	1.0
112	717	1.0
129	85	1.0
1319	1200	1.0
118	514	1.0
112	737	1.0
112	739	1.0
1051	422	1.0
634	554	1.0
1332	715	1.0
120	460	1.0
1054	330	1.0
1037	957	1.0
1317	1281	1.0
1025	1397	1.0
125	264	1.0
100	1188	1.0
