502	1711	1.0
278	1199	1.0
243	86	1.0
1085	36	1.0
72	345	0.0
429	49	1.0
606	48	1.0
347	582	1.0
541	265	1.0
882	615	1.0
1073	492	1.0
1729	129	1.0
716	307	1.0
425	170	1.0
1423	127	1.0
442	1495	1.0
1777	575	1.0
769	554	1.0
183	370	1.0
698	985	0.0
304	265	1.0
1372	127	1.0
1425	33	1.0
78	98	1.0
196	1820	1.0
1370	179	1.0
1135	75	1.0
132	265	0.0
585	782	1.0
243	83	1.0
587	434	1.0
951	334	1.0
8	947	1.0
929	1141	1.0
18	585	1.0
1135	190	1.0
362	93	1.0
664	17	1.0
244	134	1.0
194	58	0.0
240	284	1.0
33	38	1.0
75	183	1.0
138	4	1.0
1137	107	1.0
242	203	1.0
1009	364	1.0
244	143	1.0
357	266	1.0
652	468	1.0
1362	441	1.0
1080	253	1.0
63	577	1.0
130	295	1.0
188	253	1.0
1460	1376	1.0
1315	241	1.0
77	80	1.0
1892	191	1.0
706	645	1.0
1212	1186	1.0
1981	2	1.0
358	247	1.0
1584	653	1.0
992	957	1.0
1243	33	1.0
579	927	1.0
1100	1545	1.0
1882	372	1.0
415	428	0.0
353	492	1.0
959	98	1.0
21	396	0.0
1134	301	1.0
1981	1941	1.0
678	1830	1.0
678	1833	1.0
87	1827	1.0
1984	1820	1.0
7	932	1.0
307	20	1.0
25	294	1.0
483	114	1.0
863	1223	1.0
125	404	1.0
85	1878	1.0
1001	433	0.0
1072	388	1.0
1243	101	1.0
598	180	1.0
587	577	1.0
599	370	1.0
1060	906	1.0
60	850	1.0
1172	577	1.0
400	927	1.0
355	468	1.0
982	1237	1.0
135	1	1.0
80	118	0.0
143	1804	1.0
87	1766	1.0
129	212	1.0
33	1869	0.0
83	20	1.0
1879	574	1.0
1373	109	1.0
1457	838	1.0
1460	727	1.0
678	1783	1.0
1731	267	1.0
587	792	1.0
75	265	1.0
775	132	1.0
364	172	1.0
766	463	1.0
1737	42	1.0
507	1302	1.0
365	130	1.0
526	614	1.0
78	173	1.0
516	985	0.0
1664	173	1.0
1221	1015	1.0
49	1469	0.0
196	164	1.0
22	256	1.0
1052	1028	1.0
405	1164	0.0
432	172	1.0
577	606	0.0
197	128	1.0
18	381	1.0
706	405	1.0
1054	929	1.0
507	1276	1.0
1102	1101	1.0
507	1262	1.0
1426	310	0.0
486	99	1.0
1051	1025	1.0
195	174	1.0
1986	8	1.0
25	170	1.0
982	1002	1.0
1054	916	1.0
1986	2	1.0
671	51	1.0
292	465	1.0
87	25	1.0
353	126	1.0
144	83	1.0
664	290	1.0
197	120	1.0
1237	441	1.0
873	1237	1.0
1302	444	1.0
953	20	1.0
132	486	1.0
900	278	1.0
284	805	0.0
349	293	1.0
251	127	1.0
8	716	1.0
175	1009	1.0
16	419	1.0
143	86	1.0
1192	220	1.0
1103	1100	1.0
83	134	0.0
570	810	1.0
254	2	1.0
84	85	0.0
527	463	1.0
341	614	1.0
1838	295	1.0
1840	221	1.0
427	302	1.0
1093	1448	1.0
143	49	1.0
669	53	1.0
888	751	1.0
84	66	0.0
78	290	1.0
198	121	1.0
100	1653	1.0
1186	481	1.0
252	46	1.0
716	8	0.0
1009	80	1.0
1302	456	1.0
129	579	1.0
431	197	1.0
475	476	1.0
873	1302	1.0
930	811	0.0
143	67	1.0
755	750	1.0
85	254	1.0
615	83	1.0
899	127	1.0
614	125	1.0
720	1939	0.0
1656	341	1.0
86	226	1.0
20	196	1.0
284	615	1.0
720	8	1.0
1135	1	1.0
1842	206	1.0
87	170	1.0
197	20	1.0
49	1582	0.0
865	1367	1.0
755	653	1.0
180	594	1.0
1537	375	1.0
251	161	1.0
1776	209	1.0
396	1418	1.0
1093	1519	1.0
748	946	1.0
612	181	1.0
932	807	1.0
762	434	1.0
20	209	1.0
1130	155	1.0
290	405	0.0
834	649	1.0
585	372	1.0
483	291	1.0
572	851	1.0
710	330	1.0
587	297	1.0
182	615	1.0
1483	434	1.0
428	135	1.0
85	203	1.0
746	905	1.0
1276	1279	1.0
1899	86	1.0
194	182	1.0
197	68	1.0
1000	301	1.0
667	30	1.0
412	736	1.0
706	463	1.0
21	87	0.0
83	248	1.0
77	468	1.0
253	172	1.0
615	49	1.0
1698	1199	1.0
446	1637	1.0
197	89	1.0
568	1008	0.0
20	170	1.0
768	127	1.0
137	143	1.0
295	300	1.0
83	241	1.0
1539	253	1.0
851	77	1.0
354	291	1.0
1783	20	1.0
746	957	1.0
575	719	1.0
83	229	1.0
87	80	0.0
195	132	1.0
1248	226	1.0
872	1200	1.0
85	347	1.0
1411	58	0.0
93	48	1.0
1412	30	1.0
678	38	1.0
976	993	1.0
811	594	1.0
868	652	1.0
122	1165	0.0
1085	525	1.0
243	577	1.0
1943	807	1.0
48	80	1.0
1073	971	1.0
1085	526	1.0
412	183	1.0
321	172	1.0
1776	78	1.0
409	290	1.0
573	453	1.0
646	1237	1.0
93	58	1.0
533	33	1.0
107	1706	1.0
794	128	1.0
253	224	1.0
811	579	1.0
585	18	1.0
49	58	0.0
258	49	1.0
49	2	0.0
413	127	1.0
585	71	1.0
577	1634	1.0
49	20	0.0
207	20	1.0
773	872	1.0
183	904	1.0
868	633	1.0
678	79	1.0
85	380	1.0
49	26	0.0
260	8	1.0
1148	190	1.0
582	85	1.0
819	365	1.0
116	1325	1.0
575	321	1.0
198	388	1.0
51	1555	1.0
1566	127	1.0
1959	297	1.0
825	127	1.0
1881	79	1.0
1356	127	1.0
615	170	1.0
1824	40	1.0
1655	689	1.0
1960	212	1.0
406	304	1.0
243	681	1.0
873	507	1.0
516	639	1.0
1512	1	1.0
916	1122	1.0
615	148	1.0
233	1060	1.0
577	1735	0.0
995	162	1.0
1300	224	1.0
200	127	0.0
461	406	1.0
94	136	1.0
197	226	1.0
850	1206	1.0
575	1789	1.0
528	86	1.0
1186	525	1.0
1665	246	1.0
218	1665	1.0
1092	172	1.0
1225	1224	1.0
197	271	1.0
470	49	1.0
196	307	1.0
868	485	1.0
668	300	1.0
619	190	1.0
46	8	1.0
29	632	1.0
92	264	1.0
526	206	1.0
945	121	1.0
143	266	1.0
938	382	1.0
198	226	1.0
146	85	1.0
147	48	1.0
755	1390	1.0
883	36	1.0
1426	1471	0.0
665	326	0.0
263	33	1.0
1237	884	1.0
144	150	1.0
660	497	1.0
147	44	1.0
38	252	1.0
43	66	1.0
373	1420	1.0
736	172	1.0
1351	441	1.0
924	925	1.0
1135	786	1.0
1827	8	1.0
1718	254	1.0
92	169	1.0
1665	178	1.0
93	135	1.0
1767	323	1.0
147	80	1.0
1560	274	1.0
253	434	1.0
1237	852	1.0
186	751	1.0
197	318	1.0
755	1345	1.0
828	107	1.0
1955	280	1.0
1402	224	1.0
198	287	1.0
260	180	1.0
673	71	0.0
75	828	1.0
40	132	1.0
150	362	0.0
726	226	1.0
1670	492	1.0
240	960	1.0
1928	1634	1.0
49	1939	0.0
517	366	1.0
526	33	1.0
309	345	1.0
368	92	1.0
1882	224	1.0
678	280	1.0
1446	929	1.0
575	153	1.0
157	125	1.0
1085	269	1.0
55	1760	1.0
38	172	1.0
1969	83	1.0
266	29	1.0
410	467	0.0
512	579	1.0
1316	1406	1.0
75	1002	1.0
937	20	1.0
216	1855	1.0
575	170	1.0
198	624	1.0
473	57	1.0
525	90	1.0
620	302	1.0
307	494	1.0
75	922	1.0
98	74	1.0
38	144	1.0
568	327	1.0
362	365	1.0
612	485	0.0
1485	698	1.0
40	49	1.0
464	362	1.0
1842	1768	1.0
210	203	1.0
785	155	1.0
792	1619	1.0
210	230	1.0
93	284	1.0
209	268	1.0
571	242	1.0
575	98	1.0
1295	197	1.0
92	313	1.0
134	932	1.0
682	127	1.0
216	2	1.0
263	206	1.0
1237	982	1.0
678	254	1.0
472	36	1.0
412	352	1.0
1260	127	1.0
1145	93	1.0
516	280	1.0
83	809	1.0
443	1346	1.0
251	674	1.0
419	51	1.0
1237	1097	1.0
651	1165	1.0
678	166	1.0
726	334	1.0
577	206	0.0
679	122	1.0
782	199	1.0
1473	51	1.0
1882	83	1.0
1384	1187	1.0
1286	478	1.0
33	242	1.0
362	401	1.0
1146	90	1.0
865	872	1.0
468	388	1.0
681	87	1.0
830	239	1.0
238	1175	1.0
1135	514	1.0
210	54	1.0
33	210	0.0
284	1105	0.0
576	1941	1.0
1131	677	1.0
267	1842	1.0
1634	1634	1.0
678	118	1.0
208	139	1.0
307	364	0.0
412	241	1.0
38	8	1.0
615	506	1.0
416	98	1.0
1085	206	1.0
314	86	1.0
863	1029	1.0
93	364	1.0
625	155	1.0
868	838	1.0
1318	1367	1.0
32	205	1.0
678	143	1.0
186	985	0.0
209	137	1.0
316	8	1.0
575	244	1.0
268	134	1.0
284	1165	0.0
577	172	1.0
152	144	1.0
370	172	1.0
1734	1300	1.0
101	104	1.0
689	109	1.0
109	80	1.0
680	441	1.0
49	102	0.0
109	83	1.0
336	30	1.0
568	118	0.0
957	1126	1.0
985	101	1.0
507	444	1.0
919	328	1.0
868	60	1.0
927	29	1.0
1331	509	1.0
1864	87	1.0
1635	1943	1.0
959	1081	1.0
165	100	1.0
1587	1586	1.0
330	287	0.0
46	177	1.0
563	266	1.0
275	382	1.0
216	93	1.0
630	78	1.0
328	341	1.0
1909	1634	1.0
630	72	1.0
267	699	1.0
216	112	1.0
218	37	1.0
906	854	1.0
4	138	1.0
1879	1634	1.0
104	327	1.0
810	29	1.0
1042	120	1.0
689	172	1.0
93	738	0.0
78	1294	1.0
1015	1106	1.0
7	20	1.0
109	135	1.0
446	291	1.0
91	803	1.0
3	173	1.0
520	36	1.0
1028	623	1.0
198	745	1.0
40	463	1.0
1029	1060	1.0
868	18	1.0
572	1	1.0
568	150	1.0
633	40	1.0
673	735	1.0
210	254	1.0
957	1037	1.0
109	107	1.0
1950	42	1.0
8	38	1.0
1759	87	1.0
1446	180	1.0
572	93	1.0
512	125	1.0
1218	20	1.0
104	127	1.0
444	440	1.0
735	673	1.0
269	439	1.0
970	774	1.0
444	445	1.0
1412	1534	1.0
1854	577	1.0
573	36	1.0
9	1731	1.0
369	1029	1.0
1097	686	1.0
1171	1767	1.0
727	1009	1.0
216	222	1.0
583	1960	1.0
753	36	1.0
278	136	1.0
207	576	1.0
1015	1009	1.0
1768	1842	1.0
1151	355	1.0
218	172	1.0
40	633	1.0
688	75	1.0
750	190	1.0
140	843	0.0
108	25	1.0
457	30	1.0
277	93	1.0
1634	1915	1.0
736	716	1.0
450	297	1.0
1753	404	1.0
1115	1595	1.0
138	905	1.0
868	155	1.0
753	107	1.0
496	755	1.0
1316	1310	1.0
678	412	1.0
563	463	1.0
1635	1899	1.0
42	519	1.0
280	21	1.0
218	105	1.0
1631	127	1.0
1659	1024	1.0
751	186	1.0
1718	1731	1.0
401	226	1.0
934	50	0.0
58	50	0.0
243	1300	1.0
1051	99	1.0
1280	226	1.0
1302	1340	1.0
173	72	0.0
328	71	1.0
437	823	1.0
541	863	1.0
173	83	1.0
447	446	1.0
905	1100	1.0
905	1097	1.0
930	172	1.0
905	1096	1.0
322	284	1.0
973	284	1.0
117	29	1.0
1674	750	1.0
562	39	1.0
1634	87	0.0
1573	127	1.0
1412	1617	1.0
698	14	1.0
1302	1361	1.0
58	13	1.0
1842	1146	1.0
171	124	1.0
116	40	1.0
1029	863	1.0
1215	293	1.0
194	1165	0.0
470	1626	1.0
438	870	1.0
169	143	1.0
1753	20	1.0
971	313	1.0
630	434	1.0
1327	468	1.0
1392	520	1.0
563	93	1.0
16	1665	1.0
1141	1029	1.0
1402	173	1.0
1035	606	1.0
1215	199	1.0
200	901	1.0
112	237	1.0
1752	87	1.0
929	203	1.0
325	134	1.0
481	1186	1.0
698	80	1.0
1061	1542	1.0
516	1794	1.0
172	2	1.0
929	194	1.0
1015	805	1.0
218	219	1.0
1044	251	1.0
399	415	1.0
639	78	1.0
930	153	1.0
1073	1108	1.0
871	170	1.0
183	1508	1.0
848	1024	1.0
410	14	1.0
172	20	1.0
1749	173	1.0
971	267	1.0
1565	515	1.0
171	59	1.0
1929	20	1.0
269	210	1.0
982	99	1.0
87	999	0.0
433	1106	1.0
495	516	1.0
396	292	1.0
856	868	1.0
798	14	1.0
876	127	1.0
969	573	1.0
1221	178	1.0
233	1531	1.0
1905	1878	1.0
643	36	1.0
401	126	1.0
84	1126	0.0
853	1001	1.0
1035	49	1.0
1160	265	1.0
167	169	1.0
112	96	1.0
755	1617	1.0
868	433	1.0
1044	198	1.0
104	334	1.0
109	150	1.0
325	328	1.0
463	40	1.0
77	1342	0.0
1103	194	1.0
361	1634	1.0
1617	863	1.0
75	1435	1.0
233	1548	1.0
155	575	1.0
194	1302	0.0
1221	109	1.0
53	412	1.0
20	1634	1.0
791	336	1.0
959	868	1.0
509	48	1.0
927	98	1.0
506	148	1.0
1135	1126	1.0
504	226	1.0
1313	1147	1.0
292	1476	1.0
153	579	1.0
1103	121	1.0
1939	591	1.0
63	12	1.0
1755	102	1.0
267	243	1.0
62	36	1.0
60	109	1.0
1009	1420	1.0
1871	134	1.0
1015	705	1.0
169	441	1.0
439	14	1.0
689	577	1.0
1016	590	1.0
1209	773	1.0
1096	1099	1.0
232	44	1.0
1280	18	1.0
72	1915	1.0
180	21	1.0
216	624	1.0
555	32	1.0
841	563	1.0
20	33	1.0
851	191	1.0
851	197	1.0
1310	786	1.0
500	181	1.0
177	182	0.0
815	287	1.0
64	65	1.0
122	105	0.0
365	819	1.0
438	14	1.0
1067	280	1.0
65	33	1.0
350	7	1.0
381	198	1.0
1987	110	1.0
502	127	1.0
177	173	1.0
823	1199	1.0
1227	93	1.0
727	1445	1.0
195	1329	1.0
125	29	1.0
174	203	1.0
911	77	1.0
7	593	1.0
1844	220	1.0
483	868	1.0
297	36	0.0
58	334	1.0
431	381	1.0
173	221	1.0
198	1252	1.0
20	58	1.0
65	92	1.0
1247	1245	1.0
284	468	1.0
971	49	1.0
465	1561	1.0
30	1418	1.0
1986	321	1.0
120	20	1.0
209	999	1.0
173	177	1.0
765	104	1.0
988	1485	1.0
175	77	1.0
971	212	1.0
68	42	1.0
1136	1403	1.0
1839	640	1.0
697	190	1.0
1302	1209	1.0
1118	431	1.0
819	18	1.0
347	267	1.0
7	352	1.0
1190	1564	1.0
1420	727	1.0
14	101	0.0
112	331	1.0
887	888	1.0
109	447	1.0
1747	180	1.0
1748	86	1.0
834	905	1.0
769	29	1.0
1369	456	1.0
120	77	1.0
947	1023	1.0
343	385	1.0
688	563	1.0
873	1367	1.0
1856	1820	1.0
1648	36	1.0
1015	446	1.0
848	375	1.0
231	124	1.0
1934	8	1.0
1369	441	1.0
291	127	1.0
221	512	1.0
173	87	0.0
380	202	1.0
1257	750	1.0
51	739	0.0
350	83	1.0
1012	577	1.0
1302	1282	1.0
904	174	1.0
688	582	1.0
221	516	1.0
2	590	0.0
1169	127	1.0
904	183	1.0
1991	20	1.0
1420	792	1.0
173	128	1.0
69	89	1.0
849	302	1.0
170	242	1.0
13	196	1.0
546	587	1.0
14	172	0.0
805	587	1.0
104	694	1.0
767	74	0.0
125	208	1.0
1099	707	1.0
648	182	1.0
963	127	1.0
639	516	1.0
183	172	1.0
746	450	1.0
706	226	1.0
318	985	0.0
71	25	1.0
848	573	1.0
58	509	1.0
1412	1097	1.0
1	470	1.0
336	272	1.0
109	831	1.0
222	698	1.0
998	1023	1.0
71	72	1.0
678	1300	1.0
240	33	1.0
755	80	1.0
1100	707	1.0
177	425	1.0
708	181	1.0
952	569	0.0
216	913	1.0
381	468	1.0
337	249	1.0
550	22	1.0
69	128	1.0
101	1144	1.0
652	77	1.0
187	77	1.0
69	137	1.0
884	1357	1.0
527	882	1.0
438	386	1.0
130	85	1.0
809	1941	1.0
755	181	1.0
1939	206	1.0
331	415	1.0
72	70	0.0
1098	686	1.0
1981	579	1.0
183	117	1.0
1943	42	1.0
810	1915	1.0
1103	514	1.0
1231	127	1.0
1107	380	1.0
69	208	1.0
1939	170	1.0
326	574	1.0
195	1629	1.0
336	203	1.0
848	465	1.0
483	643	1.0
132	36	1.0
838	831	1.0
1017	278	1.0
74	7	0.0
907	453	1.0
1916	22	1.0
1179	127	1.0
120	253	1.0
1054	335	1.0
75	15	1.0
109	669	1.0
1097	905	1.0
761	15	1.0
1412	1237	1.0
1103	707	1.0
226	624	1.0
278	405	1.0
858	326	1.0
389	80	1.0
968	51	0.0
339	280	1.0
185	6	1.0
1001	783	1.0
74	98	1.0
127	33	1.0
810	71	1.0
127	34	1.0
444	194	1.0
1546	1545	1.0
1700	170	1.0
970	16	1.0
1015	284	1.0
1914	20	1.0
285	101	0.0
839	994	1.0
1997	85	1.0
719	1634	1.0
440	441	1.0
1408	1451	1.0
1221	655	1.0
525	1085	1.0
1318	441	1.0
387	200	1.0
686	906	1.0
180	83	1.0
838	985	0.0
180	109	1.0
1318	467	1.0
125	155	1.0
285	77	1.0
173	365	1.0
370	851	1.0
1015	181	1.0
75	72	1.0
1700	264	1.0
238	125	1.0
1506	1141	1.0
383	364	1.0
1117	117	1.0
1635	716	1.0
100	1091	1.0
236	235	1.0
1160	688	0.0
284	98	1.0
1983	582	1.0
1700	238	1.0
891	915	1.0
746	587	1.0
682	1060	1.0
128	83	1.0
485	415	0.0
267	704	1.0
1789	212	1.0
385	258	1.0
