2810	6
2810	5
2810	4
2810	3
2810	2
2810	1
3230	7
3230	5
3230	6
1674	7
3230	3
3230	4
1674	6
3230	2
1674	5
3230	1
1674	4
1674	3
1674	2
1674	1
2139	6
2139	7
1319	7
2139	4
1319	6
2139	5
2139	2
2139	3
1319	4
1319	5
1319	2
2811	1
2139	1
1319	3
3231	6
1319	1
3231	7
3231	2
3231	3
3231	4
3231	5
3231	1
2810	7
2811	5
2811	2
2811	3
2811	6
2811	7
3229	1
2140	5
2140	6
2140	7
3229	2
3229	5
3229	4
3229	7
3229	6
2140	1
2140	2
2140	3
2140	4
254	3
254	4
254	5
851	1
254	6
1316	6
254	7
1316	5
1316	7
851	6
3227	1
851	7
851	2
851	3
851	4
851	5
3226	7
1316	1
2813	7
1316	2
2813	6
1316	3
2813	5
1316	4
2813	3
2813	2
254	2
2813	1
254	1
850	5
850	6
850	3
1670	2
850	4
1670	1
850	2
1670	7
1670	4
1670	3
850	7
1670	5
3227	6
1315	1
3227	7
3227	2
3227	3
3227	4
3227	5
1315	6
1315	7
1315	4
1315	2
1315	3
2815	1
3225	3
2815	5
3225	2
2815	2
3225	1
2815	3
256	5
3225	7
256	6
3225	6
256	7
2815	6
3225	5
2815	7
3225	4
256	1
256	2
256	3
256	4
1668	6
1668	5
1668	7
2144	1
2144	2
3226	2
2144	3
3226	1
2144	4
3226	4
2144	5
3226	3
2144	6
3226	6
2144	7
3226	5
848	4
848	3
848	2
1668	1
848	7
1668	2
848	6
1668	3
848	5
1668	4
1681	1
3223	3
3223	2
1681	3
3223	5
1681	2
3223	4
2146	7
2146	3
2146	4
2146	5
2146	6
2146	1
2146	2
2803	7
2803	6
244	4
2803	3
244	3
2803	2
244	2
2803	5
244	1
2803	4
2803	1
1681	4
3223	6
1681	5
3223	7
1681	6
1681	7
839	6
839	7
243	3
243	2
243	5
243	4
243	7
243	6
243	1
245	6
3221	1
245	7
245	4
3221	3
245	5
3221	2
245	2
245	3
3221	4
3221	7
245	1
3221	6
839	1
839	5
839	4
839	3
3222	6
3222	4
3222	3
3222	7
3222	2
244	6
3222	1
244	7
247	1
247	5
247	4
247	3
247	2
844	3
844	4
247	6
844	2
247	7
3220	2
3220	1
3220	4
3220	3
844	7
844	5
844	6
3220	7
246	2
3220	5
246	1
3220	6
246	4
246	3
246	6
246	5
246	7
1677	7
1677	5
1677	4
1677	3
1677	2
1677	1
842	2
842	1
842	6
842	5
842	4
842	3
1311	1
249	2
2808	1
249	3
842	7
2808	3
3218	2
249	1
2808	4
3218	1
1311	5
2808	5
3218	4
1311	4
2808	6
3218	3
1311	3
2808	7
3218	6
1311	2
3218	5
3218	7
1311	7
1311	6
249	6
249	7
249	5
2809	2
2809	3
2809	6
2809	7
2809	4
2809	5
2125	1
2125	3
2125	2
833	3
2125	5
833	2
2125	4
833	1
2125	7
3217	4
3217	5
3217	6
3217	7
3217	1
3217	3
3217	2
1659	3
1659	2
1659	5
1659	4
1659	7
1659	6
1306	1
1306	2
1306	3
2126	2
1306	4
2126	1
1306	5
1306	6
833	4
833	6
833	7
831	7
831	6
831	5
831	4
831	3
831	2
831	1
265	6
265	7
265	4
265	5
3215	7
3215	6
3215	3
2126	7
3215	2
3215	4
265	2
2126	3
265	3
2126	4
3215	1
2126	5
265	1
1306	7
2126	6
1659	1
266	7
266	1
266	2
266	3
266	5
266	6
2127	7
2127	4
2127	5
2127	2
2127	3
2127	1
836	7
1656	2
1656	1
836	5
267	6
1656	4
836	6
267	7
1656	3
267	4
1656	5
267	2
267	3
1656	7
1301	2
1301	3
1301	1
1301	6
1301	7
1301	4
1301	5
267	1
2128	2
2128	1
2128	4
2128	3
836	4
2128	6
836	3
2128	5
836	2
836	1
2128	7
268	1
2129	6
268	2
2129	7
837	2
268	3
837	3
268	4
2129	5
837	4
1657	3
837	5
1657	2
837	6
1657	1
837	7
1657	7
1657	6
1657	5
1657	4
268	5
268	6
268	7
2799	1
2799	5
2799	4
1302	1
2799	3
1302	2
2799	2
1302	3
1302	4
1302	5
2799	7
2799	6
1302	7
2129	3
2129	2
2129	1
3212	2
2130	3
3212	1
2130	4
3212	4
2130	5
3212	3
2130	6
2130	1
3212	6
2130	7
3212	7
2131	1
3211	7
3211	6
3211	5
3211	4
3211	3
3211	2
2131	6
2131	7
2131	4
270	1
2131	2
2131	3
3211	1
257	1
1298	7
2790	6
2790	5
826	2
257	3
2790	4
826	1
257	2
2132	4
826	3
2132	3
826	6
2132	2
826	5
2790	7
2132	1
1298	1
1298	3
2790	2
1298	4
2790	1
1298	5
1298	6
3209	5
3209	4
3209	7
3209	6
2132	5
2132	6
826	7
2132	7
257	6
3209	1
257	7
3209	3
257	5
3209	2
1299	4
1299	5
1299	2
1299	3
827	1
1299	7
2789	1
2789	3
2789	2
1299	1
2789	4
2789	7
2789	6
2133	6
3208	7
2133	7
3208	6
2133	4
3208	5
3208	4
2133	2
3208	3
2133	3
2791	6
3208	2
2791	7
3208	1
2133	1
824	6
824	7
824	2
824	1
824	4
824	3
259	4
2134	7
259	5
259	2
259	3
2134	3
2134	4
259	6
2134	5
259	7
2134	6
2134	1
2134	2
259	1
2791	3
2791	2
2791	5
2791	4
829	1
260	2
2135	1
260	1
829	3
260	4
829	2
260	3
829	5
2135	5
829	4
2135	4
829	7
2135	3
829	6
2135	2
1663	1
2135	6
2135	7
260	5
1663	5
260	6
260	7
1663	3
1663	2
1663	7
1663	6
830	2
830	1
830	5
830	6
830	3
830	4
830	7
3206	2
3206	1
3206	4
3206	3
3206	6
3206	5
3206	7
827	7
827	6
827	3
827	2
827	5
827	4
1296	5
1661	6
1296	6
1661	7
1296	7
1661	5
1296	1
1661	2
1296	2
1661	3
1296	3
1296	4
1661	1
2137	2
2137	3
2137	1
2137	6
2137	7
2137	4
2137	5
828	4
828	3
828	2
828	1
2794	4
2794	3
2794	6
1662	1
2794	5
1662	2
828	7
828	6
2794	2
828	5
2794	1
1662	7
2794	7
1662	4
1662	3
1662	6
1662	5
3256	3
3256	1
3256	2
3256	7
3256	5
3256	6
225	1
225	3
225	2
2113	7
2113	4
2113	5
873	2
873	3
873	4
873	5
873	6
873	7
3257	1
3257	2
3257	3
3257	4
3257	5
3257	6
3257	7
2113	1
2113	3
2113	2
3258	5
3258	6
2112	7
3258	3
2112	6
3258	4
2112	5
3258	1
2112	4
3258	2
2112	3
2112	2
2112	1
1701	4
1701	5
1701	6
1701	7
1701	1
1701	2
874	7
1701	3
3259	1
3258	7
874	5
874	6
874	3
874	1
874	2
1290	7
1290	1
1290	2
1290	3
1290	4
1290	5
1290	6
876	7
876	5
876	6
2788	5
2788	6
2788	7
876	3
876	4
876	1
876	2
1289	6
1289	7
1289	4
227	7
1289	5
227	6
227	5
2788	2
227	4
2788	1
227	3
2788	4
227	2
2788	3
227	1
1289	2
1289	3
1289	1
2115	7
2115	5
2115	4
2115	3
2115	2
2115	1
878	7
878	4
878	3
878	6
878	5
878	2
2786	7
225	7
2786	4
225	6
2786	3
225	5
2786	6
2786	5
1287	6
2786	2
1287	7
2786	1
1707	1
1707	2
1707	3
1707	4
1707	5
2777	1
1707	7
2777	3
2777	2
218	6
2777	5
1287	1
218	5
2777	4
218	4
2777	7
218	3
2777	6
1287	4
1287	5
218	1
1287	2
865	4
865	5
865	6
2119	6
865	7
2119	7
3250	1
3250	2
3250	5
3250	6
1286	1
3250	3
1286	2
3250	4
1286	3
1286	4
1286	5
3250	7
1286	7
868	4
868	1
868	2
216	4
216	3
216	2
216	1
868	7
216	7
868	6
216	6
868	5
216	5
2119	3
2119	2
2119	5
2119	1
1708	3
2776	7
1708	4
1708	1
2776	5
1708	2
2776	4
2776	3
2776	2
2776	1
1708	7
1708	5
1708	6
221	7
221	6
221	5
221	4
221	3
221	2
221	1
870	5
870	6
870	3
870	4
870	7
3246	2
3246	1
870	1
870	2
2781	3
2781	2
2781	1
220	6
2781	7
2123	1
220	5
2781	6
2781	5
220	7
2781	4
220	2
220	1
3246	6
3246	3
220	3
3246	4
3246	7
2123	4
2123	5
869	2
2123	2
869	3
2123	3
869	4
869	5
869	6
869	7
2123	7
2122	4
2122	3
2122	5
2122	2
2122	1
1281	6
1281	7
871	7
1281	4
871	6
1281	5
2779	1
2122	7
3248	7
3248	5
3248	6
3248	4
3248	1
3248	2
218	7
2779	7
2779	6
2779	5
2779	4
2779	3
2779	2
871	2
1281	1
871	3
871	4
1281	3
871	5
1281	2
871	1
3243	6
3243	7
3243	3
3243	4
3243	5
859	1
2771	7
2771	6
238	2
2771	3
238	1
2771	2
2771	5
2771	4
858	7
3243	1
3242	7
2100	4
2100	3
2100	2
2100	1
238	3
1686	2
859	7
238	4
1686	1
238	5
238	6
859	2
238	7
859	3
859	4
859	5
3242	6
3242	5
3242	4
1686	7
3242	3
1686	6
3242	2
1686	5
3242	1
1686	4
236	4
1687	6
236	3
1687	7
236	2
236	1
3245	1
3245	2
3245	3
3245	4
236	7
3245	5
236	6
3245	6
236	5
3245	7
860	3
860	4
860	1
860	2
860	7
1277	3
1277	2
860	5
1277	1
1687	1
860	6
1277	7
1687	3
1687	2
1277	5
1687	5
1277	4
1687	4
1278	3
1278	4
1688	4
1278	5
1688	1
1278	6
1688	2
1278	7
1688	7
3244	3
3244	4
1688	5
3244	1
1688	6
3244	2
237	5
3244	7
237	7
3244	5
237	6
3244	6
237	1
237	3
237	2
1278	2
1278	1
1682	7
241	6
1682	4
241	7
1682	3
241	4
1682	6
241	5
1682	2
1682	1
241	3
241	2
241	1
1683	7
1683	6
863	6
1683	5
863	7
1683	4
1683	2
863	2
1683	1
863	3
863	4
863	5
2103	6
863	1
2103	7
2103	5
2103	4
2103	3
2103	2
2103	1
2773	7
2773	6
2773	5
2773	4
2773	3
2773	2
2773	1
864	3
864	4
864	2
864	7
1684	2
1684	1
864	5
1684	4
864	6
1684	3
3241	4
3241	5
3241	6
3241	7
239	7
239	6
239	5
2772	6
239	4
2772	5
2100	5
239	2
2772	7
2100	7
239	1
3241	2
3241	3
2772	3
865	1
2772	4
865	2
865	3
2772	2
240	6
240	5
240	7
240	2
240	4
240	3
1684	7
3240	4
2101	2
1684	5
3240	1
2101	1
3240	2
3240	7
2101	7
2101	6
3240	5
2101	5
3240	6
2101	4
852	2
852	1
852	4
852	3
852	7
852	5
852	6
2763	1
1273	2
2763	7
1273	3
2763	6
1273	1
2763	3
2763	2
2763	4
1273	6
1273	7
1273	5
3238	1
3238	2
3238	5
3238	6
3238	4
3238	7
854	1
854	2
854	5
854	6
854	3
854	4
854	7
1689	7
1689	6
1689	5
1689	4
1689	3
1689	2
1689	1
2110	2
2110	1
235	1
1269	6
1269	7
1269	4
1269	5
1269	2
1269	3
1269	1
1690	4
1690	3
1690	6
1690	5
1690	2
1690	1
235	4
2110	7
235	5
235	2
235	3
2110	3
2110	4
235	6
2110	5
235	7
1690	7
857	4
1267	3
857	5
1267	2
857	6
1267	5
857	7
1267	4
1267	7
1267	6
857	1
857	2
1267	1
857	3
2108	6
2108	5
2108	7
233	7
233	6
233	5
233	3
233	2
233	1
2108	2
2108	1
2108	4
858	1
858	2
2765	1
2765	2
2765	3
858	5
2765	4
858	6
2765	5
858	3
2765	6
858	4
2765	7
2198	1
2868	7
2868	6
2868	5
1726	1
1726	2
2198	7
2198	6
2198	5
2198	4
2198	3
1726	7
1726	6
1726	5
1726	4
1726	3
308	7
308	6
308	5
1260	4
1260	3
1260	2
3283	1
1260	1
3283	7
3283	6
3283	3
1260	7
3283	2
1260	6
3283	5
1260	5
3283	4
1262	4
1262	5
1262	6
1262	7
1724	4
1724	1
1724	2
1724	7
1724	5
1724	6
310	2
1723	2
310	1
1723	3
1723	4
1723	5
1723	6
1723	7
2871	1
310	7
310	6
2871	3
310	5
2871	2
3281	1
310	4
2871	5
3281	2
310	3
2871	4
3281	3
2871	6
3281	5
2871	7
3281	4
3281	7
3281	6
1262	2
1262	1
3285	7
3285	6
3285	4
3285	3
3285	2
3285	1
306	7
2195	7
2195	6
2195	4
2195	3
2195	2
792	6
2195	1
792	5
306	2
306	1
792	7
306	4
792	2
306	3
792	1
306	6
792	4
306	5
792	3
791	4
791	5
3286	7
791	2
791	3
3286	4
791	1
3286	3
1263	7
3286	6
1263	6
3286	5
1263	5
1263	4
1263	2
3286	1
1263	1
2866	7
2194	7
2194	4
2866	3
2866	6
2194	6
2866	5
2194	5
791	7
2866	2
2194	2
791	6
2866	1
2194	1
790	3
790	4
790	5
790	6
790	7
790	1
308	2
308	4
308	3
1727	6
1727	7
307	7
307	6
307	5
2868	2
307	4
2868	1
307	3
2868	4
307	2
2868	3
1727	1
1727	2
1727	3
1727	4
1254	2
3275	7
1254	1
1733	4
3275	6
1733	7
1733	6
1733	1
3275	3
3275	2
1733	3
1733	2
3275	4
1254	7
1254	6
1254	5
1254	4
1254	3
302	6
302	5
302	4
302	7
3275	1
302	1
302	2
2204	4
2204	2
2204	1
2204	7
2204	6
2204	5
787	1
787	4
787	5
787	2
787	3
787	6
787	7
1731	1
1731	2
304	7
1731	3
304	6
1731	4
304	5
1731	5
1731	6
304	3
1731	7
304	2
304	1
1730	1
1730	2
1730	5
1730	6
1730	3
1730	4
2864	4
2864	3
2864	2
1730	7
2864	1
2864	7
2864	5
299	5
299	4
299	3
299	7
299	6
1257	7
299	1
1257	6
1257	5
1257	4
1736	6
1257	2
1736	5
1257	1
1736	7
1736	2
1736	1
1736	4
1736	3
2859	7
2859	6
2859	5
2859	3
2859	2
784	5
784	6
2859	1
784	7
784	1
784	2
3279	7
784	4
3279	6
3279	5
3279	4
3279	3
3279	2
3279	1
1735	7
1735	6
301	7
3277	1
301	5
3277	2
301	4
1735	1
3277	3
301	3
1735	2
3277	4
301	2
1735	3
3277	5
301	1
1735	4
3277	6
1735	5
3277	7
1259	4
1259	5
1259	2
1259	3
1259	7
1259	1
2855	7
2855	6
1711	1
1711	2
1711	3
1711	4
1711	6
1711	7
3269	1
3269	2
3269	5
3269	4
3269	7
3269	6
2184	4
2184	3
2184	2
2184	1
2184	7
2184	6
1712	3
1712	4
1712	1
1712	2
1712	7
3268	3
3268	4
1712	5
3268	1
1712	6
3268	2
3268	7
3268	6
3268	5
2855	1
2855	4
2855	5
2855	2
2855	3
3267	1
3267	6
3267	7
324	4
324	3
3267	3
324	2
3267	4
324	1
3267	5
324	7
324	5
779	6
324	6
779	7
779	4
779	5
779	2
779	3
1248	7
1248	6
1248	5
1248	4
1248	3
1248	2
1248	1
3266	5
3266	3
3266	4
3266	1
3266	2
2186	6
2186	5
2186	4
2186	3
2186	2
2186	1
3266	7
780	1
325	1
780	2
325	2
780	3
780	4
325	4
325	5
325	6
2186	7
325	7
780	5
780	6
780	7
777	6
777	7
777	4
777	5
3272	2
3272	1
3272	4
3272	3
777	2
3272	6
777	3
777	1
3272	7
1715	2
1715	3
1715	4
1715	5
1715	6
1715	7
319	7
319	6
319	5
319	3
319	2
319	1
1715	1
2851	4
2851	5
1250	7
2851	2
2851	3
2851	6
2851	7
1250	2
1250	1
1250	4
2851	1
1250	3
1250	6
1250	5
2854	7
2182	7
321	3
2854	4
2182	4
321	2
2854	3
2182	3
321	1
2854	6
2182	6
2854	5
2182	5
2854	2
2182	2
2854	1
2182	1
321	4
321	5
321	6
321	7
3270	7
3270	5
3270	6
3270	3
3270	4
2853	7
2853	6
3270	2
2853	5
2853	4
2853	3
2853	2
2853	1
3262	6
3262	5
3262	4
3262	3
3262	7
315	7
315	6
315	3
315	2
315	5
315	4
3262	1
3262	2
1719	7
1719	6
2848	1
2848	2
2848	3
2848	4
2848	6
2848	7
316	4
316	3
316	2
316	1
1719	1
1719	2
316	7
1719	3
316	6
1719	4
316	5
1719	5
1241	1
1241	3
1241	2
772	5
772	6
772	7
1241	5
1241	4
1241	7
1241	6
2850	6
3260	3
3260	4
2850	4
3260	1
2850	3
3260	2
2850	2
2850	1
317	1
772	2
772	1
2192	7
317	3
772	4
2192	6
317	2
772	3
2192	5
317	5
3260	7
2192	4
317	4
2192	3
317	7
3260	5
317	6
2850	7
2192	1
318	5
318	6
318	3
318	4
318	7
1242	6
1242	5
1242	4
1242	3
1242	2
1242	1
3259	6
3259	7
3259	2
3259	3
3259	4
3259	5
318	2
318	1
2187	5
2187	4
2187	3
2187	7
2187	6
770	7
2845	2
2845	3
2845	1
2845	6
2845	7
2187	1
2845	4
3265	7
1242	7
3265	6
770	1
3265	5
770	2
3265	4
770	3
770	4
770	5
770	6
3265	1
3265	2
3265	3
771	4
771	5
771	2
771	3
771	6
771	7
771	1
3264	7
314	2
3264	5
3264	6
314	4
314	3
3264	4
314	6
2847	7
3264	1
314	5
2847	6
3264	2
2847	5
2847	4
2847	3
2847	2
2847	1
1244	6
1244	5
1244	7
1244	2
1244	1
1244	4
1244	3
315	1
1245	7
1245	6
1245	5
1245	4
1245	3
1245	2
1245	1
314	7
821	1
821	3
821	2
2842	7
821	5
821	4
821	7
821	6
1752	4
1752	3
1752	2
1752	1
1752	7
1752	6
1752	5
282	7
1234	7
1234	2
1234	1
1234	6
1234	5
1234	4
1234	3
1754	6
1754	5
282	1
282	2
1754	3
282	3
2841	6
1754	2
282	4
2841	7
1754	1
282	5
2841	4
282	6
2841	5
2841	2
2841	3
2841	1
822	7
822	6
822	5
822	4
822	3
822	2
822	1
281	6
2842	3
281	7
2842	4
281	4
281	5
2842	6
2842	1
2842	2
281	2
281	3
281	1
2839	1
2839	4
2839	5
2839	2
2839	3
280	6
280	5
818	2
2839	7
280	7
2839	6
818	4
280	2
2169	3
818	3
280	1
2169	2
818	6
280	4
2169	1
818	5
280	3
2169	7
818	7
2169	6
2169	5
2169	4
1237	3
1237	2
1754	7
1237	1
1237	7
1237	6
1237	5
1237	4
3312	2
3312	1
3312	4
3312	3
817	2
3312	6
817	3
817	1
3312	7
817	7
2168	2
817	6
2168	1
817	5
2168	4
817	4
2168	6
2168	5
2168	7
1236	6
1236	5
1236	7
2167	4
2167	5
2167	2
2167	1
2167	7
2167	6
277	2
1756	2
277	3
1756	1
1756	4
277	1
1756	3
277	6
277	7
277	5
1756	5
1756	7
1236	3
1236	4
1236	1
1236	2
1228	7
1228	6
1228	4
1228	3
1228	2
1228	1
276	7
276	6
276	5
276	1
3302	6
276	2
3302	5
276	3
276	4
3302	3
3302	7
1758	6
1227	3
1758	5
1227	2
1758	4
1227	5
1758	3
1227	7
3302	2
1227	6
3302	1
1758	7
2178	7
1758	1
1758	2
1227	1
2178	2
2178	1
2178	6
2178	5
2178	4
2178	3
1761	1
3303	3
3303	2
1761	3
3303	5
1761	2
3303	4
3303	1
816	7
816	6
816	5
816	4
816	3
816	2
1760	7
1760	6
2835	7
1760	5
2835	4
1760	4
2835	5
1760	3
2835	2
1760	2
2835	3
1760	1
2835	1
815	7
815	6
815	3
815	2
815	5
815	4
815	1
3303	6
3303	7
811	5
811	4
811	3
811	2
273	7
273	6
811	7
273	5
273	4
2176	2
2176	1
2176	4
2176	3
2176	6
2176	5
2176	7
1231	1
1762	2
1762	1
1231	5
1762	3
1762	6
1231	3
1762	5
1231	2
273	2
2832	1
273	3
2832	2
1762	7
1231	7
273	1
2832	4
1231	6
2832	5
811	1
2832	6
2832	7
2833	7
2175	1
2833	6
2833	5
2833	4
2175	4
2175	3
2175	2
2175	7
2175	6
1761	7
1761	6
1761	5
1761	4
2833	2
2833	3
2833	1
1764	5
3306	7
1764	6
1764	7
813	7
813	6
813	5
813	4
813	3
813	2
813	1
2830	7
2830	3
2830	4
2830	5
1764	2
3306	4
1764	1
3306	3
1764	4
3306	6
3306	5
3306	2
3306	1
812	2
812	4
812	3
1229	4
1229	5
1229	6
1229	7
812	6
812	5
1229	1
1229	2
812	7
270	3
2831	4
1763	1
270	4
2831	5
270	5
2831	2
270	6
270	7
2831	1
1763	7
1763	6
1763	5
1763	4
2831	6
2831	7
1763	2
807	4
807	5
807	2
2830	1
807	3
2830	2
807	1
1738	5
1738	6
1738	3
1738	4
1738	1
1738	2
807	7
807	6
1221	5
1221	4
1221	7
1221	6
1221	1
1221	3
1738	7
808	4
808	3
808	2
808	1
808	7
808	6
808	5
295	4
295	5
295	3
3297	1
295	1
3297	3
3297	2
809	5
809	4
809	7
809	6
2827	1
295	7
295	6
809	3
809	2
1740	7
1740	6
1740	5
2827	4
2827	5
2827	2
2827	3
1740	4
1740	3
1740	2
2827	7
1740	1
803	1
2154	3
2154	4
803	6
2154	5
803	7
2154	6
803	4
803	2
2154	1
803	3
2154	2
2154	7
1224	6
1224	5
1224	7
1224	2
3297	7
1224	1
3297	6
1224	4
3297	5
1224	3
3297	4
1742	1
1742	2
2152	1
291	1
1742	3
2152	2
1742	6
2152	3
1742	5
2152	4
2152	5
1742	7
2152	6
2152	7
291	6
291	7
291	4
3300	2
291	5
3300	1
3300	4
291	3
3300	3
3300	5
3300	6
3300	7
1222	1
1222	2
1222	5
1222	6
1222	3
1222	4
1222	7
2823	6
2823	7
2823	4
2823	5
2823	2
2823	3
2823	1
801	2
2822	7
801	3
801	1
2822	3
2822	4
2822	5
2822	6
2822	1
2822	2
1745	5
3287	7
1745	4
3287	6
1745	7
1745	6
3287	2
1745	1
3287	3
1745	2
3287	4
290	7
1745	3
3287	1
2165	5
290	1
2165	4
2165	7
2165	6
290	6
2165	1
290	5
290	4
2165	3
290	3
2165	2
288	5
3290	2
288	6
3290	1
288	7
1746	7
288	1
3290	6
288	2
3290	5
288	3
3290	4
288	4
3290	3
2821	2
1746	2
2821	3
1746	1
2821	1
1746	6
2821	7
2821	4
1746	4
2821	5
1746	3
801	5
801	4
801	7
801	6
3289	4
3289	7
3289	6
3289	1
3289	3
3289	2
1212	7
1212	5
802	7
1212	6
802	2
802	1
802	6
1212	3
802	5
1212	4
802	4
1212	1
802	3
1212	2
1748	3
1748	4
1217	1
1748	1
1217	2
1748	2
1217	3
2819	1
3291	7
3291	6
3291	5
3291	4
3291	3
3291	2
2819	6
2819	7
2819	4
2819	5
2819	2
287	1
2162	3
2162	6
2162	5
287	4
287	3
2162	2
287	2
2162	1
287	7
287	6
2162	7
1748	6
1217	7
1748	5
1217	6
3290	7
1217	5
1748	7
1217	4
797	6
797	7
797	4
797	5
797	2
797	3
798	4
798	3
798	6
798	5
798	7
284	1
1749	3
1749	2
284	3
1749	1
284	4
1749	7
1749	6
1749	5
3293	2
3293	1
284	5
3293	7
284	6
3293	6
284	7
798	1
3293	5
798	2
3293	4
2160	1
2160	2
2160	3
2160	4
2160	6
2160	7
3113	6
3113	7
3113	4
3113	5
3113	2
353	5
3113	3
353	4
353	7
3113	1
353	6
1569	6
1569	7
1569	5
2035	6
2035	7
2035	4
729	4
2035	5
729	5
2035	2
729	6
2035	3
729	7
2035	1
729	1
729	2
729	3
354	7
1570	7
354	2
1570	3
354	1
1570	4
1570	6
354	6
354	5
354	4
1570	1
354	3
1570	2
355	7
355	6
727	3
355	2
727	2
355	5
727	5
355	4
727	4
3111	6
355	1
3111	7
727	6
727	7
356	3
356	2
356	1
2037	1
2037	2
2037	5
2037	4
2037	7
2037	6
2694	3
3111	1
2694	5
2694	6
3111	3
1204	4
2694	7
1569	1
3111	2
1204	3
3111	5
1204	2
1569	3
3111	4
1204	1
1569	2
728	3
728	4
728	1
728	2
356	7
728	7
356	5
728	5
2694	1
356	6
728	6
2694	2
2038	1
2038	2
2038	7
2038	5
2038	6
2038	3
2038	4
357	1
357	3
357	2
357	5
357	4
357	7
357	6
358	2
358	1
358	6
358	5
358	4
358	3
358	7
1199	1
1199	3
1564	4
1199	2
1564	3
1199	5
1564	2
1199	4
1564	1
1199	7
2698	1
1199	6
1564	7
1564	6
1564	5
3108	4
2698	5
3108	3
2698	6
3108	2
2698	3
3108	1
2698	4
3108	7
3108	5
3108	6
2698	7
359	3
359	2
359	5
359	4
359	1
3107	1
359	6
359	7
3107	3
1200	4
3107	2
1200	3
3107	5
1200	2
3107	4
1200	1
3107	7
3107	6
1200	7
1200	6
1200	5
1563	1
2700	5
2028	6
2700	6
2028	7
2700	7
2028	1
2700	1
2028	2
1208	7
2700	2
2028	3
1208	6
2700	3
2028	4
1208	5
2700	4
1208	4
1208	3
1208	2
1208	1
3120	5
3120	6
3120	7
3120	1
3120	2
3120	3
3120	4
360	4
360	3
360	2
360	1
360	7
360	6
360	5
2029	6
2029	7
2029	4
2029	5
2029	3
1209	4
1209	7
2029	1
1209	6
1209	1
1209	3
1209	2
3119	7
3119	4
3119	5
3119	2
1563	6
3119	3
1563	7
1563	4
3119	1
1563	5
1563	2
1563	3
1561	5
1561	4
1561	7
1561	6
2030	1
2702	1
2030	2
2702	2
1561	1
1561	3
1561	2
735	6
2701	2
735	7
2701	3
2701	1
2701	6
2701	7
2701	4
2701	5
363	6
363	7
735	1
363	2
735	2
363	3
735	3
363	4
735	4
363	5
735	5
363	1
2030	6
2030	5
2030	4
2030	3
2030	7
1559	6
1559	7
1204	7
1204	6
1204	5
1559	3
1559	2
1559	5
1559	4
1559	1
1560	7
1560	5
1560	6
1560	3
1560	4
1560	1
1560	2
1205	4
1205	7
2702	7
1205	6
1205	1
2702	5
2702	6
1205	3
2702	3
1205	2
2702	4
3115	2
3115	3
3115	4
3115	5
3115	6
3115	7
1557	1
1557	2
1557	5
1557	4
1557	7
1557	6
3114	7
3114	2
2704	3
3114	1
2704	4
2704	1
2704	2
3114	6
2704	7
3114	5
3114	4
2704	5
3114	3
2704	6
368	7
368	6
368	5
368	4
368	3
368	2
368	1
3098	7
1556	5
1556	6
1556	7
716	7
716	5
716	6
3099	1
716	3
716	4
716	1
716	2
3099	4
3099	2
3099	3
3099	6
3099	7
1556	4
1556	2
1556	1
2021	2
2021	3
2021	1
2021	6
2021	7
2021	4
2021	5
714	6
714	4
714	3
714	2
714	1
1555	7
370	7
1190	7
1190	6
1555	3
1555	2
1190	4
1555	5
1190	3
1555	4
370	1
1190	2
2680	5
370	2
1190	1
2680	6
2680	7
1555	1
370	5
2680	1
370	6
2680	2
370	3
714	7
2680	3
370	4
2680	4
3098	5
3098	4
3098	3
3098	2
3098	1
1554	7
1554	6
1189	5
1554	5
1189	4
1554	4
1189	7
1554	3
1554	2
1189	1
1554	1
1189	3
1189	2
3095	1
3095	3
3095	2
3095	5
3095	4
3095	7
2682	2
2682	1
1185	2
2682	4
1185	3
2682	6
1185	1
2682	5
718	3
718	4
718	5
2682	7
718	6
718	7
1552	4
1552	2
1552	1
1552	7
1552	6
1552	5
3096	3
3096	4
3096	1
3096	2
3096	7
3096	5
3096	6
1184	1
1184	2
1184	3
1184	4
1184	5
1184	7
1551	3
1186	6
1551	2
1186	5
1551	5
1186	4
1551	4
1186	3
1186	2
1186	1
1551	1
1551	7
1551	6
1186	7
718	2
718	1
3094	2
3094	1
1550	7
1185	5
1550	5
1185	4
1550	4
1185	7
1550	3
1185	6
2026	5
2026	3
3094	7
2026	4
3094	6
2026	1
2026	2
3094	4
3094	3
2026	7
717	5
717	4
717	7
717	6
717	1
717	3
717	2
723	2
723	3
723	4
723	5
1550	2
723	6
1550	1
723	7
375	6
375	7
723	1
375	3
375	2
375	5
375	1
1549	1
1549	3
722	7
1549	2
1549	5
1549	4
1549	7
1549	6
722	1
2686	3
722	2
2686	4
2686	6
722	5
2686	7
722	6
722	3
722	4
374	7
374	6
374	5
374	4
2686	2
374	3
2686	1
374	2
3104	7
3104	6
3104	4
1548	7
3104	3
1548	6
3104	2
2687	6
1548	5
3104	1
2687	7
1548	4
2687	5
1548	2
2687	2
1548	1
2687	3
2687	1
2688	5
2688	6
2688	7
2688	1
1196	7
2688	2
1196	6
2688	3
2688	4
1196	4
376	4
1196	3
376	1
1196	2
376	2
1196	1
376	7
376	5
376	6
3102	5
3102	3
3102	4
3102	7
379	1
2689	3
2689	2
2689	1
2018	1
2018	2
2018	5
378	7
2018	6
2018	3
726	1
726	2
726	3
2018	7
726	5
726	6
3102	2
726	7
3102	1
378	6
378	5
378	4
378	3
378	2
378	1
2689	4
2689	5
2689	6
2689	7
1193	1
1193	3
1193	2
380	1
724	5
380	2
724	6
380	3
724	7
380	4
380	5
380	6
380	7
1193	5
1193	4
1193	7
1193	6
724	4
724	3
724	1
379	4
379	5
1192	7
379	2
1192	6
2019	1
379	3
1192	5
1192	4
1192	3
379	6
1192	2
379	7
1192	1
3101	5
2019	6
3101	4
2019	7
3101	7
3101	1
2019	2
2019	3
3101	3
2019	4
3101	2
2019	5
1595	4
1595	2
1595	3
1595	6
1595	7
755	1
755	2
755	3
755	4
755	5
755	6
755	7
2666	2
2666	1
2666	4
2666	3
2666	6
2666	5
2666	7
1173	4
2665	3
2665	2
1173	6
2665	1
1173	7
1173	1
1173	2
1173	3
1597	6
1597	7
1597	4
2665	7
1597	2
2665	6
1597	3
2665	5
2665	4
1597	1
326	1
326	2
326	3
326	4
326	5
326	6
326	7
1174	1
1174	2
3140	1
1174	7
1598	1
3140	3
1598	2
3140	4
1174	5
1174	6
1174	4
2008	6
1598	7
2008	7
2008	1
3140	6
2008	2
1598	3
3140	5
2008	3
1598	6
2008	4
1598	5
3140	7
2012	7
758	3
758	4
2012	5
758	5
2012	6
331	1
758	6
758	7
2670	5
2670	6
2670	3
2670	4
2012	3
2012	4
2012	1
758	1
2670	7
2012	2
758	2
3136	3
3136	4
3136	1
3136	2
3136	7
3136	5
3136	6
331	7
331	6
331	3
331	5
331	4
1593	5
1593	6
1593	7
332	7
332	6
2670	2
332	5
2670	1
332	4
332	3
332	2
332	1
1593	1
1593	2
1593	3
329	4
329	5
329	6
329	7
329	1
329	2
329	3
2011	1
1594	5
1594	6
1594	3
1594	4
1594	1
1594	2
760	6
760	5
760	7
760	2
760	4
760	3
2011	6
2011	7
2011	2
2011	3
1594	7
2011	4
2011	5
1595	1
3146	7
2002	1
2002	2
2002	3
2002	4
2002	5
2002	7
762	2
762	5
762	6
762	3
762	4
1588	5
1588	6
1588	7
3146	1
3146	2
3146	3
3146	5
3146	6
2003	1
2003	4
2003	5
2003	2
2003	3
2003	7
335	3
335	2
762	7
335	5
335	4
3145	2
335	1
3145	1
3145	6
3145	7
3145	4
3145	5
335	7
335	6
3148	2
3148	4
3148	3
333	2
333	3
333	1
333	6
3148	6
333	7
3148	5
333	4
333	5
3148	7
1180	3
1180	4
1180	1
1590	1
1180	2
1590	2
2000	6
1590	7
2000	5
2000	7
2000	2
1180	7
1590	3
2000	1
1590	4
2000	4
1590	5
2000	3
1180	6
2001	7
2001	4
2001	5
2001	3
2001	2
2001	1
1179	1
338	7
338	6
338	5
338	4
338	3
338	2
338	1
765	2
765	3
765	6
765	7
765	4
765	5
2005	1
2005	2
2005	3
1178	7
2005	4
2005	5
2005	7
339	7
3142	5
339	6
3142	6
1586	7
3142	4
339	3
339	2
3142	7
339	4
766	4
1586	1
1586	2
339	1
766	6
766	5
1586	5
3142	1
766	7
1586	6
3142	2
1586	3
1586	4
2006	5
2006	3
2006	4
2006	7
766	1
766	2
1179	3
1179	2
1179	5
1179	4
2006	1
1179	7
2006	2
1587	6
1587	7
1177	6
1587	2
1177	7
1587	3
767	7
1177	4
1587	4
1177	5
1587	5
767	5
1177	2
767	4
767	3
767	2
1177	1
1587	1
767	1
3144	6
3144	5
3144	7
3144	2
3144	1
3144	4
1178	3
1588	3
1178	4
1178	5
1588	1
1178	6
1588	2
1178	1
1178	2
337	5
337	4
337	7
337	6
337	1
337	2
337	3
1582	7
342	2
1582	3
342	1
1582	4
1582	6
342	6
342	5
342	4
342	3
342	7
742	1
742	2
742	7
742	5
742	6
742	3
742	4
3125	6
3125	7
1161	1
3125	4
1161	2
3125	5
1161	3
3125	2
3125	3
1995	1
2653	7
2653	6
2653	5
2653	4
1161	4
2653	3
1161	5
2653	2
1161	6
2653	1
1161	7
1995	7
1995	4
1995	5
1995	2
1995	3
1582	2
1582	1
1584	1
1584	2
1584	3
1994	1
1584	4
1994	4
1584	5
1994	3
1584	6
1994	6
1584	7
1994	5
1994	7
2651	1
1159	6
2651	5
1159	7
2651	4
1583	1
2651	3
2651	2
1993	3
1583	4
1583	5
1993	1
2651	7
1583	2
2651	6
1583	3
1993	7
3127	1
1993	6
1993	5
1583	6
1993	4
1583	7
3127	4
3127	5
3127	2
3127	3
3127	7
3127	6
1159	4
1159	5
1159	2
1159	3
1159	1
744	5
744	6
1998	7
744	7
744	1
1998	6
744	2
1998	3
1998	4
744	4
2654	1
2654	2
3123	2
3123	3
1581	1
3123	4
1581	2
3123	5
1581	3
3123	6
1581	4
3123	7
1581	5
1998	2
1998	1
1581	7
2654	4
2654	3
2654	6
2654	5
2654	7
3123	1
746	1
746	2
746	3
1156	2
746	4
1156	1
746	5
1156	4
746	6
1156	3
1997	3
1997	2
1997	1
1997	7
1997	6
1997	4
1156	5
746	7
1156	6
1156	7
1989	6
1989	7
1989	4
1989	5
1989	2
1989	3
1169	4
1169	7
1989	1
1169	6
2659	1
1169	1
1169	2
2659	7
1169	3
2659	6
2659	5
2659	4
2659	2
748	3
748	4
748	1
748	2
1988	5
2660	5
1988	6
2660	6
1988	7
2660	7
748	7
748	5
748	6
3132	1
3132	2
3132	3
3132	4
1988	2
1168	7
2660	2
1988	1
2660	1
1988	4
1168	5
2660	4
1988	3
1168	6
3132	5
1168	3
3132	6
1168	4
3132	7
1168	1
1168	2
347	7
347	6
347	3
1577	2
347	2
1577	3
347	5
347	4
1577	1
3133	2
1577	6
3133	3
1577	7
1577	4
3133	1
1577	5
3133	6
3133	7
3133	4
3133	5
3134	4
3134	3
3134	6
3134	5
3134	7
347	1
1166	5
1576	1
1166	6
1576	2
1986	2
1166	3
1576	3
1986	1
1166	4
1576	4
1986	4
1576	5
1986	3
1576	6
1986	6
1166	7
1576	7
1986	5
1986	7
3134	1
3134	2
1166	1
1166	2
353	1
353	2
1572	7
1572	5
1572	4
1572	3
1572	2
1572	1
1992	7
1992	5
1992	6
1992	3
1992	4
1992	1
1992	2
1165	6
1165	7
1165	4
1165	5
3129	4
1165	2
3129	5
1165	3
3129	6
3129	7
1165	1
3129	1
3129	2
3129	3
1571	7
1571	6
1571	2
751	6
1571	5
751	7
1571	4
751	4
751	5
751	2
1571	1
751	3
1164	5
1574	5
754	7
1164	6
1574	6
1164	7
1574	4
1574	7
2661	3
2661	2
754	2
2661	1
754	4
1164	1
2661	7
1574	1
754	3
1164	2
2661	6
1574	2
754	6
2661	5
754	5
1164	4
2661	4
2662	4
2662	3
2662	6
2662	5
2662	7
753	7
753	6
1573	1
753	5
1573	2
753	4
1573	3
1573	4
1573	5
2662	2
1573	6
2662	1
1573	7
753	2
753	3
753	1
2094	2
2094	1
412	2
412	3
412	4
412	5
3165	7
412	6
3165	6
412	7
3165	5
3165	4
3165	3
3165	2
3165	1
678	2
2751	3
678	1
2751	2
2751	5
2751	4
2751	1
678	7
678	6
2751	7
678	5
678	4
678	3
2094	7
2094	3
2094	4
2094	5
2094	6
413	2
413	3
413	6
413	7
413	4
413	5
2753	7
2753	4
2753	5
676	7
676	6
676	5
1145	2
1145	3
1145	1
1145	6
1145	7
1145	4
1145	5
2753	1
2753	3
2753	2
676	3
676	4
676	2
1146	4
1146	3
1146	6
1146	5
1625	7
1625	6
1146	2
1146	1
1625	4
1625	3
1625	2
1625	1
2748	7
2748	5
2748	4
2748	3
2748	2
2748	1
1147	1
1626	4
410	2
1626	3
1626	6
1626	5
410	5
410	6
410	3
1626	2
410	4
1626	1
2091	6
2091	7
2091	2
2091	3
2091	5
2091	1
674	7
674	6
2747	7
674	5
2747	6
674	4
674	3
674	2
2747	3
674	1
2747	2
2747	5
1146	7
3167	7
3167	6
3167	1
3167	5
3167	4
3167	3
3167	2
1147	2
1147	3
1147	4
1147	5
1147	6
410	7
1147	7
1624	2
1624	1
1624	4
1624	3
1624	6
1624	5
1624	7
1148	7
1148	6
411	7
411	6
411	5
1148	3
411	4
1148	4
411	3
1148	1
411	2
1148	2
1614	7
1614	4
419	1
1614	3
1614	6
1614	5
419	4
3172	2
419	5
3172	1
419	2
3172	4
419	3
3172	3
419	6
419	7
3172	5
3172	6
3172	7
2087	3
2759	2
2087	2
2759	5
2087	5
2759	4
2087	4
2759	1
2087	1
2087	6
2087	7
1150	2
3171	7
1150	1
3171	6
420	1
3171	5
420	2
3171	4
420	3
3171	3
420	4
3171	2
420	6
2758	2
1150	7
420	5
2758	1
420	7
1150	3
1150	4
1150	5
2758	7
2758	6
2758	5
2758	4
2758	3
2760	1
2088	1
2760	2
2088	2
2760	3
3170	2
2088	3
2760	4
3170	1
2088	4
2760	5
2088	5
2760	6
3170	3
2088	6
2760	7
3170	6
2088	7
3170	5
682	1
682	2
3170	7
682	5
682	3
682	4
421	7
421	6
421	5
682	7
421	3
421	2
421	1
1613	1
1613	2
1613	3
1613	4
1613	5
1613	7
2759	6
2759	7
2089	2
2089	3
2089	1
2089	6
2089	7
2089	4
422	2
422	1
422	7
422	4
1614	1
1614	2
422	6
422	5
3175	6
3175	7
1153	3
1153	2
1153	1
1618	7
1618	4
1618	3
1618	5
1618	2
1618	1
681	5
681	4
681	7
681	6
681	1
681	3
681	2
1153	4
1153	5
1153	6
1153	7
3175	5
3175	3
3175	2
3175	1
417	2
417	3
1616	1
1616	2
1154	7
1616	4
1616	5
1616	6
1616	7
1154	1
1154	2
417	7
417	6
1154	6
417	5
1154	3
417	4
1154	4
2757	1
2757	2
2757	3
2757	4
2757	5
2757	6
2757	7
1155	3
1155	4
1155	5
2756	4
1155	6
2756	3
1155	7
2756	2
2756	1
1155	1
2086	5
2086	6
2086	3
2086	4
2086	7
2756	7
2756	5
2756	6
2086	1
2086	2
664	4
2737	5
664	3
2737	4
664	2
2737	7
664	1
2737	6
664	7
664	6
664	5
1608	2
3150	4
1608	1
3150	3
1608	4
3150	6
3150	5
1129	3
1608	6
1129	2
1608	5
3150	7
1129	1
1608	7
1129	7
1129	6
1129	5
1129	4
2737	1
2737	2
2737	3
663	7
2738	2
2738	1
2738	6
2738	5
2738	4
2738	3
2080	4
2080	2
2080	1
2738	7
2080	7
2080	6
2080	5
3151	1
1607	7
1607	6
3151	5
3151	4
3151	3
3151	2
3151	7
663	1
3151	6
663	2
663	3
663	4
663	5
2739	1
1131	6
1131	7
1131	4
1131	2
1131	3
2739	7
1607	2
3149	4
2739	6
1607	3
3149	5
1607	4
3149	6
1607	5
3149	7
2739	3
2739	2
3149	1
2739	5
3149	2
2739	4
1607	1
3149	3
1131	1
428	2
1130	7
428	1
428	3
428	6
428	5
3150	2
428	7
1130	4
1130	3
1130	6
1130	5
1130	2
1130	1
1612	6
1133	2
1612	5
3154	7
1133	1
1612	7
1133	7
1133	6
1133	5
1133	4
3154	2
3154	1
1612	2
1612	1
3154	3
1612	4
3154	6
1612	3
3154	5
2077	1
2077	3
2077	2
2077	4
2077	7
2077	6
660	7
660	6
660	5
1132	6
3155	5
1132	5
3155	4
3155	3
1132	7
3155	2
660	1
660	2
660	3
3155	7
660	4
3155	6
1132	2
3155	1
1132	1
1132	3
2736	7
2736	6
2736	5
2736	4
2736	3
2736	2
2736	1
424	2
424	1
424	4
424	3
424	6
424	5
424	7
3157	3
3157	2
3157	1
3157	7
3157	6
3157	5
3157	4
1136	2
1136	1
1136	4
1136	6
1136	5
1136	7
434	4
434	3
434	5
434	2
434	1
2074	2
2074	1
2074	6
2074	5
434	7
2074	3
1135	1
1135	5
1135	4
1135	3
3158	1
3158	4
3158	3
1135	7
3158	6
1135	6
3158	5
670	1
670	2
3158	7
670	6
670	5
670	4
670	3
2745	1
2745	3
670	7
2745	2
2745	5
2745	7
2745	6
2746	6
2746	5
2746	3
2746	2
2746	1
2074	7
2746	7
435	5
435	4
435	3
2747	1
435	2
435	7
435	6
2070	6
2070	5
2070	3
2070	7
667	3
667	2
667	5
667	4
2070	2
667	7
2070	1
667	6
666	7
432	1
432	4
432	3
2742	7
432	6
2742	6
432	5
2742	5
2742	4
432	7
2742	3
2742	2
1141	4
2742	1
1141	6
1141	7
1141	1
1141	2
1141	3
666	3
666	4
666	5
666	6
666	1
666	2
2072	7
2072	5
2072	6
2072	3
2072	4
2072	1
2072	2
2071	3
2071	2
431	7
2071	4
431	6
1602	7
2071	1
431	1
1602	3
1602	4
1602	5
1602	6
431	5
431	4
431	3
1602	1
431	2
1602	2
665	6
665	7
665	4
665	5
665	2
3160	6
665	3
3160	5
665	1
3160	7
2071	6
3160	2
2071	7
3160	1
3160	4
3160	3
2726	6
2726	5
2726	4
2726	3
2068	4
2068	3
2068	2
2726	7
2726	2
2726	1
704	4
704	3
704	2
704	1
704	7
704	6
704	5
1648	2
1648	1
1117	2
387	6
1648	4
1117	1
387	7
387	4
1648	6
1117	7
387	5
1648	5
1117	6
387	2
1117	5
387	3
1648	7
1117	4
2068	5
2068	6
387	1
2068	7
2066	7
2066	6
2066	5
2066	4
2066	3
2066	2
2066	1
2724	7
2724	6
2724	5
2724	3
2724	4
2724	1
2067	7
2067	6
2067	3
2067	2
2067	5
2067	1
2723	6
2723	7
2723	2
2723	4
2723	5
2723	1
1120	2
1120	1
1120	4
1120	3
1120	6
3195	1
1120	5
1120	7
2065	5
2065	6
2065	7
384	7
384	5
384	6
384	3
384	4
384	1
384	2
2721	5
2721	4
2721	7
2721	6
700	4
700	3
700	2
700	1
700	7
700	6
700	5
2065	1
2065	3
2065	2
2721	2
2721	3
2721	1
2062	7
2062	6
2062	5
2062	4
2062	3
381	1
381	3
381	2
381	5
381	4
381	7
381	6
382	5
382	6
382	3
702	7
382	4
702	5
702	6
382	7
702	3
702	4
1653	4
3195	6
1653	5
3195	7
1653	6
1653	7
3195	2
1653	2
3195	4
1653	3
3195	5
702	2
702	1
382	2
382	1
3198	2
3198	1
1640	2
1640	1
1640	4
1640	3
1640	6
1640	5
1640	7
710	6
2733	1
710	5
710	4
2733	3
2733	2
2733	5
2733	4
2733	7
710	7
2733	6
3198	3
3198	4
3198	6
710	2
3198	7
710	1
3197	3
3197	2
3197	1
3197	7
3197	6
3197	5
3197	4
2732	7
2732	6
2732	5
2062	2
2062	1
2732	4
2732	3
2732	2
2732	1
2731	1
391	6
391	7
3200	6
3200	7
3200	1
3200	2
3200	3
3200	4
2731	7
2731	6
2731	3
2731	2
2731	5
2731	4
1643	1
1122	7
392	1
712	5
1122	4
392	2
712	6
1122	3
392	3
712	7
1122	6
1122	5
392	5
712	1
392	6
712	2
392	7
712	3
1122	2
712	4
1122	1
2060	7
2060	6
2060	5
2060	4
2060	3
2060	2
1643	6
2060	1
1643	7
1643	5
1643	2
1643	3
3201	4
3201	5
3201	6
3201	7
2057	1
2057	3
2057	2
2057	5
2057	4
2057	7
390	2
1644	2
1644	1
1644	4
1644	3
1644	6
1644	5
390	7
1644	7
390	5
390	6
390	3
390	4
2728	4
2728	3
2728	2
2728	1
2728	7
2728	6
2728	5
2058	2
2058	1
2058	6
2058	5
2058	4
2058	7
391	2
391	3
391	4
391	5
3201	3
3201	2
3201	1
391	1
2055	7
2055	6
388	4
388	3
388	2
388	7
388	5
388	6
1646	2
1646	1
1646	7
1646	5
1646	3
1646	4
709	5
389	2
709	6
1126	2
389	3
709	7
1126	1
389	4
389	5
709	1
389	6
709	2
389	7
709	3
1126	7
1126	4
1126	3
1126	6
1126	5
2055	3
2055	2
2055	5
2055	4
2055	1
2054	7
2054	6
2054	5
2054	4
2054	3
2054	2
2054	1
2712	7
2712	6
2712	4
2712	3
2712	2
2712	1
3177	7
3177	6
3177	5
3177	4
1102	7
3177	2
3177	1
1633	7
1102	4
1633	6
1102	3
1633	5
1102	6
1633	4
1102	5
1102	1
1102	2
2709	1
2709	2
2709	3
2709	4
2709	6
2709	7
691	3
691	2
1101	1
691	5
1101	2
691	4
1101	3
691	7
1101	4
691	6
1101	5
1101	6
1101	7
1638	2
1638	1
2708	1
2708	2
1638	7
2708	3
2708	4
1638	4
1638	3
1638	6
686	7
686	6
686	5
686	3
1637	7
1637	6
1637	5
1637	4
1637	3
1637	2
1637	1
686	1
686	2
2050	6
2050	5
2050	4
2050	3
2050	2
2050	1
2708	7
2708	5
2050	7
396	3
1105	7
396	4
1105	6
396	1
1105	5
2706	2
1105	4
2706	3
2706	4
2706	5
2706	6
2706	7
396	7
396	5
396	6
688	4
688	3
688	2
688	1
688	7
1105	3
688	6
688	5
1105	1
395	6
395	7
395	2
395	3
395	4
395	5
1104	1
1104	2
1104	3
1104	4
1104	5
1104	6
1104	7
3183	7
3183	6
3183	5
3183	4
3183	3
3183	2
3183	1
697	5
697	4
697	7
697	6
408	2
697	1
408	1
408	4
697	3
408	3
408	6
408	7
3184	6
407	1
3184	5
3184	7
407	4
3184	2
407	5
3184	1
407	2
3184	4
407	3
3184	3
1109	7
1109	5
1109	4
1109	3
1109	2
1626	7
1109	1
2047	7
2719	7
2047	6
2047	3
2719	3
2047	2
2719	2
2047	5
407	7
2719	5
2047	4
407	6
2719	4
2047	1
2719	1
1629	3
1629	2
1629	1
1629	7
3185	3
1629	6
3185	2
1629	5
3185	1
698	7
3185	6
3185	7
3185	4
3185	5
2045	1
2717	1
2045	2
2717	2
2045	3
2717	3
2717	4
2045	5
2717	5
2045	6
2717	6
2045	7
2717	7
698	2
3186	7
698	1
698	6
698	5
698	4
698	3
3186	1
3186	2
3186	3
3186	4
3186	5
3186	6
2044	4
404	6
2044	3
404	5
2044	2
2044	1
404	7
2044	7
2044	6
2715	1
2715	7
2715	6
2715	3
2715	2
2715	5
2715	4
404	3
404	4
404	2
2042	7
2713	2
2713	3
2713	1
2713	6
2713	7
2713	4
2713	5
1633	3
1633	2
1633	1
3189	1
3189	2
3189	3
694	2
3189	4
694	1
3189	6
3189	7
694	6
694	5
1111	1
694	4
694	3
1111	4
1111	2
694	7
1111	3
402	5
402	6
402	3
1111	7
402	4
1111	6
402	1
402	2
2042	1
2042	2
2042	4
2042	5
402	7
2042	6
18	7
18	1
18	2
2577	7
18	3
18	4
2577	5
1879	6
2577	4
1879	7
18	6
2577	2
1879	5
2577	3
1879	4
1879	3
2577	1
1879	2
1879	1
1052	5
1052	6
1052	7
1052	1
1052	2
1052	3
1052	4
1529	6
1529	7
1529	4
1529	5
1529	2
1880	5
1880	6
1880	7
1529	1
1880	2
1880	3
1880	4
1053	6
1053	7
1053	4
1053	5
1053	2
1053	3
1053	1
1881	6
1881	7
1881	4
1881	5
2996	4
2996	1
2996	2
1054	4
1054	3
1054	6
2346	7
1054	5
1881	2
1881	3
1054	7
1881	1
2346	1
2575	6
2575	7
2346	5
2346	6
2346	3
1054	1
2346	4
1054	2
2575	1
2575	5
2575	2
2575	3
2995	2
2995	3
2995	4
486	7
2995	5
1882	2
486	6
2995	6
1882	3
486	5
2995	7
1882	4
1882	5
486	3
1882	6
486	2
2347	3
486	1
2347	2
1527	6
2347	5
1527	7
2347	4
2347	7
2995	1
1527	1
1527	5
1527	3
1527	2
2347	1
2574	3
2574	4
2574	5
2574	7
490	7
1056	5
1056	6
1056	7
1056	1
1056	2
1056	3
1056	4
2351	5
14	3
2351	4
14	4
14	5
2351	2
14	6
2351	1
14	7
2580	7
2580	6
2580	5
490	2
490	1
490	4
490	3
490	6
2351	7
490	5
2351	6
491	4
491	5
491	2
491	3
491	6
491	7
2580	1
2580	2
2580	4
1525	6
1525	7
1525	4
1525	2
1525	3
1525	1
491	1
2579	1
1523	1
1523	3
2579	4
1523	2
2579	5
2579	2
1523	4
2579	3
1523	7
2350	1
1523	6
2350	2
2579	6
2579	7
488	6
488	5
488	7
488	2
488	4
488	3
2992	3
16	5
2992	4
16	6
2992	1
16	7
2992	7
16	1
16	2
2992	5
16	3
2992	6
16	4
2350	4
2350	6
2991	1
2350	5
2991	2
2350	7
2991	4
1878	1
2991	5
1878	2
2991	6
1878	3
2991	7
1878	4
1878	5
1878	6
1878	7
2570	3
2570	4
2570	5
2987	1
2570	6
11	1
2570	1
2570	2
480	4
2355	7
480	3
2355	6
480	2
480	1
2355	3
480	7
2355	2
480	6
2355	5
480	5
2355	4
2987	6
2987	7
11	5
11	2
11	3
2987	2
2570	7
2987	3
2987	4
11	6
2987	5
11	7
2569	6
2569	7
2569	4
2569	5
2569	3
2569	1
481	1
481	3
481	2
1887	7
1887	4
1887	5
1887	2
1887	3
1887	1
2568	1
2568	2
2568	4
2568	5
2568	6
2568	7
2989	1
2989	2
2989	3
2989	4
2989	5
2989	6
2989	7
2988	7
2988	5
14	1
2988	6
2354	7
14	2
479	7
1889	2
479	6
1889	3
479	3
479	2
2354	1
479	5
479	4
2988	3
2354	6
2988	4
2354	5
2354	4
2988	2
2354	3
2358	2
7	6
7	7
1882	7
2983	7
2358	7
2358	4
2358	3
2358	6
2358	5
2574	1
1883	1
2574	2
8	1
8	2
1883	6
8	3
1883	7
1883	4
8	5
1883	5
8	6
1883	2
8	7
2359	5
2359	4
2359	3
2359	2
2359	1
2359	7
2983	5
2983	4
1050	4
2983	3
1050	5
2983	2
1050	6
2983	1
1050	1
1050	2
9	3
9	1
1050	7
481	7
1884	1
481	6
1884	2
481	5
1884	3
481	4
1884	4
1884	5
1884	6
1884	7
9	6
9	7
9	4
9	5
1516	4
1516	3
1516	2
1516	1
1516	7
1516	6
1516	5
482	4
482	3
482	6
482	5
482	2
482	1
2571	1
482	7
2571	4
2571	5
2571	2
2571	3
2571	6
2571	7
1517	1
1517	3
1517	2
1517	5
1517	4
1517	7
1517	6
474	6
3007	6
474	5
3007	7
474	4
474	3
474	2
474	1
2363	1
2590	4
2590	3
2590	6
2590	5
3007	1
3007	2
2590	7
3007	3
3007	4
3007	5
2590	1
2590	2
2362	7
3008	3
2362	2
3008	4
2362	1
3008	1
3008	2
473	5
3008	7
2362	6
473	4
2362	5
473	7
2362	4
473	6
3008	6
2362	3
1893	3
1066	7
473	3
473	2
1893	1
1893	6
1893	7
1893	4
1893	5
1066	2
1066	3
1066	4
1066	5
1066	6
2361	5
7	4
2361	4
7	5
2361	7
7	2
2361	6
7	3
1541	6
2361	1
1541	7
1541	4
2361	3
1541	5
2361	2
1541	2
1541	3
1541	1
2588	5
2588	6
2588	7
2588	1
2588	2
2588	4
6	3
6	4
6	5
6	6
6	7
6	1
2589	6
2589	7
2589	4
2589	5
2589	2
2589	3
2589	1
2593	5
1070	6
2593	4
1070	5
2593	7
1890	1
1070	4
1890	2
1070	3
1890	3
1	6
1539	1
1890	4
1	7
1890	5
1	4
1890	6
1070	7
1	5
1539	4
477	7
1890	7
1539	5
477	6
1539	2
477	5
1539	3
477	4
477	3
477	2
1539	6
477	1
1539	7
1	3
1	2
1070	2
1889	6
1889	7
1538	1
1889	4
1538	2
1889	5
1538	4
1538	5
1538	6
1538	7
2365	3
2365	2
2365	1
2365	7
2365	6
2365	5
2365	4
1892	6
1892	5
1892	7
2592	5
2592	6
2592	7
2592	1
2592	2
2592	3
2592	4
2364	2
475	4
2364	1
475	3
2364	4
475	2
2364	3
1537	6
1537	7
1537	4
475	7
1537	5
475	6
1892	1
3	4
1892	2
1072	7
3	5
1892	3
1072	6
3	2
1892	4
3	3
2364	6
1072	4
2364	5
1072	3
1072	2
3	6
2364	7
1072	1
3	7
1537	1
2593	2
2593	3
1537	3
1537	2
2593	1
475	1
474	7
1891	1
1071	2
2363	7
1071	5
2363	6
1071	4
2363	5
2363	4
2363	3
1071	1
2363	2
1891	6
1891	7
1891	4
1071	7
1891	5
1071	6
1891	2
1891	3
1060	1
1060	2
1060	3
1060	4
2369	6
2369	7
2369	4
2369	5
467	7
467	3
467	2
467	5
467	4
3000	3
1060	6
3000	4
467	1
3000	1
3000	2
1060	7
3000	7
3000	5
3001	4
1900	5
3001	5
1900	6
1535	6
3001	6
1900	7
1535	7
3001	7
2369	1
2369	3
466	7
2369	2
1535	1
466	5
466	4
466	3
1535	4
466	2
1900	1
1535	5
466	1
3001	1
1900	2
1535	2
3001	2
1900	3
1535	3
3001	3
1900	4
465	1
465	2
465	3
2581	6
2581	7
2581	4
2581	5
1902	7
2581	2
2581	3
1902	5
1902	4
2581	1
1902	3
3002	5
3002	6
3002	3
3002	4
3002	1
3002	2
465	5
465	4
465	7
465	6
2582	7
2582	3
2582	4
2582	5
2582	6
2582	1
2582	2
3002	7
1902	1
1902	2
2996	7
2996	5
2586	7
2996	6
1532	1
1532	2
1532	4
1532	5
1532	6
1532	7
2373	2
2373	1
2373	6
2373	7
2373	4
2373	5
2587	1
1531	4
1531	5
2587	2
1531	2
2587	5
1531	3
2587	4
2587	7
2587	6
1531	7
2372	2
2372	1
2372	4
2372	5
2372	6
2372	7
2371	1
1899	1
2371	7
2371	6
2371	4
2371	3
2371	2
1899	7
1899	6
1899	5
1899	4
1899	3
1899	2
1531	1
1898	3
1898	4
1898	5
1898	6
1898	1
1898	2
1898	7
2586	4
2586	5
2586	6
2586	1
2586	2
1082	2
1082	1
2548	4
1082	4
1082	3
2548	2
1082	6
1499	1
2548	1
1082	5
3023	1
2318	5
47	3
457	1
1908	7
2318	6
47	2
457	2
1908	6
2318	3
47	5
457	3
1908	5
2318	4
47	4
3023	5
3023	4
3023	3
2318	7
3023	2
3023	7
3023	6
457	4
47	7
457	5
47	6
457	6
457	7
2547	1
2547	3
2547	5
2547	4
2547	7
1083	1
2547	6
1499	5
1499	4
1082	7
1499	2
2319	1
2319	3
1499	7
2319	4
1499	6
2319	5
2319	6
2319	7
48	7
48	6
48	5
48	4
48	3
48	2
48	1
2549	6
2549	7
2549	5
2549	2
2549	3
2549	1
2320	7
2320	5
2320	6
2320	3
2320	4
2320	1
2320	2
2321	5
2321	4
2321	7
2321	6
3021	4
1908	1
3021	5
1908	2
3021	6
1908	3
3021	7
3021	2
3021	3
2548	5
2548	6
2548	7
1501	7
1501	6
2321	1
1501	5
2321	2
1501	4
2321	3
1501	3
1501	2
1501	1
461	4
461	5
3020	7
461	6
3020	6
2322	7
461	7
44	6
461	1
44	5
461	2
461	3
44	7
1495	7
2322	1
44	2
1495	6
2322	2
44	4
44	3
3020	4
2322	5
3020	3
3020	2
2322	3
3020	1
2322	4
1085	3
1495	1
1085	2
1495	2
1085	5
1495	3
1085	4
1495	4
1085	7
1495	5
1085	6
3019	3
3019	2
3019	5
3019	4
3019	7
3019	6
3019	1
2324	4
2324	1
2324	2
2553	6
2553	7
2553	4
2553	5
2553	2
2553	1
1903	6
1903	7
1903	4
1083	7
1903	5
1083	6
1903	2
1903	3
1083	3
1903	1
1083	2
1083	5
1083	4
43	5
43	4
43	3
43	2
43	7
43	6
463	7
463	6
43	1
463	1
463	5
2324	6
2324	5
463	3
463	2
2324	7
450	5
3016	2
450	6
3016	1
1915	2
3016	4
1915	5
450	4
3016	3
1915	4
450	1
3016	6
1915	7
450	2
3016	5
1915	6
3016	7
450	7
1075	1
1075	5
1075	4
1075	3
1075	2
1492	3
1492	4
1492	1
1075	7
1492	2
1075	6
1492	6
1492	5
41	3
451	1
1492	7
41	2
451	6
451	7
451	2
41	5
41	4
451	4
41	7
451	5
41	6
1493	7
1493	6
1493	4
1493	3
1493	2
1493	1
452	3
452	1
452	2
452	7
452	6
452	5
1914	3
1914	4
39	1
1914	5
1914	6
39	4
39	5
1914	1
39	2
1914	2
39	3
39	7
39	6
1494	2
1494	1
1914	7
1494	7
1494	4
1494	3
1494	6
1494	5
3014	2
2328	7
2328	6
2328	4
2328	3
2328	2
2328	1
1915	1
3014	7
3014	5
3014	6
3014	3
3014	4
2329	4
2329	5
454	7
2329	6
2329	7
454	5
454	6
454	3
454	4
1912	2
37	7
454	2
1912	1
37	6
1912	4
37	5
37	4
1912	6
37	3
1912	5
2329	1
2329	2
37	1
1912	7
2329	3
3012	3
3012	4
3012	1
3012	2
1913	7
2330	1
1913	6
2330	2
38	7
1913	5
1913	4
2330	5
2330	6
38	3
2330	3
38	6
2330	4
38	5
3012	7
3012	6
38	2
3012	5
38	1
1913	2
1913	1
2330	7
1490	7
1490	6
1490	5
1490	4
1490	3
1490	1
2545	3
2545	2
2545	1
36	2
36	3
36	4
456	2
1077	5
456	1
1077	4
456	4
1077	7
456	3
1077	6
456	6
1077	1
456	5
1077	3
456	7
1077	2
36	6
36	5
36	7
2545	6
2545	7
2545	4
2545	5
2561	1
2561	3
2561	2
34	2
1923	1
444	3
34	6
444	4
34	5
444	1
34	4
444	2
34	3
444	7
1923	7
2333	4
1923	6
2333	5
444	5
2333	6
444	6
2333	7
34	7
1923	3
1923	2
2333	1
1923	5
2333	2
1923	4
2333	3
443	2
2332	3
443	3
2332	4
33	4
443	4
2332	1
33	7
443	5
2332	2
33	6
2561	6
443	6
1095	6
2561	7
443	7
1095	7
2561	4
3037	7
3037	6
3037	5
3037	4
3037	3
2332	7
3037	1
2332	5
2332	6
446	7
446	6
2335	3
446	5
2335	2
446	4
2335	5
446	3
2335	4
2335	7
1095	1
33	2
2335	6
33	3
33	1
1095	5
1095	4
1095	3
1095	2
3034	7
446	1
446	2
1094	2
1094	1
1094	4
32	5
1094	3
32	6
1094	6
32	7
1094	5
32	1
1094	7
32	2
32	3
32	4
2563	1
2563	4
2563	5
2563	2
2563	3
2563	6
2563	7
31	7
31	6
3033	5
3033	4
3033	7
3033	1
31	1
3033	3
3033	2
31	5
31	4
31	3
31	2
447	6
3034	6
2336	7
447	7
3034	5
3034	4
2336	5
3034	3
2336	6
3034	2
2336	4
1919	7
2336	1
2336	2
1509	5
1919	5
1099	6
30	4
1509	4
1919	4
1099	7
30	3
1509	7
1919	3
30	6
1509	6
447	1
1919	2
1509	1
447	2
1919	1
1099	2
447	3
1099	3
30	7
1509	3
447	4
1099	4
1509	2
1099	5
1099	1
30	1
30	2
1918	4
1918	3
1918	6
1918	5
1918	7
29	6
29	7
29	5
29	2
29	3
1918	1
1918	2
29	1
1917	2
1097	5
1917	3
1097	4
1097	7
1917	1
1917	6
1917	7
1917	4
1917	5
1097	1
1097	3
1097	2
27	3
27	2
437	2
27	5
437	3
27	4
437	4
27	7
437	5
27	6
437	6
437	7
2554	5
2554	4
2554	3
2554	2
2554	1
3030	2
3030	1
1505	7
2554	7
1505	6
1505	5
1505	4
3030	7
3030	4
3030	3
3030	6
27	1
439	2
439	3
439	4
439	5
1508	2
1508	1
1508	4
1508	3
439	1
1508	5
1508	6
1508	7
439	7
439	6
1507	1
2556	1
2556	2
2556	3
2556	4
1507	5
2556	5
1507	4
2556	6
1507	3
2556	7
1507	2
1507	7
1507	6
2341	1
2341	3
2341	2
2341	5
2341	7
2341	6
2557	7
2557	6
2557	5
2557	4
2557	2
2557	1
2343	7
2343	6
3026	7
3026	6
24	2
3026	5
24	1
3026	4
24	4
3026	3
24	6
3026	1
24	5
24	7
1092	4
1092	3
23	1
1092	2
1092	1
23	5
23	2
23	3
2343	2
1926	7
2343	3
2343	5
1926	4
1926	3
1926	6
1926	5
2343	1
440	3
440	1
1926	2
23	7
440	2
1926	1
23	6
440	7
1092	7
440	5
440	6
1092	6
3024	3
22	7
1091	2
3024	1
1091	5
3024	2
1091	4
3024	7
1091	7
22	3
1091	6
3024	5
22	5
3024	6
22	6
22	1
22	2
442	7
1091	1
443	1
1505	1
1505	3
1925	3
1925	2
1925	1
1925	7
1925	6
1925	5
1925	4
3025	1
3025	2
3025	3
1504	4
2560	1
442	5
1504	3
2560	2
442	6
1504	2
2560	3
442	3
1504	1
2560	4
442	4
2560	5
442	1
1504	7
2560	6
442	2
2560	7
1504	5
3025	5
3025	4
3025	7
3025	6
1000	6
1000	5
1000	7
1000	2
1000	1
1000	4
1000	3
1931	1
3046	2
2636	3
3046	1
2636	4
1931	7
2636	1
1931	6
1931	5
1931	4
1931	2
3046	7
3046	6
2636	7
3046	5
3046	4
2636	5
3046	3
2636	6
1470	1
1470	2
2635	1
2635	6
2635	7
1470	7
2635	2
1470	5
2635	3
1470	4
1470	3
2635	5
71	5
71	4
71	3
71	2
71	6
71	7
2634	2
2634	1
2634	6
2634	5
2634	3
2405	2
2405	3
2634	7
2405	1
2405	6
2405	7
2405	4
1933	2
1933	1
1933	7
1933	6
1933	5
1933	4
72	7
72	5
72	6
72	3
2633	1
72	4
72	2
2633	2
2633	5
2633	4
2633	7
2633	6
1003	4
1003	5
1003	2
1003	3
1003	6
1003	7
73	5
73	4
73	7
73	6
3049	7
3049	6
3049	5
542	1
3049	4
542	2
3049	3
2632	7
3049	2
3049	1
2632	5
2632	6
73	1
2632	3
2632	4
73	3
2632	1
73	2
2632	2
997	5
997	4
542	3
997	7
542	6
997	6
542	5
997	1
542	7
997	3
997	2
74	2
74	1
74	6
74	5
74	4
74	3
74	7
1936	4
1936	3
1936	2
75	1
1936	7
1936	6
1936	5
2401	6
2401	7
2401	4
2401	5
1471	6
1471	7
75	6
75	7
1471	1
1471	2
75	2
1471	3
75	3
1471	4
75	4
1471	5
541	6
541	7
541	4
541	5
1937	1
541	3
1937	3
1937	2
541	1
1937	4
1937	5
1937	6
1937	7
993	7
993	6
993	5
993	4
3038	7
3038	6
2628	7
3038	5
3038	4
2628	5
2628	6
994	4
994	3
994	6
994	5
994	2
994	1
3038	1
2628	4
3038	2
2628	3
2628	2
2628	1
994	7
537	2
537	3
537	1
65	3
65	2
65	1
537	6
537	7
537	4
537	5
1460	7
1460	5
1460	6
996	5
996	6
996	7
2413	2
2413	3
2413	1
2413	6
2413	7
2413	4
2413	5
1461	1
1461	2
1461	3
65	4
1461	5
65	5
1461	6
65	6
1461	7
65	7
996	2
996	4
996	3
1466	5
1466	3
1466	4
1466	1
1466	2
535	7
990	7
535	6
990	6
990	5
990	4
990	3
990	2
535	1
66	7
535	4
3042	7
535	2
535	3
3042	4
66	2
3042	3
66	1
3042	6
66	6
66	5
3042	2
3042	1
66	3
991	7
991	6
991	3
536	2
991	2
536	1
991	5
536	4
991	4
536	3
536	6
536	5
536	7
67	3
67	2
67	5
67	7
67	6
1466	7
67	1
1464	3
3044	5
1464	4
3044	6
1464	1
3044	7
1464	2
1464	7
1464	5
3044	1
3044	4
3044	3
2408	1
533	6
2408	2
533	7
533	4
2408	4
533	5
2408	5
533	2
2408	6
533	3
2408	7
1465	5
1465	6
1465	7
993	1
993	3
993	2
69	4
69	5
69	6
69	7
1465	1
69	1
1465	2
69	2
1465	3
69	3
3043	5
534	7
3043	4
3043	3
3043	2
534	3
534	4
3043	7
534	6
534	1
534	2
3043	1
1015	1
1015	4
1015	3
1015	2
57	3
57	2
1015	6
57	1
1015	7
1484	4
1484	3
1484	2
2649	2
1484	1
2649	3
2649	4
1484	7
2649	5
1484	6
1946	2
2649	6
1946	1
2649	7
1946	4
57	7
1946	3
57	6
1946	5
57	4
56	6
56	5
56	7
1945	3
56	2
1945	2
56	1
1945	1
56	4
1945	7
1945	6
1945	5
1945	4
58	7
1482	5
2647	3
1482	6
2647	2
1482	3
2647	5
1482	4
2647	4
1482	1
1482	2
1017	2
1017	1
2647	6
2647	7
531	1
1482	7
531	4
531	5
531	2
531	3
1017	6
1017	7
1017	4
531	6
1017	5
531	7
1946	7
530	1
530	2
530	3
530	4
530	5
530	6
530	7
58	2
58	1
58	4
58	3
58	6
58	5
3062	4
1949	1
3062	3
1487	7
3062	6
1949	3
1487	6
3062	5
1949	2
1949	5
3062	7
1949	4
60	7
1949	7
60	6
1949	6
60	5
1487	1
60	4
60	3
2645	1
60	2
2645	2
2645	3
1487	5
2645	4
1487	4
1487	3
2645	6
1487	2
3062	1
2645	7
2418	7
1012	4
1012	3
1012	2
1012	1
2418	2
2418	1
2418	4
2418	6
2418	5
3063	1
528	5
2646	6
528	6
2646	3
528	7
2646	4
3063	5
3063	4
528	2
3063	3
2646	7
528	3
528	4
2646	1
2646	2
3063	6
3063	7
62	2
62	1
3064	5
62	5
3064	6
62	6
3064	7
62	3
62	4
3064	1
3064	2
3064	3
62	7
3064	4
1950	2
61	1
1950	1
61	2
61	5
61	4
2415	6
61	7
2415	7
61	6
2415	4
526	3
2415	5
526	4
2415	2
526	5
2415	3
526	6
1012	5
526	7
1012	6
2415	1
1012	7
1485	4
1485	5
1485	6
1485	7
3065	6
1485	1
3065	7
1485	2
3065	4
1485	3
3065	5
3065	2
3065	3
1950	7
3065	1
1950	5
1950	6
1950	3
1950	4
1477	1
2642	1
1477	3
1477	5
2642	5
1477	4
2642	6
1477	7
2642	3
1477	6
2642	4
2642	7
526	1
526	2
1953	3
1953	1
2428	4
2428	3
2428	2
2428	1
1008	2
1008	1
2428	7
2428	6
1008	3
2428	5
1008	6
1008	5
1008	7
1952	2
1952	1
1952	3
1952	6
1952	5
1952	7
1007	1
1007	5
1007	3
1007	2
1007	7
1007	6
1010	3
1010	4
1010	5
1010	6
1010	2
1010	7
52	2
52	1
52	4
52	3
1954	5
1954	6
1954	3
1475	1
1954	4
1954	1
1954	2
1475	6
1475	7
1475	2
1475	3
1954	7
1475	5
1009	6
51	1
1009	7
1009	5
51	5
51	4
51	3
51	2
51	7
51	6
1953	4
1953	5
1953	6
1953	7
1009	3
1009	2
1009	1
3055	7
3055	6
1480	2
3055	1
53	5
1480	1
53	4
1480	4
53	7
53	6
1480	6
3055	5
1480	5
3055	4
53	3
1480	7
3055	2
53	2
1955	3
2639	6
1955	2
2639	7
1955	5
1955	4
1955	7
2639	1
2639	2
52	7
2639	3
1955	1
52	6
2639	4
52	5
2639	5
2637	7
2637	6
2637	5
2637	4
2637	3
2637	1
55	6
55	7
3057	7
3057	4
3057	5
3057	3
3057	2
3057	1
55	1
55	3
55	2
55	5
1006	7
1006	3
1006	4
1006	5
1006	6
1006	2
1006	1
3058	7
3058	3
3058	4
3058	5
3058	6
3058	1
3058	2
519	6
519	7
3075	4
2377	7
99	6
3075	5
99	7
3075	2
2377	5
3075	3
2377	4
99	2
99	3
3075	6
3075	7
99	5
2606	6
2606	5
1960	4
2606	4
1960	1
2606	3
1960	2
99	1
1960	7
2377	3
3075	1
2377	2
1960	5
2377	1
2606	7
1960	6
1440	2
1440	1
1440	4
1440	3
1440	6
1440	5
1440	7
2378	2
2378	1
2378	4
2378	6
2378	5
1031	1
1031	4
1031	5
2606	1
2606	2
1031	3
2378	7
517	6
517	7
517	5
517	2
517	3
517	1
2379	1
1028	2
2608	7
1028	1
2608	6
1028	4
1028	3
2608	4
2608	3
2608	2
2608	1
97	4
97	5
97	6
97	7
3073	6
3073	7
3073	4
2379	6
2379	7
2379	4
1028	6
2379	2
1028	7
2379	3
98	7
2607	7
2607	6
2607	3
98	1
2607	2
98	2
2607	5
2607	4
98	5
98	6
2607	1
98	3
98	4
3073	1
519	1
3073	3
3073	2
2380	5
519	4
2380	6
519	5
2380	7
519	2
2380	2
2380	3
2380	4
1026	1
1026	3
1026	4
1443	1
1026	5
1026	6
1443	3
1026	7
1443	2
1443	5
1443	4
1443	7
1443	6
1964	3
1964	4
1964	1
1964	2
1964	7
103	2
3079	1
103	3
103	4
1964	6
103	5
3079	4
3079	5
3079	2
3079	3
103	1
103	7
103	6
3078	1
3078	2
3078	4
1965	1
3078	5
1965	2
3078	6
1965	3
3078	7
1965	4
1965	5
1965	7
514	1
514	2
514	4
514	5
514	6
1962	6
514	7
1962	5
1962	4
1962	3
1962	2
1962	1
3077	6
3077	7
3077	4
3077	5
3077	3
1962	7
3077	1
3076	2
515	4
3076	1
515	5
3076	4
1963	1
515	2
3076	3
515	3
515	6
515	7
1963	6
1963	7
3076	5
1963	2
3076	6
1963	3
102	2
3076	7
1963	4
1963	5
102	5
102	6
102	3
102	4
102	7
1433	7
1023	6
1433	5
1023	7
1433	4
1023	1
1023	4
1433	3
1023	5
1433	2
1023	2
1433	1
1023	3
3068	5
1967	6
2384	2
509	7
3068	6
1967	7
2384	1
509	6
3068	7
2384	4
509	5
2384	3
2384	6
509	3
2384	5
509	2
509	1
2384	7
1967	1
3068	1
1967	2
3068	2
1967	3
3068	3
1967	4
3068	4
1024	1
1024	2
1024	3
1434	2
1024	4
1434	1
1024	5
1434	4
1024	6
1434	3
1024	7
1434	5
93	4
1968	4
93	5
1968	1
93	6
1968	2
93	7
1968	7
93	1
1968	5
93	2
1968	6
93	3
3067	4
3067	5
3067	3
3067	6
3067	7
3067	1
1966	1
91	1
2601	5
2601	4
2601	7
2601	6
2601	1
2601	3
90	7
2601	2
3066	7
1434	7
3066	6
3066	5
3066	4
2387	6
3066	3
2387	7
2387	4
3066	1
2387	5
2387	2
2387	3
1022	7
1022	3
1022	4
1022	5
1022	6
1022	2
1022	1
91	2
2600	7
91	3
2600	6
1966	7
91	4
2600	5
2600	4
1966	5
91	6
2600	3
1966	6
91	7
2600	2
1966	3
2600	1
1966	4
96	7
506	6
96	5
506	4
96	6
506	3
96	3
506	2
506	1
96	1
96	2
1019	4
1019	2
1019	3
1019	6
1019	7
97	1
97	2
97	3
506	7
2595	1
2595	4
2595	5
2595	2
2595	3
2595	6
2595	7
2598	2
1438	7
2598	1
1438	5
1438	6
1438	3
1438	4
2598	7
2598	3
2598	6
2598	5
1438	2
1438	1
2597	7
1970	5
1439	2
2597	6
1970	6
1439	3
2597	5
1970	3
1439	4
2597	4
1439	5
2597	3
1970	1
2597	2
1970	2
2597	1
1439	1
1019	1
1439	6
1439	7
1970	7
2383	4
2383	5
2383	2
2383	3
508	1
2383	1
508	2
508	3
3069	7
508	5
3069	6
508	6
3069	5
508	7
3069	4
3069	2
3069	1
2383	7
86	5
86	6
86	3
86	4
86	7
2619	7
2619	6
1454	7
1454	5
86	1
2619	3
1454	6
86	2
1044	7
2619	2
1454	3
1044	6
2619	5
1454	4
1044	5
2619	4
2392	5
2392	6
2392	7
2392	1
2392	2
2392	3
2392	4
1974	7
1974	6
1974	3
1974	4
1974	1
1974	2
1044	1
1044	2
1454	2
1044	3
1454	1
1044	4
1456	3
2621	1
1456	4
1456	1
2621	3
1456	2
2621	2
1456	7
2621	5
2621	4
1456	5
2621	7
1456	6
2621	6
3086	3
3086	4
1973	1
3086	5
1973	2
3086	6
1973	3
3086	7
1973	4
1973	6
1973	7
1455	6
1455	7
3087	6
3087	7
2622	2
2622	1
3087	1
1455	1
3087	4
1455	2
3087	5
1455	3
3087	2
1455	5
1042	7
2622	5
504	5
2622	6
504	6
1042	1
2622	3
504	7
1042	2
2622	4
1042	3
504	1
1042	4
504	2
1042	5
2622	7
504	3
1042	6
2388	5
2388	7
1041	2
1041	1
1458	5
1458	6
1458	3
1458	4
1458	1
1041	7
1458	2
1041	6
1041	5
1041	4
3092	1
3092	2
90	2
3092	4
90	5
500	4
90	6
500	3
1458	7
90	3
500	2
90	4
3092	7
3092	6
3092	5
1457	1
1457	3
1457	2
1457	4
1457	5
1457	6
499	1
1457	7
2388	4
499	3
2388	3
499	2
2388	2
499	5
2388	1
499	4
499	7
499	6
501	6
501	7
501	4
501	5
501	2
501	3
2390	1
2390	2
2390	3
2390	4
2390	6
2390	7
2618	2
1460	3
2618	4
1460	4
2618	3
1460	1
2618	6
1460	2
2618	5
1038	3
1038	4
1038	5
2618	7
1038	6
1038	7
500	5
500	6
500	7
1976	3
1976	4
1976	1
1976	2
1976	7
3091	1
1976	6
3091	4
3091	2
3091	3
3091	6
3091	7
1038	1
1038	2
1982	7
1982	6
1982	5
1982	4
1982	3
1982	1
79	6
1982	2
79	7
79	1
79	2
1447	7
79	3
79	4
79	5
1447	5
1037	6
1447	4
1037	7
1447	3
1037	4
1447	2
1037	5
1447	1
1037	2
1037	3
1037	1
2398	7
2398	3
3082	7
2398	4
2398	6
3082	3
1981	4
3082	4
1981	5
3082	5
2398	2
3082	6
1981	7
2398	1
1981	1
3082	1
1981	2
3082	2
1981	3
2613	5
2613	4
2613	7
2613	6
2613	1
2613	3
2613	2
2401	2
2401	3
2401	1
1449	4
1449	5
1449	7
3079	6
3079	7
1449	1
1449	2
1449	3
2400	1
77	7
2400	2
77	6
2400	3
77	5
77	4
2400	5
77	3
2400	6
77	2
2400	7
77	1
1035	4
2615	6
2615	7
1035	2
1035	3
1035	6
1035	7
1035	1
2615	3
2615	2
2615	5
2615	4
1448	3
1448	4
1448	1
1448	2
1448	7
1448	5
1448	6
1451	6
1451	7
1451	2
1451	3
1451	4
1451	5
83	1
3085	6
83	2
3085	7
83	3
3085	4
3085	5
83	5
3085	2
83	6
3085	3
83	7
3085	1
2395	6
2395	7
1985	7
2395	4
1985	6
2395	5
1985	5
2395	2
1985	4
2395	3
1451	1
492	4
492	3
492	2
492	1
492	7
1985	1
492	6
3086	1
1985	2
2395	1
492	5
3086	2
1984	3
1984	4
1984	2
1984	7
1984	5
1984	6
494	7
494	3
494	4
494	5
494	6
2397	2
2397	3
2397	1
2397	7
2397	4
2397	5
1983	1
3084	1
1983	2
1452	3
3084	2
1983	3
1452	4
3084	3
1983	4
1452	1
3084	4
1983	5
1452	2
494	2
3084	5
1983	6
1452	7
494	1
1983	7
3084	7
1452	5
1452	6
1031	6
1031	7
2396	1
2396	2
2396	3
2396	4
2396	5
2396	6
80	7
2396	7
80	6
80	5
80	3
80	2
80	1
591	7
591	6
122	7
591	1
591	3
591	2
591	5
2245	6
2245	7
2245	4
2245	5
2245	2
2245	3
2245	1
2244	2
2244	1
2244	4
2244	3
2876	5
1775	6
2876	6
1775	7
1410	7
2876	7
2876	1
1775	2
590	6
1410	6
2876	2
1775	3
590	5
1410	3
2876	3
1775	4
590	4
1410	4
2876	4
1775	5
590	3
1410	1
1410	2
1775	1
590	7
122	2
122	1
122	6
122	5
122	4
122	3
2244	5
2244	7
937	5
2877	2
2243	5
937	4
2877	3
2243	4
937	7
2243	3
937	6
2877	1
2243	2
2877	6
2877	7
2243	7
2877	5
2243	6
1409	4
1409	5
1409	6
1409	7
937	1
2243	1
937	3
937	2
590	1
1778	7
590	2
1778	2
1778	1
1778	5
1778	4
1778	3
2242	7
2242	2
2242	1
2242	4
2242	3
2242	6
589	6
589	7
589	4
589	5
1409	3
589	2
1409	2
1409	1
589	1
2248	7
2248	5
2248	6
2248	3
2248	4
2248	1
2248	2
119	1
119	3
119	2
119	5
119	4
2872	7
119	6
119	7
2872	5
2872	6
2872	3
2872	1
2872	2
1408	6
1408	7
1408	1
1408	2
1408	3
1408	4
2247	6
2247	7
938	5
938	6
938	3
938	4
938	1
938	2
2463	3
1772	1
594	2
2463	2
1772	2
594	1
2463	5
1772	3
2463	4
1772	4
594	6
594	5
2463	1
594	4
938	7
594	3
594	7
2463	7
1772	5
2463	6
1772	6
1772	7
2460	3
2460	4
2460	1
2460	2
2460	7
2460	5
2460	6
941	1
2874	1
2247	1
2874	2
941	3
941	5
2874	5
2247	5
941	4
2874	6
941	7
2874	3
2247	3
941	6
2874	4
2247	2
2874	7
592	7
1405	2
2461	1
1405	1
2461	2
592	5
2461	3
592	6
1405	7
2461	4
592	3
1405	6
2461	5
592	4
1405	5
2461	6
592	1
2461	7
1405	4
592	2
1418	7
1418	5
598	6
1418	6
598	5
598	4
1418	4
598	3
1418	1
1418	2
598	7
129	6
129	7
129	4
129	5
2465	5
598	2
598	1
2465	7
2465	6
129	1
129	3
129	2
2237	7
2237	6
2237	5
2237	4
1417	4
2237	3
1417	5
2237	2
1417	6
2237	1
1417	7
1768	7
597	1
1417	1
1417	2
1768	5
597	3
1768	6
597	2
1768	3
597	5
1768	4
597	4
1768	1
597	7
1768	2
597	6
2884	6
2884	5
2884	7
2236	6
2236	5
2236	7
2884	1
2884	2
2884	3
2884	4
2236	2
2236	1
596	7
2236	4
596	6
2236	3
596	5
596	1
596	2
596	3
596	4
2465	2
2465	3
2465	1
1770	7
943	7
1770	1
943	6
1770	2
1770	5
130	7
1770	6
1770	4
130	3
2235	5
130	4
2235	4
943	1
130	5
2235	2
943	3
943	2
943	5
130	1
2235	7
943	4
130	2
2235	6
946	6
946	5
2469	4
946	4
2469	7
1766	1
946	3
2469	6
1766	2
946	2
2469	1
2469	3
2469	2
1766	7
602	2
602	1
1766	3
602	6
1766	4
1766	5
602	4
946	7
1766	6
602	3
2241	5
2241	6
2241	7
945	5
945	4
945	7
2880	7
2241	3
2241	2
2880	5
2241	1
2880	6
2880	3
2880	4
2880	1
2880	2
945	1
945	2
945	3
1413	2
1413	3
600	7
600	6
1413	1
600	5
1413	6
600	4
1413	7
600	3
1413	4
600	2
1413	5
600	1
2240	2
2240	1
2240	4
2240	3
2240	6
2240	5
2240	7
1767	7
1767	6
1412	5
2239	1
1412	6
1412	7
2239	5
599	7
599	6
947	1
2239	3
2239	2
947	3
947	2
1767	1
947	5
2239	7
2239	6
947	7
947	6
1767	5
1767	2
1767	3
599	2
599	3
599	4
599	5
1412	2
1412	1
1412	4
1412	3
599	1
2473	5
2473	4
2473	7
2890	1
2890	2
2890	3
2890	4
2890	5
2473	1
2473	3
2473	2
2258	7
108	7
108	6
108	5
2890	7
108	3
2258	1
108	2
2258	2
108	1
2258	3
2258	4
2258	5
2258	6
1790	1
1790	2
2259	4
109	5
2259	5
109	4
2259	2
109	7
109	6
109	1
2259	6
2259	7
109	2
1790	6
1790	4
1790	3
2259	1
1790	7
950	7
950	6
950	5
950	4
950	3
950	2
950	1
1422	7
1422	5
1422	6
1422	3
1422	4
575	6
575	7
2892	6
2892	5
2892	7
2892	2
2892	1
575	1
2892	4
575	4
575	5
575	2
575	3
951	3
2257	3
951	2
2891	1
2257	2
951	5
2257	1
951	4
1423	6
1423	7
1423	2
1423	3
1423	4
1423	5
1423	1
2891	7
2891	6
951	6
2891	5
2257	6
951	7
2891	4
2257	7
2891	3
2257	4
2891	2
2257	5
580	3
580	4
580	2
580	7
580	6
580	5
1421	2
1421	3
1786	1
1786	2
1421	6
1786	3
1421	7
1786	4
1421	4
1786	5
1421	5
1786	7
953	1
2886	1
2886	2
953	3
953	2
953	5
2886	5
2886	6
953	7
2886	3
953	6
2886	4
1422	1
2886	7
1422	2
2888	6
2888	5
2888	7
2888	2
2888	1
2888	4
2888	3
106	2
106	1
106	6
106	5
106	4
106	3
106	7
2260	2
2260	1
2260	3
2260	7
2260	5
2260	6
579	1
2474	5
579	2
2474	6
579	3
2474	3
579	4
2474	4
579	5
2474	1
579	6
2474	2
579	7
1420	1
1420	2
1420	3
2474	7
955	1
1420	5
1420	6
1420	7
115	7
115	6
115	3
115	2
115	5
115	4
1431	7
1431	6
2480	4
2480	3
1431	1
2480	1
1431	2
1431	3
2480	7
1431	4
2480	6
1431	5
2480	5
955	3
955	2
955	5
955	4
955	7
583	7
955	6
116	4
116	3
116	2
116	1
2896	1
2896	2
2896	3
2896	4
2896	5
2896	6
2896	7
584	7
584	6
584	5
584	4
584	3
584	2
584	1
582	3
582	4
582	5
582	6
582	7
582	1
582	2
1429	4
116	5
116	6
1429	6
116	7
1429	7
1429	1
1429	2
1429	3
583	1
1785	5
583	4
2898	7
1785	4
583	5
1785	7
583	2
1785	6
583	3
2898	4
1785	1
2898	3
2898	6
1785	3
2898	5
1785	2
2898	2
2898	1
1430	7
1430	6
1430	3
1430	4
1430	1
1430	2
587	7
587	6
959	1
959	3
587	3
959	2
587	2
959	5
587	5
959	4
959	7
959	6
2484	4
2484	3
2484	2
2484	1
587	1
588	4
588	3
588	2
960	4
960	3
2893	1
960	2
2893	2
960	1
2893	3
2893	4
1780	1
960	7
2893	5
1780	2
588	7
960	6
2893	6
1780	3
588	6
960	5
2893	7
588	5
2255	1
2255	2
2255	3
2255	4
2255	5
2255	6
2255	7
112	7
112	6
112	5
112	4
112	3
112	2
112	1
1426	3
2482	6
113	4
1426	4
113	5
1426	5
2482	4
113	6
1426	6
2482	3
113	7
2482	2
2482	1
1426	1
1426	2
961	1
2253	7
2253	6
961	3
2253	5
961	2
2253	4
1426	7
2253	3
2253	2
2253	1
2482	7
2895	5
2895	4
2895	3
2895	1
1780	7
1780	6
585	2
1780	5
585	3
585	4
585	5
585	6
585	7
113	1
2895	7
113	3
2895	6
113	2
114	1
1427	1
114	2
2481	5
114	5
114	6
2481	7
114	3
2481	6
114	4
1427	6
114	7
1427	7
1427	4
1427	5
1427	2
1781	4
1781	7
1781	6
961	6
1781	1
961	7
961	4
1781	3
961	5
1781	2
2481	1
2481	2
2481	3
152	6
562	3
152	5
562	4
152	7
562	6
2905	3
152	2
2905	2
152	1
1382	2
2905	1
562	1
1382	1
152	3
562	2
2905	7
1382	3
2905	6
1382	6
1382	5
2905	4
1806	2
562	7
1382	7
1806	1
151	4
561	3
151	5
561	2
151	2
561	1
151	3
151	1
1381	3
1381	2
1381	1
1381	7
561	6
1381	6
561	7
151	7
1381	4
151	6
561	5
1805	1
1805	2
1805	5
1805	4
1805	7
1805	6
2217	3
2217	2
2217	1
963	7
963	6
963	3
2217	7
963	2
2217	6
963	5
2217	5
963	4
2217	4
2431	4
1804	4
2431	5
1804	3
2431	2
1804	2
2431	3
1804	1
2431	1
564	1
1804	7
564	2
2431	6
1804	6
564	3
2431	7
1804	5
564	4
563	1
563	4
563	5
563	2
563	3
563	6
563	7
968	1
565	4
968	2
2901	2
565	5
968	3
2901	1
565	6
968	4
565	7
968	5
2901	7
148	6
968	6
2901	6
148	5
565	1
968	7
2901	5
565	2
2901	4
148	7
565	3
2433	3
2433	2
2433	1
2902	4
1801	5
1801	4
2902	6
1801	7
2218	1
2902	5
1801	6
2218	2
2902	7
2218	4
2218	5
2218	6
1377	7
2433	4
1377	6
2433	5
1377	5
2433	6
1377	4
2433	7
1801	1
564	7
2902	2
1801	3
564	5
2902	1
1801	2
148	3
148	1
148	2
2218	7
1380	1
1380	4
1380	3
567	1
567	2
567	3
567	5
1800	7
1800	6
1800	5
1800	4
1800	3
1800	2
1800	1
567	7
567	6
1380	5
1380	6
1380	7
2435	6
2435	7
1379	7
1379	6
2435	2
1379	4
2435	3
1379	3
2435	4
1379	2
2435	5
1379	1
1799	7
1799	6
2220	6
2220	5
2220	7
2220	2
2220	4
2220	3
2436	5
159	5
569	2
2436	6
159	4
569	3
2436	7
159	3
159	2
1799	1
1799	3
569	6
1799	2
2209	1
569	7
1799	5
159	7
2209	2
569	4
1799	4
159	6
2209	3
569	5
2436	2
2436	4
2436	3
971	2
2437	2
971	3
2437	3
158	7
971	4
971	5
2437	1
971	6
2437	6
158	4
971	7
2437	7
158	3
2437	4
158	6
2437	5
158	5
2913	2
2913	1
158	1
158	2
971	1
970	7
2210	4
2210	3
2210	6
2210	5
570	7
2210	2
2210	1
970	6
157	2
970	5
157	3
970	4
970	3
157	1
970	2
157	6
970	1
157	7
2210	7
157	4
157	5
1796	7
1796	6
1796	5
570	2
570	3
570	4
570	5
570	6
156	1
2209	7
156	2
2209	6
156	3
2209	5
156	4
2209	4
1796	3
156	5
1796	4
156	6
1796	1
156	7
1796	2
2212	6
2212	5
2212	7
2908	6
1795	3
2908	5
1795	2
975	6
1795	5
975	7
2908	7
1795	4
1795	7
2212	1
1795	6
2212	2
2212	3
2212	4
975	1
2908	2
975	5
2908	1
975	2
1795	1
975	3
2908	3
2211	4
2211	5
2211	2
1794	7
2211	3
2211	6
2211	7
1384	2
1794	2
1384	1
1794	1
1384	3
1384	6
1794	6
1384	5
1794	5
154	7
2211	1
1794	4
1384	7
1794	3
154	1
154	2
2214	7
154	5
2214	4
154	6
2214	3
154	3
2214	6
154	4
2214	5
1387	6
2214	2
1387	7
2214	1
1387	4
1387	5
1387	2
1387	3
1387	1
1793	5
1793	4
1793	7
1793	2
1793	3
1793	1
2213	7
2213	6
2213	5
2213	4
2213	3
2213	2
2213	1
2442	7
2442	5
2442	6
2442	3
2442	4
2442	1
2442	2
2919	6
1818	7
137	2
547	1
2919	7
137	3
137	6
547	5
137	7
547	4
137	4
547	3
137	5
547	2
547	7
547	6
1395	1
1395	7
1819	1
1395	6
1395	5
1395	4
1395	3
1395	2
1819	6
1819	7
1819	4
1819	5
1819	2
1819	3
548	2
548	1
548	3
548	5
548	6
548	7
979	1
979	6
2919	5
979	7
2919	3
2919	2
979	2
2919	1
979	3
979	4
979	5
135	6
135	7
136	5
136	6
136	7
136	1
136	2
136	3
136	4
977	1
977	3
977	2
977	5
977	6
550	1
977	7
550	2
2445	2
1818	2
550	7
2445	3
1818	1
2445	1
2445	6
1818	6
550	3
2445	7
1818	5
550	4
2445	4
1818	4
550	5
2445	5
1818	3
550	6
1815	3
1815	2
1815	5
1815	4
1815	1
981	6
981	7
981	4
981	5
981	2
981	3
981	1
134	5
134	6
134	3
134	4
134	7
1815	6
1815	7
134	2
982	7
982	3
982	4
982	5
982	6
982	1
982	2
135	1
135	2
2233	7
135	3
2233	6
135	4
2233	5
135	5
2233	4
2233	3
2233	2
132	4
2914	7
132	3
132	2
132	1
1393	3
1393	2
1393	1
1813	1
2914	2
2914	1
1813	2
2914	4
1813	5
2914	3
1813	4
2914	6
1813	7
2914	5
1813	6
1393	6
1393	7
1393	4
1393	5
132	7
132	5
132	6
2448	3
2448	4
2448	1
2448	2
2448	7
2448	5
2448	6
2913	7
2913	6
2913	5
2913	4
2235	1
554	7
2451	1
985	2
985	3
2222	1
2222	2
2451	6
2451	7
985	4
985	5
2451	5
985	6
2451	2
985	7
2451	3
554	2
554	1
554	4
554	3
554	6
145	7
555	4
145	6
555	5
145	5
555	2
145	4
555	3
555	6
555	7
2222	7
2222	4
2222	6
2222	5
145	2
555	1
145	3
1810	2
1810	1
1810	6
1810	5
1810	4
2925	3
2925	2
2925	1
1810	7
2925	7
2925	6
2925	4
2223	1
2452	7
2452	6
2452	5
2223	5
2223	4
2223	2
2223	7
2223	6
557	6
557	7
557	4
557	5
2452	1
557	2
2452	2
2452	4
557	1
143	4
143	5
143	2
143	3
1404	4
143	1
1404	1
1404	2
1404	7
2224	2
2224	1
1404	5
2224	4
1404	6
2224	6
2224	5
143	6
143	7
2224	7
141	1
141	2
141	3
141	4
141	5
141	6
141	7
2923	6
2923	7
2923	4
2225	7
2923	5
2225	6
2923	2
2225	5
2923	3
2225	4
2923	1
2225	2
1398	7
1808	7
2225	3
1808	6
1808	5
2225	1
1398	4
1398	3
1808	3
1398	6
1808	2
1398	5
1808	1
1398	2
1398	1
2226	7
2226	4
2226	3
2226	6
2922	7
1809	4
1809	5
1399	6
1809	6
2226	2
1399	7
1809	7
2226	1
2922	4
1809	1
1399	4
2922	3
1399	3
2922	6
1809	3
1399	2
2922	5
1809	2
1399	1
2922	2
2922	1
2453	4
2453	5
2453	7
2453	1
2453	2
2453	3
139	6
139	7
139	2
139	3
139	4
139	5
2921	7
2921	6
2921	5
139	1
2921	4
1806	6
1806	5
1806	4
1806	3
2921	3
2921	2
2921	1
1806	7
1401	6
1401	7
1401	4
1401	5
140	7
140	5
140	6
140	3
140	4
140	1
140	2
1401	2
1401	3
1401	1
560	7
560	5
560	6
560	3
560	4
560	1
560	2
2920	2
2920	1
2920	4
2920	3
2920	6
2920	7
1828	7
1828	5
1828	6
884	2
884	1
884	4
884	3
1352	6
2927	5
1352	5
2927	3
1352	7
2927	2
1352	2
2927	1
1352	1
1352	4
1352	3
1828	4
1828	3
1828	2
1828	1
2927	7
2927	6
883	1
2303	3
2303	2
2303	5
2303	4
2303	1
883	7
883	6
883	5
2303	7
883	4
2303	6
883	3
883	2
2518	1
2518	2
2518	7
2518	3
2518	4
2518	5
2518	6
2929	6
2929	7
2929	4
2929	5
2516	4
2516	3
2516	2
2516	1
648	5
648	6
648	7
648	2
648	3
648	4
176	6
176	7
2929	3
176	2
176	1
2929	1
176	4
176	3
2930	1
2930	2
2930	3
2930	4
2930	5
2930	6
2930	7
2516	5
884	7
175	5
175	4
2516	7
884	5
175	3
884	6
175	2
647	6
647	7
175	7
175	6
178	7
2931	7
2931	6
647	1
1356	6
2931	5
647	2
1356	5
2931	4
647	3
2514	7
2931	3
1356	7
647	5
2514	5
1356	2
2931	1
2514	6
1356	1
2514	3
1356	4
178	2
2514	4
1356	3
2514	1
178	4
2514	2
178	3
178	6
178	5
880	6
880	5
880	7
880	2
880	1
880	4
880	3
1831	6
1831	7
2515	6
2932	2
1831	3
2515	7
2932	1
1831	2
2932	4
1831	5
2932	3
1831	4
2515	2
2515	3
2515	4
1831	1
2515	5
1355	7
2515	1
1355	6
1355	4
1355	3
1355	2
1355	1
879	7
879	6
879	5
879	4
879	3
879	2
879	1
180	2
180	1
180	4
180	3
645	4
1354	7
645	5
645	6
645	7
645	1
645	2
645	3
2512	4
2512	2
1354	1
2512	1
1354	3
2512	7
1354	4
2512	6
1354	5
2512	5
1354	6
2932	7
2932	5
2932	6
2298	7
2298	1
2298	2
2298	3
2298	4
2298	5
2298	6
644	7
644	5
644	6
1353	6
644	4
1353	7
644	3
1353	4
644	2
1353	5
1832	1
2933	1
1832	2
2933	2
1832	3
2933	3
1832	4
1353	2
2933	4
1832	5
2933	5
2933	6
1832	7
1353	1
2933	7
181	3
181	2
181	1
181	7
181	6
890	7
181	5
181	4
1821	5
1821	4
1821	7
1821	6
1821	1
657	2
657	3
1821	3
1821	2
2297	1
657	7
657	6
2297	3
657	5
2297	2
657	4
891	1
2297	5
2297	4
2297	7
2297	6
1820	4
180	6
1358	7
1820	3
180	5
1820	2
1820	1
180	7
1358	4
1358	3
1358	6
2525	6
656	1
2525	7
656	2
2525	4
656	3
2525	5
2525	2
656	5
2525	3
1820	7
656	6
1820	6
656	7
2525	1
1820	5
2296	7
2296	6
2296	5
2296	4
2296	2
2296	1
890	4
890	3
890	6
890	5
890	1
2522	7
2295	1
2295	2
2295	3
2295	5
2295	7
2295	6
1823	1
1823	2
1823	3
1823	4
1823	6
1823	7
1358	1
1358	2
891	2
654	7
891	3
891	4
182	2
891	5
182	1
891	6
2294	1
654	3
891	7
2294	2
654	4
654	5
2294	5
2294	6
182	7
2294	3
2294	4
1822	2
182	4
1822	1
182	3
2294	7
182	6
182	5
1822	5
1822	6
1822	3
1822	4
2937	2
2937	3
1822	7
2937	6
2937	7
2937	4
2937	5
887	4
887	3
887	2
887	1
1825	1
1363	7
1825	3
1363	6
1825	2
2521	4
1363	5
654	1
2521	5
1363	4
654	2
2521	6
1363	3
2521	7
1363	2
1363	1
2521	1
2521	2
887	6
887	7
2292	7
2292	6
2292	5
2522	5
2522	6
2522	3
2522	1
2522	2
184	2
184	1
184	4
184	3
184	6
184	7
1826	7
2519	1
2519	3
2519	2
2519	5
2519	4
1826	1
1826	2
1826	3
1826	4
1826	5
889	6
889	7
889	5
2292	1
2292	2
2292	3
2292	4
2519	7
889	2
889	3
889	1
651	1
1825	6
1825	7
1825	4
1825	5
2520	3
651	6
2520	4
651	7
2520	1
2520	2
2520	7
651	2
651	3
2520	5
651	4
651	5
1841	4
1841	6
1841	7
2317	1
2317	3
2317	2
2317	5
2317	7
2317	6
1841	1
1841	3
1841	2
2318	1
636	1
636	2
636	3
636	4
1366	2
1366	1
1366	4
1366	3
1366	6
636	5
1366	7
636	6
636	7
2315	7
2315	6
2315	3
2315	2
2315	5
2315	4
1364	3
2944	5
634	2
1364	4
2944	6
634	1
1364	1
2944	7
1364	2
2944	1
634	6
2944	2
634	5
2944	4
634	3
898	6
898	3
898	4
898	1
898	2
2315	1
898	7
2943	4
2316	4
2316	3
2943	2
2316	2
2943	3
2316	1
2943	1
1844	3
1844	4
1844	1
1844	2
2316	7
2943	6
2316	6
2943	7
634	7
162	2
162	1
1364	6
162	4
162	3
162	6
1364	7
162	5
162	7
2313	5
2313	4
2313	7
163	6
2313	6
163	7
163	4
163	5
163	2
163	3
1844	5
1844	6
163	1
1844	7
2313	3
2313	2
2528	3
2528	4
2528	1
1370	2
2528	2
1370	1
2528	7
1370	4
1370	3
1370	6
2528	6
164	6
164	5
164	7
164	2
164	3
164	4
1845	2
1845	3
1845	1
1845	6
1845	7
1845	4
1845	5
1367	7
1367	6
1367	4
1846	7
630	6
1367	5
630	5
1367	2
630	4
1367	3
1846	3
1367	1
1846	4
1846	5
1846	6
630	7
1846	1
1846	2
630	2
630	1
631	6
631	7
631	3
631	2
631	5
631	4
903	6
642	3
903	7
642	4
642	5
642	6
1372	2
1372	1
1372	4
1372	3
642	2
1372	6
1834	2
1372	5
1834	1
1372	7
1834	6
642	7
1834	5
1834	4
1834	3
1834	7
167	2
167	3
167	4
167	5
643	1
167	7
167	6
643	6
643	7
2948	2
643	4
2948	1
643	5
643	2
2948	3
643	3
2948	5
2948	6
2948	7
168	2
168	1
168	4
168	3
168	6
1370	7
168	5
168	7
169	2
169	1
906	5
169	7
906	6
169	6
906	3
169	5
169	4
906	1
906	2
2309	5
2309	4
2950	1
2309	7
2950	2
2309	6
2309	1
2309	3
906	7
2309	2
2950	7
2950	3
2950	4
2950	5
2950	6
170	3
170	4
170	5
2306	7
170	6
900	2
900	1
900	4
170	1
900	3
170	2
2952	3
2306	2
2952	4
2306	1
2952	1
2952	2
2952	7
2306	6
2306	5
2952	5
2306	4
2952	6
2306	3
1376	2
1376	1
1376	4
1376	3
1376	6
1838	2
1376	5
1838	1
1376	7
900	5
900	6
900	7
170	7
1838	3
1838	4
1838	5
1838	6
1838	7
640	7
640	5
640	6
1377	3
640	3
1377	2
1377	1
640	1
640	2
901	2
901	3
171	7
901	1
171	6
901	6
171	5
901	7
171	4
901	4
171	3
901	5
171	2
637	1
1374	1
637	3
1374	2
637	2
637	5
637	4
637	7
1839	7
637	6
1839	4
1839	5
1839	2
1839	3
1839	1
902	7
2305	2
172	6
2305	3
172	5
2305	1
172	7
902	3
902	5
902	6
1374	7
902	1
902	2
1374	4
172	2
1374	3
172	1
1374	6
172	4
1374	5
172	3
638	2
638	1
2305	5
2305	4
2305	7
2305	6
173	3
903	5
173	2
903	2
173	1
903	3
173	7
903	1
173	6
173	4
2533	4
638	5
2533	5
638	6
2533	6
2533	7
638	4
2533	2
638	7
2533	3
2957	2
621	5
2957	3
621	4
621	7
2957	1
621	6
2957	6
204	5
621	1
2957	7
204	6
2957	4
204	7
621	3
2957	5
621	2
2488	4
1323	2
2488	3
1323	3
204	2
2488	2
1323	4
204	3
2488	1
1323	5
204	4
1323	6
2488	7
1323	7
2488	6
2488	5
1323	1
2958	1
2958	2
1322	7
203	6
203	7
203	4
203	5
203	2
203	3
912	3
1322	2
203	1
912	4
1322	1
912	1
912	2
912	7
1322	6
1322	5
912	5
1322	4
912	6
2490	6
1856	7
1325	4
2490	5
1325	5
2490	4
1856	5
1856	6
1325	7
2490	2
1856	3
2490	1
1856	4
1325	1
1856	1
1325	2
1856	2
1325	3
2955	6
2955	7
2955	4
2955	5
2955	2
2955	1
622	3
622	4
622	5
622	6
622	7
1855	6
622	2
1855	7
1855	2
1855	3
1855	4
1855	5
1855	1
201	7
2275	6
201	6
2275	7
201	5
2275	2
2275	3
2275	4
2275	1
2490	7
201	3
201	2
201	1
1861	2
1861	1
1861	7
1861	6
1861	5
1861	4
2484	7
2484	6
2484	5
2960	4
2960	1
2960	2
2960	7
2960	5
2960	6
2961	5
1860	6
2961	4
1860	5
2961	7
2961	6
1860	7
616	7
616	6
616	5
616	4
616	3
616	1
1860	1
2961	1
2961	2
1860	3
2961	3
1860	4
908	2
908	3
908	4
908	5
908	6
908	7
2958	7
2958	5
2958	6
2958	4
618	7
2487	6
2487	7
2272	5
2272	6
2272	7
2272	1
2272	2
2272	4
1858	3
1858	4
1858	5
1858	6
1858	1
618	2
2487	2
618	1
2487	5
2487	4
1858	7
618	6
2487	1
618	4
618	3
1850	7
2495	7
628	4
2495	6
628	3
211	7
628	1
211	4
211	5
211	2
211	3
920	4
920	3
211	1
920	2
2495	1
2495	3
920	7
2495	2
920	6
2495	5
920	5
2495	4
1329	3
1329	2
1850	1
627	7
1850	2
627	6
1850	5
210	7
627	3
1850	6
627	2
1850	3
627	5
1850	4
627	4
1329	4
210	3
1329	5
210	4
1329	6
210	5
627	1
1329	7
210	6
210	2
2269	4
2269	5
2269	6
2269	7
209	3
209	2
2269	1
209	1
2269	2
2269	3
629	2
629	3
629	1
629	6
629	7
629	4
629	5
2497	1
2497	3
2497	2
2962	7
1849	4
1849	5
1849	6
1849	7
2962	3
209	6
2962	4
209	7
2962	5
1849	2
209	4
1849	3
209	5
2962	1
2962	2
208	2
208	1
208	4
208	3
208	6
2268	7
208	5
2268	5
208	7
2268	6
2268	3
628	5
2268	4
628	6
2268	1
628	7
2268	2
2497	6
2497	7
2497	5
2963	6
2963	7
2963	4
2963	5
2963	2
2963	3
2963	1
214	1
214	2
214	7
214	5
214	6
1854	1
214	3
1854	2
214	4
1854	4
2264	1
1854	3
2264	2
1854	5
2264	4
2264	5
1854	7
2264	6
2264	7
623	3
623	2
623	5
623	4
1853	2
1853	3
1853	1
1853	6
623	7
1853	7
623	6
1853	5
2968	4
2968	3
2968	2
2968	1
2968	7
2968	6
2968	5
1852	1
1852	2
1852	4
1335	5
1335	2
1335	3
1852	5
1335	1
1852	6
1852	7
1335	7
1335	6
914	3
2265	2
914	4
2265	3
914	6
2265	1
914	1
914	2
914	7
2265	6
2265	7
2265	4
2265	5
2503	3
2503	2
2503	5
2503	1
606	6
606	5
606	4
926	7
606	3
926	6
926	5
926	4
926	3
606	7
926	1
189	3
926	2
189	2
189	1
189	7
2287	6
606	1
189	6
2287	7
606	2
189	5
189	4
2971	7
2287	2
2971	6
1870	7
2287	3
2287	4
2287	5
2971	3
1870	4
2971	2
1870	3
2971	5
1870	6
2971	4
2287	1
607	7
2971	1
607	6
927	7
927	6
1337	5
1337	6
1337	7
927	3
927	2
1337	1
927	5
1337	2
607	1
927	4
1337	3
607	3
607	2
927	1
607	5
607	4
2288	7
2288	5
2288	6
2288	3
2288	4
1871	7
2288	1
1871	6
2288	2
1871	5
1871	4
1871	3
1871	2
1871	1
1338	1
1338	2
608	7
608	6
608	5
1338	5
608	4
1338	6
608	3
1338	3
608	2
1338	4
924	7
924	5
924	6
924	3
924	4
924	2
2290	7
1870	1
1870	2
1339	1
2290	2
2290	1
2290	6
2290	4
2290	3
925	1
925	2
925	3
925	4
188	6
188	5
925	6
925	7
188	7
188	2
1338	7
2503	6
188	4
2503	7
188	3
2975	2
2975	5
2975	4
2975	1
2975	7
2975	6
1339	7
602	7
1339	4
1339	5
1339	2
1339	3
1875	1
2974	7
2974	6
2974	5
2974	4
2974	3
1875	7
1875	6
1875	5
1875	4
1875	3
1875	2
1340	1
1340	2
1340	3
1340	4
2974	1
1340	5
1340	6
1340	7
2501	1
2501	2
2501	3
2501	4
2501	5
2501	6
2501	7
2286	1
2286	2
1872	1
2973	1
1872	2
1872	3
2973	3
1872	4
2973	4
1872	5
2973	5
2973	6
1872	7
2973	7
2500	7
1873	7
1873	6
2500	5
1873	5
2500	6
1873	4
192	6
192	5
192	7
192	2
192	1
192	4
192	3
2286	6
2286	5
2286	4
2286	3
2972	3
2972	4
2972	1
2972	2
2286	7
2972	7
2972	5
2972	6
2500	4
1873	2
2500	3
1873	3
2500	1
1873	1
196	2
196	1
196	4
2978	7
196	3
2978	6
2978	5
2978	4
2978	3
2978	2
2978	1
2510	2
2510	1
196	5
196	6
196	7
1344	7
614	6
614	5
1344	5
614	4
934	7
1344	6
614	3
934	6
1344	3
934	5
1344	4
934	4
934	3
1344	2
614	7
934	2
614	2
2511	6
2511	7
2511	1
2511	4
2511	5
2511	2
1862	5
1862	6
1862	3
1862	4
1345	1
1345	2
1862	7
1345	3
1862	1
1862	2
2283	1
2510	3
1345	7
2510	5
1345	5
2510	6
1345	4
2510	7
2283	3
2283	2
2283	5
2283	4
2283	7
2283	6
199	6
199	7
929	5
929	4
929	7
929	6
2506	6
2506	5
2506	4
2506	2
2506	1
2277	6
2277	7
2277	4
2277	5
2277	2
2506	7
2277	1
2505	1
200	3
610	2
1347	1
200	4
610	1
2505	3
200	2
200	7
610	6
610	5
200	5
610	4
200	6
610	3
1347	6
1347	7
610	7
2505	5
1347	4
2505	4
1347	5
2505	7
1347	2
2505	6
1347	3
2981	5
1868	2
2981	4
1868	1
2981	7
1868	4
2981	6
2981	1
2981	3
2981	2
1868	6
1868	5
1868	7
611	1
611	7
611	6
611	3
611	2
611	5
611	4
198	2
198	1
198	7
2279	1
198	4
2279	4
198	3
2279	5
198	6
2279	2
198	5
2279	7
2279	6
612	4
612	3
1866	1
612	2
1866	2
1866	3
1866	4
1866	6
1866	7
612	7
612	5
612	6
199	5
199	4
199	3
199	2
929	2
929	3
