2299	8
2299	7
2299	6
2299	5
2299	4
986	7
1882	7
2299	3
986	8
1882	8
2299	2
986	5
1882	5
2299	1
986	6
1882	6
986	3
1882	3
1882	4
986	1
1882	1
986	2
1882	2
1881	1
985	3
1881	3
985	2
1881	2
158	8
1450	7
158	5
1450	8
158	6
158	3
158	4
1450	3
158	1
1450	4
158	2
1450	5
630	8
1450	6
630	7
630	6
630	5
1450	1
630	4
1450	2
630	3
2298	8
985	8
1881	8
2298	4
2298	3
2298	6
2298	5
985	4
1881	4
985	5
1881	5
985	6
1881	6
2298	2
985	7
1881	7
2298	1
1880	4
157	8
1880	3
1880	2
1880	1
1880	8
1880	7
1880	6
1880	5
2300	7
2300	8
157	1
2300	5
157	2
2300	6
157	3
157	4
157	5
157	7
1453	8
1453	2
1453	1
1453	7
1453	6
1453	5
1453	4
983	7
632	4
983	6
632	3
632	2
983	8
632	1
1452	1
632	8
1452	2
632	7
632	6
1452	4
632	5
983	1
983	3
983	5
983	4
2300	2
2300	1
2300	4
2300	3
1452	6
1452	5
1452	8
1452	7
1885	6
1885	7
1885	4
1885	5
1885	2
162	8
1885	3
162	7
1885	1
1885	8
981	8
1884	5
1884	6
1884	7
1884	8
627	1
627	8
627	7
627	6
627	5
627	4
627	2
162	5
162	6
162	3
162	4
162	1
162	2
1456	4
1456	3
1456	2
1456	1
1456	8
1456	7
1456	6
1456	5
2297	3
2297	1
2297	6
2297	7
2297	4
2297	5
2297	8
981	3
981	2
981	1
981	7
1884	4
981	6
1884	3
981	5
630	2
981	4
1884	1
630	1
2296	1
2296	4
2296	3
2296	6
2296	5
2296	8
2296	7
160	3
160	4
160	1
160	2
160	8
160	5
160	6
1889	8
1889	4
1889	5
1889	6
1889	7
1889	1
1889	2
1889	3
1458	8
1458	7
1458	3
152	7
1458	4
152	8
1458	5
152	5
1458	6
152	6
152	3
152	4
1458	1
152	1
1458	2
152	2
624	8
624	7
624	6
624	5
624	4
624	3
624	2
624	1
992	7
1888	7
992	8
1888	8
992	5
1888	5
992	6
1888	6
992	3
992	4
1888	4
1888	1
992	2
1888	2
151	6
151	7
151	8
151	2
151	3
151	4
151	5
151	1
1460	6
1460	8
1460	7
626	7
626	8
1460	2
1460	1
1460	4
1460	3
626	2
626	1
626	6
626	5
626	4
626	3
2307	2
150	5
2307	3
150	6
2307	4
150	3
2307	5
150	4
2307	6
2307	7
2307	8
150	7
150	8
2307	1
150	2
150	1
1459	5
1459	4
1459	3
1459	2
1459	8
1459	7
1459	6
990	6
1886	6
625	5
990	5
1886	5
625	4
990	4
1886	4
1886	3
625	6
1459	1
625	8
990	8
1886	8
990	7
1886	7
990	2
1886	2
625	1
990	1
1886	1
625	3
625	2
621	7
621	6
621	5
621	4
621	3
621	2
621	1
621	8
989	4
1892	1
1892	2
989	6
1892	3
989	7
1892	4
989	1
1461	8
989	2
989	3
989	8
1892	5
1892	6
1892	7
1892	8
155	1
1461	6
155	6
1461	7
155	7
1461	4
155	8
1461	5
1461	2
155	2
1461	3
155	3
155	4
1461	1
155	5
1891	8
2301	7
1891	6
2301	5
1891	7
2301	4
1891	4
2301	3
1891	5
2301	2
2301	1
1891	3
2301	8
2304	2
2304	3
2304	4
2304	5
2304	6
2304	7
2304	8
1891	1
1890	7
1890	8
622	2
622	1
1890	2
622	4
1890	1
622	3
622	6
622	5
1890	6
622	8
1890	5
622	7
1890	4
1436	5
144	3
1436	6
144	4
1436	7
144	1
1436	8
144	2
144	7
144	8
144	5
144	6
2312	2
2312	1
2312	4
2312	3
2312	6
617	2
2312	5
617	3
2312	8
2312	7
617	1
145	4
145	5
145	6
145	7
972	4
145	8
972	3
972	2
972	1
617	5
617	4
617	7
617	6
145	1
617	8
145	2
145	3
2313	3
2313	2
2313	1
972	7
972	8
972	5
972	6
1438	7
1438	8
1438	3
1438	4
1438	5
618	8
1438	6
618	7
2313	8
618	6
618	5
1438	1
618	4
1438	2
2313	4
618	2
2313	5
618	1
2313	7
143	5
143	4
143	3
143	2
143	1
1894	2
1894	1
619	6
619	8
619	3
619	2
619	5
619	4
619	1
143	6
143	7
143	8
1894	7
1894	8
1894	5
1894	6
1894	4
1898	1
1898	2
1898	3
2308	2
1898	4
2308	1
1898	5
2308	4
1898	6
1898	7
2308	6
613	2
1898	8
2308	5
613	3
2308	8
2308	7
613	1
613	6
613	7
613	4
613	5
1440	1
1440	2
1440	3
1440	4
613	8
1440	5
148	3
1440	6
148	4
1440	7
148	1
1440	8
148	2
968	2
148	7
968	1
148	8
968	4
148	5
968	3
148	6
968	6
968	5
968	8
146	6
146	5
146	4
146	3
146	1
146	7
146	8
1897	1
1897	3
1897	2
1897	8
1897	6
1897	7
1897	4
1897	5
967	5
2311	4
967	4
2311	5
967	3
2311	2
967	2
2311	3
967	1
2311	8
967	8
967	7
2311	6
967	6
2311	7
2319	1
610	1
610	2
2319	5
610	3
610	4
2319	3
610	5
2319	2
610	6
137	4
137	5
137	6
137	7
137	8
1444	6
1444	7
1444	8
2319	6
2319	7
2319	8
610	8
610	7
1444	1
1444	2
1444	3
1444	4
1900	7
1900	8
1900	5
1445	8
1900	6
1445	6
1900	3
1445	4
1900	2
1445	5
1900	1
1445	2
1445	3
1445	1
2320	7
2320	8
2320	5
2320	6
2320	3
2320	4
2320	1
2320	2
137	3
137	2
137	1
1901	8
1446	8
1446	7
1901	5
1901	6
1901	7
1446	4
1446	3
1901	1
1901	2
1446	5
1901	3
977	8
1446	1
1446	2
977	5
612	8
612	7
977	7
612	6
977	6
612	5
977	1
612	4
977	3
612	2
977	2
612	1
1447	1
1447	4
1447	5
1447	2
1447	3
1447	8
1447	6
1447	7
1905	2
1905	3
1905	1
1905	6
1905	7
1905	4
1905	5
1905	8
1906	8
1906	7
142	1
142	5
142	6
142	3
142	4
142	7
142	8
1906	1
1906	3
1906	4
1906	5
1906	6
973	7
608	6
973	6
608	5
973	5
608	8
973	4
608	7
973	3
608	2
608	1
973	1
608	4
973	8
974	2
2318	1
974	1
140	7
140	8
140	5
140	6
974	8
2318	7
974	7
2318	8
974	4
2318	3
974	3
2318	4
974	6
2318	5
974	5
2318	6
1904	5
1904	6
1904	7
1904	8
1904	1
1904	2
1904	4
140	4
140	3
140	2
140	1
1852	8
1852	7
1852	6
1852	5
2328	3
2328	4
2328	1
2328	2
2328	8
185	1
2328	5
185	2
2328	6
185	3
185	5
185	4
185	7
185	6
1012	3
1012	4
185	8
1012	1
1012	2
1012	7
1012	8
1012	5
1424	1
1424	2
1424	3
1424	4
2327	1
1424	5
2327	2
1424	6
2327	3
1424	7
2327	4
1424	8
2327	5
2327	6
2327	8
1011	1
1011	2
1011	3
1011	4
1011	5
1011	7
1011	8
1852	1
1852	2
1852	3
1852	4
1423	8
1423	6
1013	8
1423	7
187	1
187	7
187	6
187	8
187	3
187	2
187	4
1853	5
1853	4
1853	7
1853	6
1853	1
2325	8
1853	3
1853	2
1853	8
1013	4
1423	3
1423	2
1013	6
1423	5
1013	7
1423	4
1013	1
1013	2
1423	1
1013	3
188	6
188	5
188	8
188	7
1429	2
2325	2
1429	3
2325	3
1429	1
2325	1
1429	6
2325	6
1429	7
1429	4
2325	4
1429	5
2325	5
1856	4
1856	3
1856	2
1856	1
1856	8
1856	7
1856	6
1856	5
1855	2
601	2
1855	3
601	3
1855	4
1855	5
601	1
2324	5
2324	6
2324	7
2324	8
188	4
188	1
188	2
1855	7
601	7
1855	6
601	6
601	5
1855	8
601	4
2324	1
2324	2
2324	3
601	8
2323	1
2323	8
2323	6
2323	7
2323	4
2323	5
2323	2
2323	3
2322	4
2322	6
2322	5
2322	2
2322	1
189	8
189	7
189	6
189	5
189	4
189	3
189	1
2322	7
2322	8
178	8
1019	1
1019	3
1019	4
1019	5
1019	6
1019	7
1019	8
1432	1
178	1
1432	2
178	2
1432	4
1432	5
178	5
1432	6
178	6
1432	7
178	3
1432	8
178	4
1018	1
1018	2
1018	5
1018	6
1018	4
1018	7
1018	8
597	8
2334	1
2334	2
177	1
177	2
177	3
2334	5
177	4
2334	6
177	5
2334	3
177	6
2334	4
177	7
177	8
2334	8
180	4
180	2
180	1
1861	8
597	6
597	7
597	4
597	5
180	8
597	2
180	7
597	3
180	6
180	5
597	1
1430	7
1430	8
1430	3
1430	4
1430	5
1430	6
1861	5
1861	4
1861	7
1861	6
1861	3
1861	2
179	7
596	1
596	2
179	8
596	4
179	3
179	2
179	5
179	4
1430	2
1430	1
596	5
596	6
596	7
596	8
2332	8
1429	8
2332	5
2332	6
179	1
1863	6
1863	8
1436	1
2332	1
182	1
1436	2
2332	2
182	2
2332	3
1436	4
2332	4
1863	1
1863	3
1863	2
1863	5
1863	4
1015	6
1015	7
1015	8
1015	1
181	8
1015	2
1015	4
1015	5
1435	4
2331	4
1435	5
2331	5
181	1
1435	2
181	2
1435	3
2331	3
1435	8
2331	8
181	4
181	5
1435	6
2331	6
181	6
1435	7
2331	7
181	7
594	8
594	7
1435	1
2331	1
594	1
594	2
594	3
594	4
594	5
594	6
1434	7
2330	7
1434	8
2330	8
1434	3
2330	3
1434	4
2330	4
1434	5
2330	5
1434	6
2330	6
1434	1
2330	1
1434	2
2330	2
593	8
593	6
183	8
593	7
183	7
593	4
183	6
593	5
183	5
593	2
183	4
593	3
183	3
183	2
593	1
183	1
2329	8
2329	6
2329	7
2329	4
2329	5
1016	7
2329	3
1016	8
2329	2
1016	5
2329	1
1016	6
1016	3
1016	4
1016	1
1016	2
182	8
592	5
182	7
592	6
592	7
592	8
182	4
592	1
182	3
592	2
182	6
592	3
182	5
592	4
997	5
2341	4
997	4
2341	5
997	7
2341	6
997	6
2341	7
997	1
2341	1
997	3
2341	2
997	2
997	8
2341	8
591	4
591	5
1411	1
591	2
591	3
591	1
1411	8
1411	6
1411	7
1411	4
591	7
1411	5
591	6
1411	3
591	8
589	2
589	3
589	1
589	6
589	7
589	4
589	5
589	8
1000	3
1000	4
1000	1
1000	2
1000	7
1000	8
1000	5
1000	6
587	8
587	6
587	7
587	4
587	5
587	2
587	3
587	1
994	4
2338	3
994	3
2338	4
994	6
2338	5
994	5
2338	6
994	2
2338	1
994	1
2338	2
588	1
588	2
588	3
588	4
994	7
2338	8
994	8
2338	7
1870	8
1870	7
1870	6
1870	5
1870	4
1870	2
1870	1
588	6
588	5
588	8
588	7
996	7
1413	3
586	7
996	8
1413	2
586	8
996	5
1413	1
996	6
1413	7
1413	6
1413	5
1413	4
586	1
586	2
996	3
586	3
996	4
586	4
996	1
586	5
1413	8
584	5
584	6
584	7
584	8
584	2
584	3
584	4
1872	8
1872	7
1417	8
1872	6
1872	5
1417	6
1872	4
1417	7
1872	3
1417	4
1872	2
1417	5
1872	1
1005	4
1005	5
1005	6
1005	7
1005	1
1005	2
1005	3
1005	8
1873	1
1873	3
1873	8
1873	5
1873	4
1873	7
1873	6
582	3
165	8
582	4
582	5
582	6
1006	1
582	7
1006	2
582	8
1006	5
1006	6
1006	4
1006	7
1006	8
165	1
165	2
165	3
165	4
165	5
165	6
582	2
582	1
583	4
583	5
583	2
583	3
583	8
583	6
583	7
1417	3
1417	2
1001	3
1001	2
1001	1
1421	8
1421	6
1421	7
1421	4
1421	5
1421	2
1421	3
1421	1
1877	5
168	7
1877	4
168	8
1877	7
1877	6
168	6
1877	1
168	3
168	4
1877	3
168	1
1877	2
168	2
581	8
581	6
581	7
581	4
581	5
581	2
581	3
1001	8
1001	4
1001	5
1001	6
1001	7
2343	8
2343	6
2343	7
1878	2
1878	1
169	1
169	2
579	1
169	3
2343	1
2343	4
2343	5
2343	2
2343	3
1877	8
2344	1
2344	2
2344	3
2344	4
2344	5
2344	6
2344	7
2344	8
1420	5
1420	6
1420	7
1420	8
1003	2
1003	3
1003	4
1003	5
1003	6
1420	2
1003	7
1420	1
1003	8
1420	3
1878	3
169	7
579	4
1878	4
169	6
579	5
1878	5
169	5
579	2
1878	6
169	4
579	3
1878	7
579	8
1878	8
579	6
169	8
579	7
1038	2
1038	1
1510	7
1510	8
1510	5
1510	6
1510	4
1941	7
1941	6
1941	5
1038	8
1941	4
1038	7
1941	3
1038	6
1038	5
1941	1
1038	4
107	1
1510	2
107	7
1510	1
107	8
107	3
107	2
107	5
107	4
1037	5
1037	4
2350	1
1037	7
2350	2
1037	6
1509	8
1037	1
1037	3
2350	7
2350	8
2350	4
1037	8
2350	5
2350	6
106	6
106	5
106	3
106	2
106	1
1509	5
1509	4
1509	7
1509	6
1509	1
1509	3
106	8
1509	2
106	7
1512	4
1512	1
1512	2
1512	7
1512	8
1512	5
1512	6
1035	1
1035	2
1035	3
1035	4
1035	5
1035	6
1035	7
1035	8
1507	1
1041	8
1041	7
1041	6
1041	5
1041	4
1041	3
1041	2
2353	8
2353	4
2353	5
2353	6
2353	7
2353	1
2353	2
2356	8
2356	7
2356	6
2356	5
102	4
102	3
102	6
102	5
2356	4
102	8
2356	3
102	7
2356	2
2356	1
102	1
102	2
1935	8
1039	8
1935	7
1039	7
1935	6
1039	6
1935	1
1039	1
1935	2
1039	2
1935	3
1039	3
1039	4
1935	5
1039	5
101	8
101	3
101	1
101	6
101	7
101	4
101	5
1507	2
1507	3
1507	5
1507	6
1507	7
1507	8
2357	8
1517	4
1517	5
1517	6
1517	7
1517	1
1517	2
1517	3
1948	2
1948	1
1948	4
2358	1
2358	2
1517	8
1516	4
1516	3
1516	2
1516	1
1044	4
1044	2
1044	1
1516	7
1516	8
1516	6
2357	6
2357	7
2357	4
2357	5
2357	2
1044	8
2357	3
1044	7
1044	6
2357	1
1044	5
2359	1
98	8
98	7
2359	2
2359	5
2359	4
2359	7
2359	6
2359	8
2358	6
2358	5
2358	4
2358	3
2358	8
2358	7
1945	2
1945	3
1945	1
1945	7
1945	6
1945	5
1945	4
1518	1
1518	2
1945	8
1518	5
1518	6
98	1
1518	4
98	2
98	3
98	4
1518	7
98	5
1518	8
98	6
569	3
569	2
569	1
1513	8
1513	4
1513	5
1513	6
1513	7
97	8
97	7
97	6
97	5
97	4
97	3
97	2
569	8
569	6
569	7
569	4
2360	7
568	6
2360	8
2360	5
568	8
2360	6
568	7
2360	3
568	2
1943	8
2360	4
568	1
1943	7
568	4
1943	6
2360	2
568	3
1943	5
1943	4
1943	3
1943	2
1943	1
1513	3
1513	2
1513	1
1515	2
1515	3
95	1
1515	4
1515	5
1515	6
95	4
1515	7
95	5
1515	8
95	2
95	3
1942	4
1046	4
1942	3
1046	3
1942	6
1046	6
1942	5
1942	8
1046	8
1942	7
1046	7
1515	1
2363	3
571	4
2363	2
571	5
2363	5
571	2
2363	7
571	8
2363	6
571	6
2363	8
571	7
95	8
95	7
95	6
571	1
2363	1
94	3
94	4
1514	7
94	5
1514	8
94	6
94	7
94	8
1514	1
1514	2
1941	8
1514	5
1514	6
1514	3
94	1
1514	4
94	2
2362	8
2362	7
1942	1
1046	1
1942	2
1046	2
2362	1
2362	6
2362	5
2362	4
2362	3
1495	1
1495	2
1495	5
1495	4
1495	7
1495	6
1495	8
1024	4
1024	2
1024	1
1024	8
1024	7
1024	6
1024	5
93	1
93	3
93	2
93	4
93	7
93	6
93	8
1497	8
91	1
1497	4
1497	5
1497	6
1497	7
91	8
91	6
91	7
91	4
91	5
91	2
91	3
1021	5
1021	6
1021	7
1021	1
1021	2
1021	3
1497	3
1497	2
1021	8
1022	1
560	5
1022	2
560	6
560	7
560	8
560	1
560	2
560	3
560	4
1022	7
1022	8
1022	5
1022	6
1022	4
1492	6
1492	5
1492	8
1492	2
1492	1
1492	4
1492	3
1950	4
1950	6
1950	5
1950	8
1950	7
1026	8
1026	7
1950	2
1950	1
90	8
90	7
1951	8
2368	4
562	7
2368	3
562	8
1951	6
2368	2
90	2
1951	7
2368	1
90	1
2368	8
90	4
90	3
2368	6
90	6
2368	5
90	5
1951	1
562	2
562	1
1951	5
562	4
1951	4
1951	3
562	6
1951	2
562	5
1494	2
1494	1
1948	6
1948	5
1948	8
1948	7
1026	5
1026	6
1026	3
1026	4
1026	1
1026	2
88	5
88	6
88	7
88	8
88	1
88	2
88	3
1949	8
88	4
1949	7
1949	6
1494	7
1949	5
1494	8
1949	4
1494	5
1949	3
1494	6
1949	2
1949	1
1494	4
1030	1
1030	2
1030	6
1030	5
1030	4
1030	3
1030	8
1030	7
1961	3
1961	2
2371	1
1961	1
86	1
86	2
1961	4
2371	3
86	6
1961	5
2371	2
1961	6
2371	5
86	4
1961	7
2371	4
86	3
1961	8
2371	7
2371	6
86	8
2371	8
86	7
1503	1
1503	3
1503	2
1503	5
1503	6
1503	7
1503	8
2372	4
1028	3
2372	3
1028	4
2372	2
1028	1
1028	2
2372	8
2372	7
1028	8
2372	6
1028	5
2372	5
1028	6
1504	7
1504	8
1504	5
1504	6
1504	3
1504	1
1504	2
2374	1
2374	2
1033	6
1033	5
1033	4
1033	8
2374	6
2374	5
2374	4
2374	3
2374	8
2374	7
555	5
555	4
555	3
555	2
83	1
555	8
555	7
555	6
555	1
2375	7
2375	6
2375	8
1500	2
1500	1
1500	4
83	5
83	4
2375	1
83	3
83	2
2375	3
2375	2
83	8
2375	5
83	7
2375	4
83	6
1500	7
1500	8
1500	5
1500	6
2376	8
1032	7
2376	7
1032	8
2376	6
1032	5
2376	5
1032	6
2376	4
2376	3
1032	4
2376	2
1032	1
2376	1
1032	2
81	8
1956	6
81	6
1956	5
81	7
1956	8
81	4
1956	7
81	5
1956	2
81	2
1956	1
1956	4
1956	3
81	1
2377	1
1033	1
1033	2
2377	2
1033	3
1484	7
133	8
1484	8
1484	5
1484	6
1911	8
133	1
1911	6
133	3
1911	7
133	2
1484	4
1484	3
133	4
1484	2
133	7
1484	1
133	6
546	7
1911	1
546	8
1911	5
1911	2
1911	3
546	2
546	1
1063	6
1063	8
546	6
546	5
546	4
1063	1
1063	3
1063	2
1063	5
1063	4
1483	3
132	8
1483	2
132	7
1483	5
132	6
1483	4
132	5
1483	7
1483	6
1483	8
1910	3
1910	5
1910	6
1910	7
1910	8
132	3
1483	1
132	2
132	1
135	6
135	7
135	8
135	2
135	4
135	5
135	1
1482	8
2378	8
1482	7
2378	7
1482	6
2378	6
1482	5
2378	5
1482	4
1482	3
2378	3
1482	2
2378	2
1482	1
2378	1
544	8
544	7
134	7
544	6
134	8
544	5
134	5
544	4
134	6
544	3
134	3
544	2
134	4
1912	5
134	2
1912	6
134	1
1912	7
1912	8
1912	1
1912	3
1912	4
2377	8
2377	5
2377	4
2377	7
2377	6
1908	3
1908	4
1908	1
1908	2
1908	7
1908	8
1908	5
1908	6
2383	8
2383	6
2383	7
1907	2
1907	3
1907	4
549	8
1907	5
1907	6
1907	7
1907	8
1480	2
1480	1
2383	1
1480	3
1480	6
2383	3
1480	5
2383	2
1480	8
2383	5
1480	7
2383	4
1066	2
1066	1
1066	4
1066	3
1066	6
1066	5
549	3
1066	8
549	2
1066	7
549	1
549	7
549	6
1907	1
549	4
1479	5
2382	2
2382	1
1479	3
1479	2
1479	1
1910	1
1910	2
2382	8
2382	7
2382	6
1479	8
2382	5
1479	7
2382	4
1479	6
2382	3
548	2
548	1
548	4
548	6
548	5
548	8
548	7
1478	8
2381	5
1478	7
2381	7
2381	6
1478	4
2381	1
1478	6
2381	3
1478	5
2381	2
2381	8
1478	1
1478	2
1918	3
1918	4
1918	5
1918	6
1918	7
1918	8
1491	1
1918	1
540	4
540	3
540	2
1491	2
1491	3
1491	4
1491	5
1491	6
1491	7
1491	8
2386	2
2386	1
125	8
2386	6
2386	5
2386	4
125	1
125	3
125	2
125	5
125	4
125	7
125	6
539	3
539	2
539	5
539	4
539	7
539	6
539	8
2386	7
2386	8
539	1
1489	8
2385	8
1489	5
2385	5
1489	4
1489	7
2385	7
1489	6
2385	6
1489	1
2385	1
1489	3
2385	3
1489	2
2385	2
538	8
538	7
538	6
538	5
538	4
538	3
538	2
538	1
2390	3
2390	4
2390	5
2390	6
2390	7
2390	8
543	1
543	5
543	4
543	2
543	8
543	6
543	7
123	1
1915	1
1915	2
123	5
123	4
1915	4
123	3
1915	5
123	2
1915	6
1915	7
123	8
1915	8
123	7
123	6
2389	8
542	2
542	4
542	3
542	6
542	5
542	8
542	7
1914	1
1914	2
122	2
122	1
1914	5
122	4
1914	6
1914	3
122	6
1914	4
122	5
122	8
122	7
1914	7
1914	8
2390	2
2390	1
124	7
124	8
124	5
124	6
2389	5
2389	4
2389	7
2389	6
2389	1
2389	2
540	6
540	5
540	8
540	7
2388	4
2388	3
2388	2
2388	1
124	2
124	1
124	4
124	3
2388	8
2388	7
2388	6
2388	5
2393	8
2393	4
2393	5
2393	6
2393	7
2393	1
2393	3
1469	8
1469	5
1469	4
1469	6
1469	1
1469	3
1469	2
2394	7
2394	8
2394	5
2394	6
2394	3
2394	4
2394	1
2394	2
1926	4
1926	3
1926	6
1926	5
1926	8
1926	7
2391	7
2391	6
2391	8
1926	1
1926	2
2391	1
2391	2
2391	5
2391	4
121	4
121	5
121	6
121	7
121	8
2392	4
2392	3
2392	2
2392	1
2392	8
121	1
2392	7
2392	6
121	3
2392	5
121	2
1466	4
1466	3
1466	6
1466	5
1466	2
1466	8
1466	7
535	5
535	4
535	3
535	2
535	1
535	8
535	7
535	6
116	2
116	1
116	3
116	6
116	5
116	8
116	7
2397	6
2397	7
2397	4
2397	5
2397	2
2397	3
2397	1
536	6
536	5
536	8
536	7
536	2
536	1
2397	8
536	4
536	3
2395	1
2395	2
2395	5
2395	4
2395	7
2395	6
2395	8
1054	2
1054	1
1464	1
1054	4
1464	2
1054	3
1464	3
1054	6
1464	4
1054	5
1464	5
1054	8
1464	6
1054	7
1464	7
1464	8
1465	7
1465	6
1465	5
1465	4
1465	8
1465	2
1465	1
1476	8
1476	7
1476	6
1476	5
1476	4
1476	3
1476	2
1476	1
525	8
525	5
525	4
525	7
525	6
525	1
525	2
1477	5
1932	1
1477	4
1477	7
1932	3
1477	6
1932	4
1477	1
1477	3
1477	2
112	8
112	7
112	6
112	5
112	4
112	3
112	2
112	1
2401	8
2401	4
2401	5
2401	6
2401	7
2401	1
2401	2
2401	3
1477	8
1932	6
1932	5
1932	8
1932	7
2398	6
113	5
2398	5
113	4
2398	4
113	7
113	6
113	8
2398	8
2398	7
1474	8
1474	7
2398	2
113	1
2398	1
113	2
1475	1
114	2
114	1
2399	3
114	6
2399	2
114	5
2399	5
114	4
2399	4
1475	3
1475	5
1475	4
1475	7
1475	6
1475	8
1934	4
1934	3
1934	6
1934	5
1934	8
1934	7
2399	6
2399	7
2399	8
114	7
114	8
1934	2
1934	1
2403	8
2403	6
2403	7
2403	4
2403	5
2403	2
2403	3
1928	7
1928	8
1928	5
1928	6
1928	3
1928	4
1928	1
1928	2
2404	1
1060	2
2404	2
1060	1
2404	3
1060	4
2404	4
2404	5
1060	6
2404	6
1060	5
2404	7
1060	8
2404	8
1060	7
109	7
109	6
109	5
109	4
109	3
109	2
109	1
1474	4
1474	3
1929	1
1474	6
1929	2
1474	5
1474	2
1474	1
109	8
1929	7
1929	6
1929	5
1929	4
1929	8
1471	1
1471	4
1471	5
1471	2
1471	3
1471	8
1471	7
1471	6
2402	2
2402	1
527	1
2402	6
527	2
2402	5
527	3
527	4
2402	3
527	5
2402	7
2402	8
527	8
527	7
527	6
1062	2
1062	1
1062	3
1062	4
1062	5
1062	7
1062	8
2403	1
1347	1
41	1
41	2
41	3
2194	7
2194	8
2194	6
2194	5
2194	4
2194	3
2194	1
514	6
514	5
514	4
514	3
514	2
514	1
2195	6
2195	7
2195	8
1778	8
2195	2
1778	7
2195	3
2195	4
2195	5
1778	3
1778	5
2195	1
1778	6
1778	1
1778	2
1347	7
1347	6
1347	8
41	8
1347	3
1347	2
41	6
1347	5
41	5
1347	4
41	4
2196	7
39	6
2196	8
39	7
2196	5
39	8
515	1
39	1
2196	3
39	2
2196	4
39	3
2196	1
39	4
2196	2
39	5
1348	8
1348	7
1348	6
1348	5
514	7
514	8
1348	4
1348	3
1348	2
1348	1
1349	8
1349	3
1349	2
1349	5
1349	4
1349	7
1349	6
880	1
515	4
880	2
515	5
880	3
515	2
880	4
515	3
880	5
515	8
880	6
880	7
515	6
880	8
878	1
878	2
44	6
44	5
44	8
44	7
878	7
878	8
878	5
878	3
878	4
44	1
44	2
44	3
44	4
1351	3
1351	2
1351	5
1351	4
1782	1
1782	2
1351	7
1351	6
1351	8
510	2
510	1
510	8
510	7
510	5
510	4
510	3
511	6
511	7
511	8
42	1
42	2
42	3
42	5
42	6
42	7
42	8
511	1
511	3
511	2
511	5
512	3
877	1
512	4
877	2
512	1
877	3
512	2
877	4
1780	1
512	7
877	5
1780	2
512	8
877	6
1780	3
512	5
877	7
1780	4
512	6
877	8
1780	5
1780	6
1780	7
1780	8
1353	1
1353	2
2187	7
2187	6
2187	8
874	7
1770	7
874	8
1770	8
2187	2
2187	5
2187	4
1770	3
874	4
1770	4
874	5
1770	5
2187	1
874	6
1770	6
47	8
874	1
1770	1
47	7
874	2
1770	2
47	6
875	8
1771	8
875	6
1771	6
875	7
1771	7
875	4
1771	4
875	5
1771	5
875	2
1771	2
1771	3
48	6
875	1
1771	1
48	5
48	8
48	7
48	2
48	4
48	3
46	6
46	3
46	4
46	7
46	8
46	1
46	2
2190	5
2190	6
2190	3
2190	4
47	1
47	2
2190	7
47	4
2190	8
47	5
2190	1
2190	2
516	3
516	2
516	1
1343	2
1343	4
1343	5
516	8
516	7
516	6
1343	1
516	5
871	2
871	3
871	4
1774	1
1774	2
1343	7
1343	6
871	1
1343	8
1774	7
1774	8
871	6
871	7
1774	4
871	8
1774	5
1774	6
517	5
517	4
517	7
517	6
517	1
517	3
517	2
1344	8
1344	7
1344	6
1344	5
1344	4
517	8
1344	3
1344	2
1344	1
872	7
872	8
872	5
872	6
872	3
872	4
872	1
872	2
869	1
869	3
869	2
869	5
518	2
869	4
518	1
869	7
869	6
869	8
518	5
518	6
518	3
518	4
518	7
518	8
2186	1
2186	2
2186	5
2186	6
2186	4
2186	7
2186	8
50	2
870	2
50	3
870	1
50	4
50	5
50	6
870	5
1773	2
50	8
870	6
50	7
870	3
1773	1
1773	6
1773	7
870	7
1773	4
870	8
1773	5
1773	8
2209	4
500	8
2209	5
500	7
2209	6
500	6
2209	7
500	5
2209	8
28	3
28	4
28	1
28	2
500	4
2209	1
500	3
2209	2
500	2
2209	3
500	1
499	3
499	2
499	5
499	7
499	6
499	8
499	1
502	2
502	1
2211	1
2210	8
866	8
2210	7
501	8
866	6
866	5
2210	6
501	4
866	4
2210	3
501	7
866	3
2210	4
501	6
866	2
2210	1
501	1
866	1
2210	2
501	3
501	2
1789	8
1789	6
1789	7
1789	4
1789	5
1789	2
1789	1
1337	5
1337	7
1337	6
1337	8
496	4
1795	3
496	3
1795	2
496	2
1795	5
496	1
1795	4
496	8
1795	7
496	7
1795	6
496	6
496	5
1795	8
1337	1
1337	2
1337	3
864	4
864	1
864	2
864	7
864	8
864	5
864	6
1795	1
2204	7
2204	8
1794	8
2204	5
1794	7
2204	6
1339	1
2207	7
2207	6
2207	8
1339	7
1794	3
1339	6
1794	4
1794	5
1339	8
1794	6
1339	3
1339	2
1339	5
1794	1
1794	2
2207	2
2207	3
2207	4
2207	5
2207	1
28	5
28	6
28	7
28	8
861	8
1785	3
1785	1
34	8
861	3
34	7
861	1
861	6
861	7
861	4
861	5
2202	7
2202	8
35	1
1785	7
2202	1
1785	6
2202	2
1785	5
1785	4
2202	5
2202	6
1785	8
2202	4
1784	1
1784	2
1784	3
1784	4
1784	5
1784	6
1784	7
1784	8
1326	3
34	1
1326	4
34	2
1326	5
506	8
1326	6
506	7
1326	7
34	5
1326	8
34	6
34	4
506	2
506	1
506	6
506	5
1326	1
506	4
1326	2
1783	8
1783	6
1783	7
1328	8
1783	4
1328	7
1783	5
1783	2
1328	5
1783	3
1328	4
1328	3
1783	1
1328	2
1328	1
33	8
2204	4
2204	1
2204	2
33	4
33	5
33	6
33	7
33	1
33	2
33	3
1782	7
1782	8
1782	3
1782	4
1782	5
859	7
859	6
859	8
859	3
859	2
859	5
859	4
32	7
32	8
32	5
32	6
32	4
32	1
32	2
1788	8
2198	5
1788	7
2198	6
1788	6
2198	3
1788	5
2198	4
2198	7
2198	8
38	1
38	2
38	4
858	2
38	3
38	6
38	5
858	5
38	8
858	6
38	7
858	3
858	4
858	7
858	8
502	6
502	5
502	4
1329	1
1329	2
502	8
502	7
1329	4
1329	5
1329	6
1329	7
857	1
1329	8
857	3
857	4
857	5
857	6
857	7
857	8
1788	1
1788	2
2198	2
1788	4
2198	1
2200	7
2200	8
2200	5
2200	6
2200	3
2200	4
2200	1
1332	4
1332	3
1332	2
1332	1
1332	8
1332	7
1332	6
1332	5
855	3
2199	2
35	8
2199	3
855	5
2199	4
35	6
855	4
2199	5
35	7
35	4
855	1
35	2
2199	1
35	3
504	8
504	7
504	6
504	5
855	7
2199	6
504	4
855	6
2199	8
504	2
855	8
504	1
1786	3
1786	4
1786	5
1786	6
1786	1
1786	7
1786	8
487	1
487	3
487	2
1748	3
487	5
1748	2
487	4
1748	1
487	7
1748	8
487	6
1748	7
1748	6
487	8
1748	5
1321	2
1321	1
66	8
66	7
907	1
907	4
907	5
907	2
907	8
907	6
907	7
1749	1
1749	3
1749	2
1749	5
1749	4
1749	6
1321	5
1321	4
1321	7
1321	6
1321	8
1319	4
2222	1
1319	5
2222	2
1319	2
1319	1
2222	7
2222	8
1319	8
2222	5
2222	6
1319	6
2222	3
1319	7
2222	4
1749	8
910	2
910	1
69	8
910	8
910	7
910	3
910	6
910	5
69	7
69	6
69	5
69	4
69	2
69	1
904	3
2682	8
904	4
2682	7
904	1
904	2
904	7
904	8
904	5
904	6
2682	2
2682	1
2682	4
2682	6
2682	5
1751	8
1751	7
483	3
1751	1
483	2
483	5
483	4
483	7
1751	5
483	6
1751	4
1751	3
483	8
1751	2
2683	5
1325	8
71	8
2683	4
71	7
2683	3
71	6
2683	2
2683	8
2683	7
2683	6
1325	1
71	1
1325	3
1325	2
1325	5
71	5
2683	1
71	4
1325	7
71	3
1325	6
71	2
1752	2
1752	1
1752	4
1752	3
1752	6
1752	5
1752	8
1752	7
72	6
72	5
72	8
72	7
72	2
72	1
72	4
72	3
1753	8
1753	6
1753	7
1753	4
1753	5
1753	3
1753	2
1753	1
1322	7
1322	8
1322	5
1322	6
1322	4
1322	1
1322	2
73	3
483	1
73	2
73	1
1754	7
1754	8
1754	4
1754	5
1754	6
1754	1
1754	2
1323	6
1323	7
1323	8
906	8
1323	2
906	7
1323	3
1323	4
1323	5
906	4
906	3
906	6
906	5
1323	1
906	2
906	1
73	7
73	6
73	5
73	4
2692	4
2692	3
2692	2
73	8
2692	1
2692	8
2692	7
2692	6
2692	5
1741	1
1741	3
1741	2
494	2
1741	5
494	1
1741	4
1741	7
1741	6
494	6
494	5
1741	8
494	4
1314	1
494	3
1314	2
1314	3
1314	4
494	8
1314	5
494	7
1314	6
1314	8
74	2
1314	7
74	1
74	4
74	3
74	6
74	8
74	7
1315	1
2694	2
2694	1
2215	2
2215	3
2215	4
2694	7
2215	5
2694	8
2694	5
2694	6
2694	3
2215	1
2694	4
1743	3
1743	2
1743	5
2215	6
2215	7
1743	1
2215	8
1743	8
1743	6
1743	7
903	5
1313	2
2695	2
903	4
1313	3
2695	3
903	3
2695	4
1313	1
2695	5
903	1
2695	1
2216	7
2216	8
1313	8
2216	5
2216	6
2216	3
2695	6
903	8
1313	7
2216	4
903	7
1313	4
2216	1
2695	8
903	6
1313	5
2216	2
490	8
490	7
490	2
490	1
490	6
490	5
490	4
897	5
897	6
897	7
897	8
897	1
897	2
897	3
1745	7
1745	6
1745	5
1745	4
1318	1
2214	1
1318	2
2214	2
1745	8
1745	2
1745	1
2690	2
2690	1
2690	4
2690	3
2690	6
2690	5
1318	6
2214	6
1318	5
2214	5
1318	4
2214	4
1318	3
2214	3
1318	8
2214	8
1318	7
2214	7
1746	4
1746	3
1746	6
1746	5
1746	2
1746	1
1315	6
2211	6
1315	7
2211	7
1315	8
2211	8
1315	2
2211	2
1315	3
2211	3
1315	4
2211	4
2211	5
2690	8
2691	1
899	1
1746	7
1746	8
1747	1
1316	7
2212	7
1316	8
2212	8
1316	5
2212	5
1316	6
2212	6
1316	3
2212	3
2691	6
899	8
1316	4
2212	4
2691	7
899	7
1316	1
2212	1
2691	8
899	6
1316	2
899	5
2691	2
2691	3
899	3
2691	4
899	2
2691	5
1747	8
1747	6
1747	7
1747	4
1747	5
1747	2
1747	3
2700	7
2700	8
2700	5
2700	6
1308	1
1308	2
1308	3
1308	4
2238	2
2238	1
1762	7
1762	8
2238	8
2700	4
2238	7
2700	3
2700	2
2700	1
2238	4
2238	3
2238	6
2238	5
1307	1
1307	8
1762	6
1762	5
1307	6
1307	7
1762	3
1307	4
1762	2
1307	5
1762	1
1307	2
1307	3
893	6
2237	7
893	7
2237	6
2237	5
893	5
2237	4
893	2
2237	3
893	3
2237	2
2237	1
893	1
893	8
2237	8
896	2
896	1
896	4
896	3
896	6
896	5
896	8
896	7
2236	6
2236	5
2236	8
2236	7
1305	6
895	8
1305	7
2701	1
895	7
1305	4
2701	2
895	6
1305	5
2701	3
2701	5
1305	8
2701	6
2701	7
2701	8
2236	3
2236	4
2236	1
2236	2
471	1
471	2
471	3
471	4
471	5
471	6
471	7
895	1
471	8
895	4
1305	3
895	5
1305	2
895	2
1305	1
895	3
2235	7
2697	3
2235	6
2697	2
2697	1
2235	8
2235	3
2235	2
2235	5
2235	4
2235	1
470	8
470	7
470	6
470	5
470	4
470	3
2696	6
2696	5
470	1
2696	8
470	2
2696	7
2696	2
2696	1
890	7
2234	8
2696	4
890	8
2234	7
2696	3
890	5
2234	6
890	6
2234	5
890	3
2234	4
890	4
890	1
2234	2
890	2
2234	1
1765	8
1765	7
1765	6
1765	5
1310	8
1765	4
1310	5
1765	3
1310	6
1765	2
1310	3
1765	1
1310	4
1310	1
1310	2
469	8
469	2
1768	1
59	5
469	3
1768	2
59	4
1768	3
469	1
1768	4
59	2
469	6
1768	5
469	7
1768	6
59	8
469	4
1768	7
59	7
469	5
1768	8
59	6
2233	5
2233	4
2233	7
2233	6
59	1
2233	8
1309	8
2233	1
2233	2
2233	3
1309	1
1309	2
1309	3
1309	4
1309	5
1309	6
1309	7
468	5
1767	8
58	8
468	6
58	7
468	7
1767	6
468	8
1767	7
1767	1
58	2
58	1
468	1
1767	4
58	4
468	2
1767	5
58	3
468	3
1767	2
58	6
468	4
1767	3
2232	3
2232	4
2232	1
2232	2
2232	7
2232	8
2232	5
2232	6
1308	7
2697	4
1308	8
2697	5
1308	5
2697	6
1308	6
2697	8
887	4
887	5
887	2
887	1
887	8
887	6
887	7
886	7
886	8
886	3
886	4
886	5
886	6
2706	6
2706	5
2706	4
2706	3
2706	1
480	8
1300	1
480	7
1300	2
480	6
1300	3
480	5
1300	4
480	4
480	3
480	2
2706	7
2706	8
1300	5
1300	6
1300	7
1300	8
1757	2
1757	3
1757	1
1757	6
1757	7
1757	4
1757	5
1757	8
889	2
889	3
889	1
889	7
889	6
889	5
889	4
889	8
478	1
478	2
478	5
478	6
478	3
478	4
478	7
478	8
477	8
477	5
477	4
477	7
477	6
477	1
2703	6
2703	7
2703	8
477	2
884	7
884	8
884	5
884	6
884	3
884	4
884	2
1758	8
1758	7
2227	1
1758	3
1758	6
1758	5
1758	2
1758	1
476	8
476	7
476	6
476	5
2703	5
2703	4
2703	3
2703	2
2703	1
2227	7
2227	6
2227	8
2227	3
2227	5
2227	4
2705	4
2705	5
2705	6
2705	7
2705	8
1302	5
1302	6
1302	3
885	8
1302	4
2705	1
1302	7
1302	8
2705	3
1761	6
1761	7
1761	4
66	2
1761	5
66	1
476	1
886	1
66	4
476	2
886	2
66	3
476	3
1761	8
66	6
476	4
66	5
1761	2
1761	1
885	1
885	2
885	3
885	4
885	5
885	6
1302	2
885	7
1302	1
1760	1
1760	2
1760	3
1760	4
1760	5
1760	6
1760	7
1760	8
1405	6
1405	7
1405	4
1405	5
1405	2
1405	3
1405	1
933	7
1836	4
933	6
1836	3
454	2
933	5
1836	2
454	1
933	4
1836	1
933	3
933	2
933	1
1405	8
454	7
454	8
454	3
1836	7
454	4
1836	8
454	5
933	8
1836	5
454	6
1836	6
1406	1
1406	2
1406	7
1406	8
934	2
934	1
1406	4
1406	5
1406	6
455	4
934	7
2247	3
455	5
934	8
2247	2
455	2
2247	5
455	3
2247	4
934	3
455	1
934	4
934	5
2247	1
934	6
455	8
2247	6
455	6
455	7
2247	8
931	5
1834	2
931	4
1834	1
931	3
931	2
1834	6
931	8
1834	5
931	7
1834	4
931	6
1834	3
1834	8
456	1
456	2
456	3
456	4
456	6
456	7
456	8
1835	1
1835	3
1835	2
2655	1
1835	5
1835	4
1835	7
2655	4
1835	6
2655	5
2655	2
1835	8
2655	3
1408	2
2655	8
1408	4
2655	7
1408	3
2655	6
1408	6
1408	5
1408	8
1408	7
457	2
457	3
457	1
457	8
2659	7
2659	6
2659	8
457	4
2659	3
457	5
2659	2
457	6
2659	5
2659	4
1833	3
1833	2
1833	1
1402	7
1402	8
1402	5
1402	6
1402	3
1402	4
1402	1
1402	2
1833	8
1833	4
1833	5
1833	6
1833	7
459	2
2251	5
459	3
2251	4
459	4
2251	3
459	5
459	6
459	7
2251	8
459	8
2251	7
2251	6
2251	1
459	1
2658	1
2658	2
1404	3
2658	3
1404	4
2658	4
1404	1
2658	5
1404	2
2658	6
1404	6
1404	5
1404	8
2658	8
1404	7
2658	7
1832	1
1832	4
1832	3
1832	6
1832	5
2659	1
1832	8
1832	7
461	6
461	7
461	4
461	2
2239	7
461	3
2239	6
461	1
2239	8
461	8
1398	7
1398	8
926	2
926	1
1398	3
1398	4
1398	5
1398	6
926	8
2239	2
926	7
2239	3
2239	4
2239	5
926	4
926	6
926	5
2239	1
2240	8
2240	7
2240	6
2240	5
2240	4
2240	2
2240	1
2661	8
924	6
924	5
924	8
924	7
1400	1
2661	2
1400	2
2661	3
1400	3
1400	4
2661	1
1400	5
2661	6
1400	6
2661	7
1400	7
2661	4
1400	8
2661	5
1401	6
1401	5
1401	4
1401	8
1401	2
1401	3
1401	1
1826	4
930	3
930	6
1826	6
930	5
1826	5
930	2
1826	2
930	1
1826	1
1395	6
1395	7
1395	8
1395	2
1395	3
1395	4
1395	5
1395	1
464	7
464	8
464	5
464	6
464	3
464	4
464	1
464	2
931	1
2667	7
2667	6
2667	8
2667	3
2667	2
2667	5
2667	4
2667	1
930	7
1826	7
930	8
1826	8
1397	1
1397	3
1397	4
1397	5
1397	6
1397	7
466	8
466	7
466	1
466	2
466	5
466	6
466	3
466	4
929	7
929	6
929	5
929	4
1398	1
1398	2
929	8
467	3
467	2
467	5
2245	8
467	4
467	7
929	3
467	6
929	2
467	8
2245	3
2245	2
2245	7
2245	6
2245	5
467	1
2245	4
1397	8
1392	1
1392	3
1392	4
1392	5
1392	6
1392	7
1392	8
920	2
920	1
920	4
920	3
920	6
920	5
920	8
920	7
2671	1
2671	5
2671	4
2671	2
1391	8
1391	6
1850	1
1850	2
1850	5
2260	4
2260	3
1850	3
1850	4
2260	1
2260	8
2260	7
1850	7
2260	6
1850	8
2260	5
918	8
2262	7
918	7
2262	8
918	4
2262	3
918	3
2262	4
918	6
2262	5
918	5
2262	6
1394	3
1394	5
1394	6
1394	1
1394	2
443	1
1394	8
1394	7
443	8
443	6
443	7
443	4
443	5
443	2
443	3
1848	8
1848	7
1848	6
1848	5
1848	4
1848	2
1848	1
442	3
442	4
442	5
442	6
442	2
918	1
918	2
2262	1
442	7
442	8
1847	6
2264	2
2674	2
1847	7
2264	1
2674	1
1847	8
2264	4
2264	6
2674	6
2264	5
2674	5
2264	8
2674	4
2264	7
2674	3
444	7
444	8
444	5
444	6
1847	1
1847	2
1847	4
1847	5
924	2
924	1
924	4
924	3
2674	7
2674	8
2263	8
2263	7
2263	6
1388	4
1388	3
1388	2
1388	1
2263	1
1846	6
1846	3
1846	4
2263	5
2263	4
1846	7
1846	8
2263	2
923	5
923	4
923	3
923	2
444	2
444	1
923	8
444	4
923	7
444	3
923	6
1388	7
1388	8
1388	5
1388	6
446	7
446	8
446	5
446	6
446	3
446	4
2672	8
446	2
2672	7
2672	6
2672	5
2672	4
2672	3
2672	2
2672	1
1391	2
1391	3
1391	4
1846	2
1391	5
1846	1
2266	7
2266	8
1391	1
2266	3
2266	4
2266	5
2266	6
2266	1
921	2
2265	3
921	3
2265	1
921	1
445	8
445	4
445	5
445	6
445	7
2671	7
445	1
2671	6
445	2
445	3
2671	8
1390	7
1390	8
1390	5
1390	6
1390	4
1390	1
1390	2
2265	8
921	8
921	7
2265	6
921	6
2265	7
921	5
2265	4
921	4
2265	5
2677	8
913	2
913	1
913	7
913	6
913	5
913	4
913	8
1843	2
2253	1
1843	3
2253	3
1843	5
1843	6
2253	5
1843	7
2253	4
1843	8
2253	7
2253	6
2677	3
2253	8
2677	2
2677	1
2677	7
2677	6
2677	5
2677	4
1843	1
2676	2
2676	1
2676	4
2676	3
2676	6
2676	5
2676	8
2676	7
2675	8
2675	7
2675	6
2675	5
2675	4
2675	2
1386	3
1841	1
1386	4
1386	5
1841	3
1386	6
1841	2
1386	1
1386	2
1841	8
2675	1
1386	7
1841	5
1386	8
1841	4
1841	7
1841	6
1382	5
2681	4
1382	6
2681	5
1382	3
2681	6
1382	4
2681	7
2681	8
1382	7
1382	8
2257	7
2257	6
2257	5
2257	4
1382	2
2681	1
1382	1
2257	8
2681	2
1840	3
1840	4
1840	1
1840	2
1840	7
2257	3
1840	8
2257	2
1840	5
2257	1
1840	6
1381	8
1381	1
2680	4
2680	3
1381	3
2680	2
1381	2
2680	1
1381	5
2680	8
1381	4
2680	7
1381	7
2680	6
1381	6
2680	5
2256	2
2256	1
2256	4
2256	3
2256	6
2256	5
2256	8
2256	7
1384	7
1384	8
1384	5
1384	6
1384	3
1384	4
1384	1
1384	2
2259	8
2259	6
2259	7
2259	4
2259	5
2259	2
2259	3
2259	1
2679	7
2679	6
2679	8
2679	2
2679	5
2679	4
2679	1
1838	8
1838	7
1838	4
1838	3
1838	5
1838	2
1838	1
914	8
914	7
914	3
914	5
914	6
914	1
914	2
428	2
428	1
428	4
428	3
1379	4
1379	2
1379	3
1379	8
1379	6
1379	7
428	5
428	6
428	7
428	8
429	8
429	2
429	3
429	1
429	7
429	4
429	5
426	8
426	7
426	4
426	3
426	6
426	2
426	1
1378	6
2274	6
1378	5
2274	5
1378	4
2274	4
1378	3
2274	3
1378	2
2274	2
1378	1
2274	1
2629	6
427	8
1809	8
2629	7
427	7
2629	4
427	5
1809	5
2629	2
427	4
1809	4
2629	3
427	3
427	2
1809	6
2629	1
427	1
1809	1
1809	3
1809	2
1378	7
1378	8
2274	8
1379	1
2629	8
431	6
431	8
1803	1
11	1
11	3
1803	5
11	2
1803	2
11	5
1803	3
11	4
1803	8
11	7
11	6
1803	6
2630	2
1803	7
11	8
2630	1
1376	3
2630	3
1376	4
2630	4
1376	1
1376	2
2630	6
1376	7
2630	7
1376	8
2630	8
1376	5
1376	6
963	1
963	2
432	3
963	3
432	4
963	4
432	1
963	5
432	2
963	6
432	7
963	7
432	8
963	8
432	5
432	6
2280	1
2280	2
2280	3
2280	4
2280	5
2280	6
2280	7
2280	8
964	3
964	4
964	1
964	2
2277	7
2277	6
2277	5
2277	4
964	7
2277	3
964	8
2277	2
964	5
2277	1
964	6
1805	7
1805	6
430	2
1805	5
430	1
1805	4
1805	3
1805	2
1805	1
2277	8
430	8
2632	5
430	7
2632	6
2632	7
2632	8
2632	1
430	3
2632	2
430	6
2632	3
430	5
1805	8
2632	4
965	4
1375	3
965	5
1375	2
965	6
1375	5
965	7
1375	4
965	1
1375	1
965	3
14	1
14	2
1806	2
1375	6
965	8
1375	7
1375	8
431	5
1806	8
431	4
1806	7
431	3
14	7
431	2
14	8
431	1
1806	4
14	5
1806	3
14	6
1806	6
14	3
1806	5
14	4
1800	1
1800	3
1800	4
1800	5
1800	6
1800	7
1800	8
435	4
435	5
435	2
435	3
435	8
435	6
435	7
952	2
952	4
952	3
435	1
952	6
952	5
952	8
952	7
2269	8
2269	2
2269	3
2269	1
2269	6
2269	7
2269	4
2269	5
2267	7
2267	6
2267	8
954	7
2267	3
954	8
2267	2
2267	5
2267	4
954	3
954	4
954	5
2267	1
954	6
954	1
954	2
2635	8
2635	6
433	8
2635	7
433	7
23	8
433	6
2635	5
433	5
23	6
2635	2
433	4
23	7
2635	3
433	3
23	4
433	2
23	5
2635	1
433	1
23	2
23	3
23	1
2636	6
2636	5
2636	8
2636	7
2636	2
2636	3
2636	4
1369	4
2272	1
2637	2
1369	5
2272	2
2637	3
1369	6
2272	3
18	7
1369	7
2272	4
18	8
2637	1
1369	8
2272	5
2637	6
2272	6
2637	7
2272	7
2637	4
2272	8
2637	5
2637	8
956	2
956	1
956	4
956	3
1796	1
1796	2
1796	4
1796	5
18	2
1796	6
18	1
1796	7
1796	8
1369	1
18	6
18	5
1369	3
18	4
1369	2
1797	8
956	8
956	5
956	6
1797	3
1797	1
1797	6
1797	7
1797	4
1797	5
20	4
20	1
20	2
2639	4
2639	5
2639	2
2639	3
20	7
20	8
2639	1
20	5
20	6
1799	5
1799	4
1799	2
1799	1
2271	8
2271	6
2271	7
1799	8
1799	7
1799	6
2639	7
2639	6
2639	8
1368	8
2271	5
1368	7
2271	4
1368	6
2271	3
1368	5
2271	2
1368	4
2271	1
1368	3
1368	2
2641	8
2641	6
1821	8
2641	7
2641	4
2641	5
1821	5
2641	2
1821	4
2641	3
1821	7
1821	6
2641	1
1821	1
1821	3
1821	2
2	6
2	5
2	4
2	3
2	2
2	1
414	8
414	7
2289	8
945	8
945	7
414	4
2289	6
945	6
2289	7
945	5
414	6
2289	4
414	5
2289	5
945	3
2289	2
945	2
2289	3
945	1
414	2
414	1
2289	1
1823	1
1823	3
1823	2
1823	5
1823	4
2288	1
2288	2
2288	3
2288	5
2288	6
2288	7
2288	8
1823	6
1823	7
1823	8
2642	1
2642	3
2642	4
2642	5
2642	6
412	6
2287	8
2	7
412	5
2	8
412	8
2287	6
412	7
2287	7
2642	8
2642	7
949	8
1818	4
1818	3
1818	6
1818	5
1818	2
1818	1
2645	6
950	2
2645	4
950	1
2645	5
1818	8
2645	2
1818	7
2645	3
2645	1
1362	6
1362	5
1362	4
1362	3
1362	2
1362	1
2644	1
2644	3
2644	4
1362	7
1362	8
949	7
949	6
949	5
949	4
2644	5
949	2
2644	6
949	1
2644	7
2644	8
2646	6
2646	5
2646	4
2646	3
2646	8
2646	7
417	3
2292	1
417	2
2292	2
417	1
2292	3
2292	4
417	7
2292	5
417	6
2292	6
417	5
2292	7
2292	8
417	8
950	5
950	6
2645	8
950	3
950	4
950	7
950	8
2291	1
416	2
2291	4
416	1
2291	5
416	4
2291	2
416	3
2291	3
416	6
1819	1
2291	8
416	5
416	8
2291	6
416	7
2291	7
1819	5
1819	4
1819	2
1819	8
1819	7
1819	6
2646	2
9	1
9	2
2283	8
939	8
939	7
939	6
2283	7
939	5
2283	4
939	4
2283	5
939	3
2283	2
2283	3
939	1
2283	1
1814	8
1814	7
1359	8
1814	6
1814	5
1359	6
1814	4
1359	3
1359	2
1359	5
1814	1
1359	4
1814	2
1359	1
2282	7
2647	8
2282	8
2647	6
2647	7
2282	3
2647	4
2282	4
2647	5
2282	5
2282	6
2647	3
1813	8
2647	1
2282	1
2282	2
10	7
10	8
10	1
10	2
10	3
10	4
10	5
10	6
1357	8
940	5
1357	1
940	6
940	7
940	8
1357	2
1357	5
1357	4
1357	7
1357	6
940	2
940	1
940	4
9	6
9	7
9	4
9	5
9	8
1356	7
1356	8
1356	5
1356	6
943	5
2287	4
943	4
2287	5
943	3
2287	2
943	2
2287	3
943	1
2287	1
425	8
425	4
425	5
425	6
425	7
1356	4
1356	3
1356	2
1356	1
2651	1
2286	1
2286	2
425	3
2286	7
2651	8
425	2
2286	8
425	1
2651	6
2651	7
2286	3
2651	4
2651	5
2286	5
2651	2
2286	6
2651	3
4	4
4	3
4	2
4	1
4	8
4	7
4	6
2285	2
2285	1
7	1
2285	6
7	2
2285	7
7	3
2285	4
7	4
2285	5
7	5
7	6
1813	2
7	7
1813	1
2285	8
7	8
1813	7
1813	6
1813	5
1813	4
2653	3
2653	2
2653	5
2653	4
2653	7
2653	6
2653	8
423	1
423	5
1812	2
423	4
1812	1
423	3
1812	4
1812	3
1812	6
423	8
1812	5
423	7
1812	8
423	6
1812	7
943	6
1353	5
943	7
1353	4
943	8
1353	7
1353	6
1353	8
748	4
2623	2
2092	3
748	3
2623	3
2092	4
748	2
2623	4
2092	1
748	1
2623	5
2092	2
1672	7
1672	8
1672	5
1672	6
1672	3
1672	4
1672	1
1672	2
748	7
2623	7
2092	8
748	8
2623	6
2092	7
748	5
2092	6
748	6
2623	8
2092	5
2093	8
2624	8
2093	5
2624	7
2093	4
2624	6
2624	5
2093	6
2624	4
2093	1
2624	3
2624	2
2093	3
2624	1
2093	2
395	2
395	5
2090	7
395	4
2090	8
395	7
395	6
395	8
2090	1
2090	2
2090	5
2090	6
395	1
2090	3
2090	4
750	5
2625	5
750	6
2625	4
750	3
2625	7
750	4
2625	6
2625	8
750	7
750	8
750	1
2625	1
750	2
2625	3
2625	2
2091	2
2091	4
2091	5
2091	6
2091	7
2091	8
2091	1
1216	2
1216	4
1216	3
1216	6
1216	5
1216	8
1216	7
393	8
1220	4
1220	3
1220	2
1220	1
393	5
393	6
393	7
1220	8
1220	7
1220	6
1220	5
2620	1
2089	2
2620	2
2089	3
2620	4
2089	1
2089	8
2620	8
2089	5
2620	7
2620	6
2089	7
2620	5
2089	6
1221	5
1676	1
1221	4
1676	2
1221	7
1676	3
1221	6
1676	4
1221	1
1221	3
1221	2
1221	8
1676	6
1676	5
1676	8
1676	7
1677	2
1677	1
1677	7
1677	6
1677	5
1677	4
392	2
392	1
392	4
392	3
1677	8
392	6
392	5
1219	1
392	8
392	7
1219	3
1219	2
1219	5
1219	4
1219	7
1219	6
747	1
1219	8
747	2
747	4
747	5
747	6
747	7
747	8
2088	1
2088	2
2088	3
2088	4
393	3
2088	5
393	2
2088	6
393	1
2088	7
2088	8
1679	2
1679	3
1679	4
1679	5
1679	1
755	6
755	7
2099	6
390	7
755	8
390	8
2099	8
390	5
755	2
2099	3
390	6
2099	2
390	3
755	4
2099	5
390	4
755	5
2099	4
390	2
2616	7
390	1
2616	8
755	1
2616	5
2099	1
2616	6
2616	3
2616	4
2616	1
2616	2
1225	3
1225	1
391	6
756	7
391	7
756	8
391	8
756	5
756	6
756	3
391	3
756	4
391	4
756	1
391	5
391	1
1679	8
1679	6
1222	4
1222	3
1222	6
1222	5
1222	8
1222	7
1222	1
1222	2
389	8
389	1
389	2
389	5
389	4
389	7
389	6
2613	6
2613	7
2613	4
2613	5
2613	2
2613	3
2613	1
386	7
386	8
1683	8
1683	7
1683	6
1683	5
1683	3
1683	2
2614	1
2613	8
1683	1
385	3
1684	2
385	2
1684	1
385	1
1684	4
1684	3
385	7
1684	6
385	6
1684	5
385	5
1684	8
385	4
385	8
1225	5
2614	6
1225	4
2614	5
1225	7
2614	4
1225	6
2614	3
1225	8
2614	8
2614	7
754	8
754	7
386	2
386	1
386	4
386	3
386	6
386	5
754	1
754	2
754	5
754	6
754	3
754	4
2079	1
2079	2
2079	3
2079	4
2079	5
1231	6
1231	7
1231	8
763	2
763	3
763	4
763	5
412	3
763	6
412	4
412	1
763	8
412	2
2079	7
2079	6
2079	8
763	1
2609	4
2609	5
2609	6
2609	7
2609	8
2609	1
2609	2
2609	3
1231	1
1658	7
1658	8
1231	5
1231	4
1231	3
1231	2
1658	1
1658	2
1658	5
1658	6
1658	4
1230	8
1230	7
1230	4
2612	8
2612	7
410	7
1230	6
2612	6
410	8
1230	5
2612	5
410	5
2612	4
410	6
2612	3
1230	2
2612	2
410	4
1230	1
2612	1
410	1
410	2
409	1
409	3
2611	1
409	2
1229	8
2611	7
409	8
1229	7
2611	6
1229	6
1229	5
2611	8
1229	4
409	4
1229	3
2611	2
409	5
1229	2
2611	5
409	6
1229	1
2611	4
409	7
408	4
408	1
408	2
408	7
408	8
408	5
1235	1
408	6
1235	2
1235	3
1235	4
1235	5
1235	6
1235	7
1235	8
2607	1
2607	4
2607	5
2607	2
1661	2
1661	3
1661	1
1661	6
1661	7
1661	4
1661	5
1661	8
2075	1
2075	4
2075	5
2075	2
2075	3
2075	8
2075	6
2075	7
2608	8
2608	7
2608	6
2608	5
2608	4
2608	3
2608	2
2608	1
1232	8
1232	7
1232	6
1232	5
2607	7
1232	4
2607	6
1232	3
1232	2
2607	8
1232	1
1663	4
2073	2
1663	5
2073	1
1663	3
1663	1
2073	8
2073	6
2073	7
1663	8
2073	4
1663	7
2073	5
1663	6
2603	2
2603	3
2603	4
2603	5
2603	6
2603	7
2603	8
2603	1
769	5
769	6
769	7
769	8
769	1
769	2
769	3
2605	8
2605	5
403	6
2605	4
403	7
2605	7
403	8
2605	6
2605	1
403	3
2605	3
403	4
403	5
403	1
1667	8
1667	7
1667	6
1667	5
1667	4
1667	3
1667	2
1667	1
2604	8
2604	7
2604	6
2604	5
2604	3
2604	4
2604	1
2604	2
1242	1
1242	2
1669	8
1242	5
1242	6
1242	3
1242	4
2600	1
2600	2
1242	7
2600	4
1242	8
2600	5
2600	6
2600	7
2600	8
766	1
766	2
766	5
1669	2
766	6
766	3
766	4
1669	1
1669	6
1669	7
766	7
1669	4
766	8
1669	5
1241	4
2599	1
1241	5
1241	6
1241	7
2599	4
1241	8
2599	5
2599	3
2599	8
2599	6
2599	7
400	3
400	4
400	1
400	2
400	7
400	8
400	5
400	6
1241	1
1241	3
1241	2
2081	2
768	8
2081	3
768	6
2081	1
768	5
768	4
768	3
768	2
768	1
2081	8
2081	6
2081	7
2081	4
2081	5
399	6
399	7
399	8
2080	5
1670	8
2080	6
1670	7
2080	7
2080	8
2080	1
767	7
1670	4
2080	2
767	6
1670	3
2080	3
1670	6
2080	4
767	8
1670	5
399	5
399	4
399	3
399	2
399	1
767	2
767	3
767	4
1670	1
767	5
1670	2
767	1
777	7
777	6
777	5
777	4
777	8
2118	1
2118	2
2118	6
2118	5
2118	4
2118	3
2118	8
2118	7
368	4
368	3
368	2
368	1
368	8
368	7
368	6
368	5
2119	1
2119	3
2119	2
2119	5
2119	4
2119	7
2119	6
2119	8
2595	6
2595	7
2595	8
2595	2
2595	4
2595	5
776	7
2120	8
776	8
2120	7
776	5
2120	6
776	6
2120	5
776	3
2120	4
776	4
2120	3
776	1
2120	2
776	2
2120	1
1190	1
1190	2
1190	8
1190	7
1190	4
1190	3
1190	6
1190	5
777	1
777	2
777	3
364	1
364	2
364	4
2114	8
2114	7
2115	1
364	6
364	5
364	8
364	7
2115	3
2115	2
2115	5
2115	4
2115	7
2115	6
2115	8
775	7
775	6
775	8
2595	1
775	1
775	2
775	5
775	4
366	8
1193	2
366	7
1193	3
1193	1
366	4
366	6
366	5
2592	5
2592	7
366	2
2592	8
366	1
2592	1
2592	2
2592	3
2592	4
2117	5
2117	4
2117	7
2117	6
2117	1
2117	3
1648	5
1193	8
1648	6
1648	8
1193	5
1648	1
1193	4
1648	2
1193	7
1648	3
1193	6
1648	4
2593	8
2593	6
2593	7
2593	4
2593	5
2593	2
2593	3
2593	1
2117	8
784	2
784	4
1194	1
784	3
1194	2
2590	1
784	6
1194	3
2590	2
784	5
1194	4
784	8
784	7
1194	6
2590	5
1194	7
2590	6
1194	8
2590	3
2590	4
2590	7
2590	8
2126	2
2126	1
2126	6
2126	5
2126	4
2126	3
1654	2
2126	8
2126	7
785	2
1195	1
785	1
785	7
1195	4
785	6
1195	5
785	5
1195	2
785	4
1195	3
1195	8
1195	6
785	8
1195	7
1196	6
1196	5
1196	8
1196	7
783	2
783	3
783	4
783	5
783	1
362	6
362	5
362	4
362	3
2588	7
362	2
2588	8
362	1
2588	5
1196	1
1196	2
1196	3
1196	4
362	8
362	7
1197	7
1197	6
1197	5
1197	4
1197	3
1197	2
1197	1
1197	8
2589	4
2589	5
2589	6
2589	7
2589	1
783	8
2589	2
783	7
2589	3
783	6
2589	8
2587	4
1198	3
2587	5
1198	4
2587	2
1198	5
2587	3
1198	6
2587	8
1198	7
1198	8
2587	6
2587	7
357	8
2587	1
1198	1
1198	2
357	2
357	3
357	1
357	6
357	7
357	4
357	5
2588	1
2588	2
2588	3
2588	4
2122	8
2122	7
2122	2
2122	1
2122	6
2122	5
2122	4
2585	8
2585	6
2585	7
2585	4
2585	5
2585	3
779	6
2123	7
2585	2
2123	6
2585	1
779	8
2123	8
779	2
2123	3
779	3
2123	2
779	4
2123	5
779	5
2123	4
1654	7
1654	8
779	1
1654	3
1654	4
1654	5
1654	6
2586	7
2586	8
2586	3
2586	4
2586	5
2586	6
780	8
2124	7
780	7
2124	8
2586	1
780	6
2124	5
2586	2
780	5
2124	6
2124	4
780	4
2124	3
780	1
2124	2
780	2
1655	8
1655	6
1655	7
1200	8
1200	7
1655	5
1200	6
1655	2
1200	5
1655	3
1200	4
1200	3
1655	1
1200	2
1200	1
382	2
382	1
2584	7
2584	8
2105	1
2584	5
382	8
2584	6
382	7
2105	3
2584	3
382	6
2584	4
382	5
2584	1
382	4
2584	2
382	3
2105	8
2105	5
2105	4
2105	7
2105	6
2583	2
1201	2
2583	3
1201	3
2583	4
2583	5
1201	1
2583	1
2104	7
2104	8
1201	8
2104	5
2104	6
2583	6
1201	6
2104	3
2583	7
1201	7
2104	4
2583	8
1201	4
2104	1
1201	5
2104	2
1631	1
1631	3
1631	2
1631	5
1631	4
1631	6
384	4
1631	7
384	1
1631	8
384	2
384	7
1204	2
384	8
1204	1
384	5
1204	4
384	6
1204	3
1204	6
1204	5
1204	8
1204	7
2581	8
789	8
1630	2
1630	1
1630	6
1630	5
383	1
1630	4
1630	3
383	3
383	2
383	5
1630	8
383	4
1630	7
383	6
2106	2
383	7
2106	1
383	8
2106	6
2106	5
2106	4
2106	8
2106	7
1205	8
2101	8
2581	6
789	5
2581	7
379	8
2581	4
789	7
2102	1
2581	5
379	6
789	6
2581	2
379	5
789	1
2581	3
379	4
379	3
789	3
2581	1
379	2
789	2
379	1
1205	6
1205	7
2101	7
1205	4
2101	4
1205	5
2101	5
2580	5
378	8
788	8
1205	2
2101	2
2580	6
378	7
788	7
1205	3
2101	3
2580	7
788	6
2580	8
788	5
1205	1
2101	1
2580	1
378	4
788	4
2580	2
788	3
2580	3
378	6
788	2
2580	4
378	5
788	1
378	2
378	1
2579	1
787	1
380	7
1634	7
380	8
1634	8
380	5
787	3
2579	5
787	2
2579	2
787	5
2579	3
787	4
2579	8
787	7
787	6
2579	6
2579	7
787	8
2102	6
2102	5
2102	4
2102	3
2102	8
2102	7
1634	2
1634	1
380	2
1634	6
380	1
1634	5
380	4
1634	4
380	3
1634	3
799	8
799	6
799	7
1640	7
1640	8
1640	5
1640	6
1640	4
1640	1
1640	2
799	5
799	4
799	3
799	2
799	1
2111	7
2111	6
2111	8
2576	7
2576	8
2576	5
798	2
2576	6
798	1
2576	3
2576	4
2576	1
2576	2
798	8
1208	5
2111	2
798	7
1208	6
2111	3
1208	7
2111	4
1208	8
2111	5
798	4
1208	1
798	3
1208	2
798	6
1208	3
798	5
1208	4
2111	1
1211	5
2114	2
1211	4
2114	1
1211	3
1211	2
2114	6
1211	8
2114	5
1211	7
2114	4
1211	6
2114	3
797	3
797	2
797	1
797	7
797	6
797	5
797	4
797	8
1637	8
2113	1
2113	3
2113	2
2113	5
2113	4
2113	7
2113	6
2113	8
1637	1
1637	3
1637	2
1637	5
1637	4
1637	7
1637	6
2108	8
2108	7
2108	6
2108	5
795	7
2108	1
795	6
2108	2
795	8
2108	4
795	3
795	2
2573	8
795	5
795	4
2573	6
2573	7
371	8
2573	4
371	7
795	1
2573	5
371	6
2573	2
371	4
371	3
2573	1
371	2
371	1
794	8
794	7
794	1
794	6
794	5
794	4
794	3
373	8
1641	6
1641	7
1641	4
1641	5
1641	8
373	3
373	1
373	7
1641	1
373	6
373	5
1641	3
373	4
1641	2
2571	5
2571	4
2109	8
2571	3
2571	2
2571	8
2571	7
2571	6
2109	1
2109	3
2109	2
2571	1
2109	5
2109	7
2109	6
2144	7
2144	8
2144	5
2144	6
2144	3
2144	4
2144	1
2144	2
2564	1
2564	4
2564	3
1730	7
1730	8
2564	6
2564	5
2564	8
2564	7
2145	1
2145	2
2145	3
2145	8
2145	4
2145	5
2145	6
2145	7
1732	3
1732	4
1732	1
1732	2
1732	7
1732	8
1732	5
1732	6
2567	1
1733	8
2567	5
2567	2
2567	3
1275	1
2567	8
1275	3
2567	6
1275	4
2567	7
1275	5
1275	6
1275	7
803	1
1275	8
1733	1
1733	2
1733	4
1733	5
1733	6
1733	7
2568	6
2568	5
2568	8
342	1
2568	7
342	2
2568	2
2568	1
2568	4
2147	8
803	8
803	7
2147	6
803	6
2147	7
803	5
2147	4
803	4
2147	5
803	3
2147	2
803	2
2147	3
2569	3
2569	2
2569	1
804	6
2148	5
804	5
2148	6
804	8
2148	7
804	7
2148	8
804	2
2148	1
804	1
2148	2
342	8
804	4
2148	3
342	7
804	3
2148	4
342	6
342	5
342	4
342	3
340	5
1729	6
2146	2
340	6
1729	7
2146	1
340	7
1729	4
340	8
1729	5
2146	6
2146	5
1729	8
2146	4
2146	3
340	1
1729	2
340	2
1729	3
340	3
1729	1
2569	4
1270	5
2569	5
1270	6
2569	6
1270	3
2569	7
1270	4
2569	8
1270	8
1730	1
1730	2
1730	3
1730	4
1730	5
2147	1
1730	6
1271	6
1271	8
2146	7
2146	8
1271	1
1271	2
1271	3
1271	4
1271	5
2557	7
2557	6
2557	5
2557	4
2557	3
2557	2
2557	8
807	3
2151	2
807	2
2151	3
807	5
2151	4
807	4
2151	5
807	1
2151	1
1283	1
807	7
2151	6
807	6
2151	7
2151	8
807	8
1738	5
1283	8
1738	6
2558	2
1283	7
1738	3
2558	1
1283	6
1738	4
1283	5
1738	1
1283	4
1283	3
1283	2
2558	8
332	1
2558	7
332	2
332	4
2558	4
2558	3
2558	6
1738	7
2558	5
1738	8
332	6
332	5
332	8
332	7
2152	7
2152	8
2152	5
2152	6
2152	3
2152	4
2152	2
2559	1
2559	5
2559	3
2559	2
2559	8
2559	6
2559	7
1281	1
1281	2
1281	3
1281	4
1281	5
1281	6
1281	7
809	1
1281	8
809	2
809	6
809	7
809	4
809	5
809	8
2150	2
2150	1
2560	1
2150	5
2560	2
2150	6
2560	3
2150	3
2560	4
2150	4
2560	5
2560	6
2560	7
2150	7
2560	8
2150	8
1279	2
1279	3
1279	4
1279	5
335	4
335	5
335	2
335	3
335	1
1279	7
1279	6
1279	8
2155	8
2155	6
2155	7
2155	4
2155	5
2155	2
2155	3
2155	1
335	7
335	6
335	8
1735	8
1735	6
1735	7
1735	4
1735	5
1735	3
1735	1
812	2
812	1
812	4
812	3
1736	1
1736	2
1736	3
1736	4
2563	1
1736	5
2153	1
1736	6
1736	7
2153	3
1736	8
2153	2
812	5
812	6
812	7
812	8
1278	5
1278	6
1278	3
1278	4
1278	7
1278	8
2563	2
2153	6
2153	7
2563	4
2153	4
2563	5
2153	5
2563	6
1278	1
2563	7
1278	2
2563	8
2153	8
334	3
334	4
813	8
334	6
334	7
334	8
813	2
813	1
813	6
813	7
334	1
813	4
334	2
813	5
1717	8
1290	2
1290	1
1290	4
1290	6
1290	5
1290	8
1290	7
352	2
352	1
352	4
352	6
352	5
352	8
352	7
1717	3
1717	2
1717	1
1717	7
1717	6
1717	5
1717	4
2550	4
2550	6
2550	5
2550	8
2550	7
2553	8
2553	6
2553	7
2553	4
2553	5
1719	2
1719	4
1719	5
1719	1
2553	3
2553	2
2553	1
1719	6
1719	7
1719	8
1288	7
1288	8
1288	5
1288	6
1288	3
1288	1
1288	2
2552	6
2552	5
2552	8
2552	7
2552	2
2552	1
2552	4
2552	3
2555	5
1287	7
2555	4
1287	6
2555	3
2555	2
1287	8
2555	8
2555	7
2555	6
818	7
1714	7
818	8
1714	8
1287	1
2555	1
1287	3
1287	5
1287	4
356	8
356	7
356	6
818	2
1714	2
356	5
818	1
1714	1
818	4
818	3
1714	3
818	6
1714	6
818	5
1714	5
2134	3
2134	4
2134	5
2134	6
356	4
2134	7
2134	8
356	2
356	1
2134	2
2134	1
2133	8
2133	5
2133	4
2133	7
2133	6
820	5
2133	1
820	6
820	7
2133	3
820	8
2133	2
820	2
820	3
820	4
2556	7
2556	8
2556	5
2556	6
2556	2
2556	1
2556	4
2556	3
2544	2
2544	1
2544	4
821	8
2544	3
2544	6
2544	5
2544	8
2544	7
822	2
822	1
345	2
345	3
345	1
345	7
345	6
345	5
345	4
345	8
821	1
821	2
821	5
821	4
821	7
821	6
823	4
1726	1
823	5
1726	2
823	2
823	3
823	1
2546	4
344	5
2546	3
344	6
2546	6
344	7
1726	7
2546	5
344	8
1726	8
344	1
823	8
1726	5
1726	6
2546	2
344	3
823	6
2546	1
344	4
1726	4
2546	7
2546	8
2545	3
822	7
1725	4
2135	3
2545	2
822	8
1725	5
2135	2
2545	1
1725	6
2135	5
1725	7
2135	4
822	3
822	4
1725	1
822	5
1725	2
2135	1
822	6
2545	8
2545	7
1725	8
2545	6
2135	6
2545	5
2545	4
2135	8
2141	8
1721	3
1721	2
1721	1
2141	2
2141	3
2141	1
2141	6
2141	7
2141	5
2548	6
1294	6
2548	5
1294	5
2548	8
1294	4
2548	7
1294	3
1294	8
1294	7
1721	6
1721	7
1721	4
1721	5
2548	2
1294	2
1294	1
2548	4
1721	8
2548	3
1720	2
1720	1
1720	4
1720	3
1720	6
2547	1
1720	5
1720	8
1720	7
2140	5
2140	6
2140	7
2140	8
2547	5
2547	4
2547	3
2547	2
2547	8
2547	7
2547	6
2140	4
2140	3
2550	2
2140	2
2550	1
2140	1
1291	6
1291	8
1291	2
1291	3
1291	4
1291	5
1291	1
2170	7
2170	8
1705	3
1705	2
1705	1
2170	1
2170	2
2170	5
2170	6
2170	3
2538	8
2538	7
2538	2
2538	1
2538	4
2538	6
2538	5
310	1
1247	6
1247	7
1247	8
830	3
830	4
830	5
1247	1
830	6
830	7
1247	3
830	8
1247	2
1247	5
1247	4
1705	4
1705	5
1705	6
1705	7
1705	8
830	1
830	2
2172	3
2537	1
2172	4
2537	2
2172	1
2537	3
2172	2
1703	8
1703	6
1703	5
1703	4
1703	3
1703	2
1703	1
310	7
310	8
310	3
310	4
310	5
310	6
1249	8
1704	6
1704	8
1704	7
1249	4
1704	2
1249	5
1704	1
1249	6
1704	4
1249	7
1704	3
1249	2
1249	3
311	8
311	6
311	7
311	4
311	5
311	2
2537	8
2537	7
2172	6
2537	6
311	1
2172	5
2537	5
2172	8
2537	4
2172	7
1701	8
833	2
833	3
2542	1
833	1
2542	4
833	6
2542	3
833	7
2542	6
833	4
2542	5
833	5
2542	8
2542	7
833	8
312	2
1701	3
312	1
1701	2
312	4
1701	1
312	3
312	6
1701	7
312	5
1701	6
312	8
1701	5
312	7
1701	4
1702	3
1702	4
1702	5
1702	6
1702	7
1702	8
834	1
834	3
1244	2
834	4
1244	1
834	5
1244	4
834	6
1702	2
1702	1
831	8
2540	5
2175	8
2540	8
831	6
2175	7
2540	7
831	7
2175	6
1244	7
1244	8
1244	5
1244	6
2540	1
831	5
2175	4
2540	2
831	4
2175	5
2540	3
831	3
2175	2
2540	4
831	2
2175	3
831	1
2175	1
2176	6
315	1
2176	5
2176	8
2176	7
2176	1
2176	4
2176	3
315	8
315	6
315	7
315	4
315	5
315	2
315	3
1700	2
1700	1
1700	4
1700	3
1700	6
1700	5
1700	8
1700	7
1253	1
1253	2
1253	5
1253	4
1253	7
1253	6
302	6
2177	4
302	5
2177	5
302	4
2177	6
2177	7
2177	8
302	8
302	7
1253	8
302	2
302	1
2177	1
2177	2
837	2
837	3
837	1
837	6
1254	2
1254	1
837	4
837	5
1254	6
1254	3
837	8
1254	4
1254	7
1254	8
834	7
834	8
835	1
2179	1
1255	6
1255	7
1255	8
1255	2
1255	3
1255	4
1255	5
1255	1
835	8
2179	8
835	6
2179	7
835	7
2179	6
835	4
2179	5
835	5
2179	4
835	2
2179	2
2180	1
2180	2
2180	3
2180	4
2180	6
2180	7
2180	8
1708	2
1708	4
1708	3
2535	1
1708	5
1708	6
1708	7
1708	8
2535	5
2535	4
2535	3
2535	2
2535	8
2535	7
2181	2
2181	3
306	2
306	1
2181	1
306	4
2181	6
306	3
306	6
2181	4
306	5
2181	5
306	7
1709	2
306	8
1709	3
1709	1
2181	8
1709	6
1709	7
1709	4
1709	5
2536	2
2536	1
2536	4
1709	8
2536	6
2536	5
2536	8
2536	7
1706	4
1706	3
1706	6
1706	5
1706	2
1706	1
307	1
838	2
2182	1
838	1
2182	2
1706	8
838	7
307	8
2182	8
838	8
2182	7
307	6
307	7
838	3
307	4
2182	4
838	4
307	5
2182	3
838	5
307	2
2182	6
838	6
307	3
2182	5
1252	3
1252	4
1252	1
1252	2
1252	7
1252	8
1252	5
1252	6
2183	5
2183	4
2183	3
2183	2
2183	1
2183	8
2183	7
2183	6
2525	8
2525	7
323	8
2525	6
2525	5
323	6
2525	4
323	7
2525	3
323	4
2525	2
323	5
2525	1
323	2
323	3
323	1
1260	7
2156	7
1260	8
2156	8
1260	5
2156	5
1260	6
2156	6
843	8
1260	4
2156	4
1260	3
2156	3
843	6
1260	2
2156	2
843	7
1260	1
2156	1
843	4
843	5
843	2
843	3
843	1
2524	6
322	7
2524	5
322	8
2524	8
2524	7
1263	1
2524	3
1263	2
2524	4
2524	1
1263	4
2524	2
1263	5
842	7
842	8
842	1
842	2
842	3
842	5
842	6
2523	2
1262	5
2158	5
1262	6
2158	6
2523	4
1262	3
2158	3
2523	5
1262	4
2158	4
2523	6
2523	7
2523	8
1262	7
2158	7
1262	8
2158	8
1689	7
1689	6
1689	5
1689	4
1262	1
2158	1
2158	2
2523	1
1689	8
324	5
324	6
324	8
1689	3
1689	1
324	1
324	2
324	3
324	4
2529	3
2529	2
2529	1
2529	8
2529	6
2529	5
2529	4
847	7
847	6
847	8
1688	6
1688	5
1688	8
1688	7
1688	2
1688	1
1688	4
1688	3
326	7
326	8
326	3
326	4
326	5
326	6
847	4
847	5
847	3
847	1
1687	5
1687	4
1687	3
1687	2
1687	1
326	2
326	1
1687	8
1687	7
2527	8
2527	7
2527	6
846	1
846	2
846	3
846	4
846	5
846	6
846	7
846	8
1686	4
1686	3
1686	6
1686	5
1686	8
1686	7
1259	1
1259	2
2527	1
1259	3
1259	4
1259	5
2527	4
1259	6
2527	5
1259	7
2527	2
1259	8
845	2
845	3
845	1
845	6
845	7
845	4
845	5
845	8
1686	1
1258	1
1258	2
1258	5
1258	6
1258	3
1258	4
1258	7
1258	8
851	1
2518	8
2518	7
2518	4
2518	6
1698	7
2518	5
1698	8
851	8
851	7
851	6
851	5
851	4
851	3
851	2
850	3
850	4
850	5
850	1
850	2
2518	1
1698	4
2518	2
1698	6
1698	5
1698	2
1698	1
850	8
850	7
849	6
318	3
318	4
849	4
318	5
849	5
318	6
318	8
849	8
1269	8
2165	8
849	2
849	3
318	1
849	1
318	2
1270	1
1270	2
317	8
848	1
317	2
848	2
317	3
848	3
848	4
317	1
848	5
317	6
848	6
317	7
848	7
317	4
848	8
317	5
1269	1
2165	1
1269	2
2165	2
1269	3
2165	3
2165	4
1269	5
2165	5
1269	6
2165	6
1269	7
2165	7
1264	7
1264	8
1264	5
1264	6
1264	3
1264	4
1264	2
1695	5
1695	4
1695	3
1695	1
2522	4
2522	3
2522	6
2522	5
1695	8
1695	6
2522	1
1695	7
2522	8
2522	7
1263	6
853	8
1263	7
1263	8
2521	2
319	5
2521	3
319	4
319	3
2521	1
319	2
2521	8
2521	7
319	8
2521	6
2521	5
319	6
2521	4
319	7
1266	1
1266	2
1266	5
1266	6
1266	4
1266	8
1266	7
853	2
853	3
322	1
853	1
322	2
853	6
322	3
853	7
322	4
853	4
853	5
322	6
1265	1
1265	3
1265	4
2168	1
1265	5
2168	2
1265	6
2168	3
1265	7
2168	4
1265	8
2168	5
2168	6
2168	7
2168	8
852	1
852	2
852	3
852	4
852	5
852	6
852	7
852	8
1569	8
1569	7
1569	6
1114	7
1569	5
1114	8
1569	4
1114	5
1569	3
1114	6
1569	2
1114	3
1569	1
1114	4
1114	1
1989	8
1989	7
1989	6
1989	5
1989	4
1989	3
1989	2
1989	1
1568	6
1568	5
1568	8
1568	7
1568	2
1568	1
1568	4
1568	3
279	8
644	5
644	6
279	6
644	7
279	7
644	8
279	4
279	5
644	2
279	2
644	3
279	3
644	4
279	1
647	8
647	7
647	6
1571	1
647	1
647	5
647	3
647	2
1112	4
1112	3
1112	2
1112	1
1112	8
1112	7
1112	6
1112	5
1987	5
1987	4
1987	3
1987	2
1987	8
1987	6
1987	1
646	3
646	6
646	5
646	8
646	7
2507	5
1111	7
1111	6
2507	3
2507	2
1111	8
2507	8
2507	7
646	1
2507	6
646	2
1986	8
1986	7
277	8
1111	1
2507	1
1111	3
1111	5
1111	4
2503	3
2503	2
2503	5
2503	4
2503	1
1986	6
277	4
642	5
1986	5
277	5
642	6
1986	4
277	6
642	3
1986	3
277	7
1986	2
2503	7
642	1
1986	1
2503	6
277	1
642	2
277	2
2503	8
277	3
1117	6
1117	7
1117	4
1117	5
1117	2
1117	3
1117	1
1117	8
276	3
276	4
641	1
276	1
641	2
276	2
641	3
641	8
276	7
641	4
276	8
641	5
276	5
641	6
276	6
1571	7
1571	6
1571	8
1571	3
1571	2
1571	5
1571	4
275	2
1984	3
275	3
1984	2
275	4
1984	1
1984	8
275	6
1984	7
275	7
1984	6
275	8
1984	5
643	5
643	3
643	2
643	8
643	7
643	6
275	1
1983	7
1983	6
274	7
1983	8
274	8
2504	4
2504	2
2504	1
2504	8
2504	7
2504	6
2504	5
643	1
642	8
642	7
274	1
1983	1
1983	2
274	6
1983	3
274	5
1983	4
274	4
1983	5
274	3
1982	8
287	4
1982	7
287	5
287	2
1107	1
287	3
1982	4
287	1
1982	6
1982	5
1982	2
1982	1
1107	6
1107	7
1107	8
1107	2
287	8
1107	3
287	7
1107	4
1107	5
1561	2
1561	3
1561	1
637	8
637	6
637	7
637	4
637	2
637	3
637	1
1561	8
1561	7
1561	6
1561	5
1561	4
1105	5
1105	4
285	8
1105	7
1105	6
2515	1
1105	8
285	2
285	3
285	1
285	6
1105	1
285	7
285	4
1105	3
285	5
1105	2
1564	2
1564	1
1564	4
1564	3
2515	5
2515	2
2515	3
2515	8
2515	6
2515	7
639	1
2514	2
2514	1
2514	4
639	4
639	5
2514	6
639	2
2514	5
639	3
284	5
284	6
284	7
284	8
2514	7
2514	8
639	8
639	6
1979	1
1979	7
284	3
635	6
1979	6
284	4
635	7
284	1
635	8
1979	8
284	2
1979	3
635	2
1979	2
635	3
1979	5
635	4
1979	4
635	5
1564	8
1564	7
1564	6
1564	5
2509	5
1978	6
634	5
2509	4
1978	5
634	6
634	3
2509	6
1978	3
283	1
634	4
2509	1
1978	2
634	1
1978	1
634	2
2509	3
2509	2
283	6
283	7
283	8
283	2
2509	8
283	3
1978	8
283	4
634	7
1978	7
283	5
634	8
2511	8
2511	6
2511	7
2511	1
2511	3
2511	2
2511	5
1127	6
1127	7
1127	8
293	8
1127	1
1127	2
1127	3
1127	4
1127	5
293	2
293	3
293	1
293	6
293	7
293	4
293	5
659	5
1555	5
659	4
1555	4
659	3
1555	3
659	2
1555	2
659	8
1555	8
659	7
1555	7
659	6
1555	6
659	1
660	6
660	5
660	8
660	7
660	2
660	1
660	4
660	3
1125	8
1125	5
1125	4
1125	6
1125	1
1125	3
1125	2
291	8
291	6
291	7
291	4
291	5
291	2
291	3
2494	8
2494	7
2494	4
2494	3
2494	6
2494	5
2494	2
2494	1
1971	2
1971	5
1971	4
1971	7
1971	6
1971	8
290	1
290	2
290	5
290	6
290	3
1558	1
290	4
1558	2
1130	1
1130	2
1130	4
1130	5
1130	6
2488	3
1130	7
2488	4
1130	8
2488	1
2488	2
2488	7
2488	8
2488	5
1971	1
2488	6
2489	5
2489	7
2489	6
1972	4
1972	3
2489	8
1972	2
1972	1
1972	8
1972	7
1972	6
1972	5
291	1
290	8
1558	6
290	7
1558	5
1558	4
1558	3
1558	8
1558	7
2489	1
2489	2
2489	3
2490	6
2490	5
2490	4
2490	3
2490	2
2490	8
2490	7
1559	3
1969	1
1969	2
1559	5
1559	4
1559	1
1969	8
1969	4
1559	7
1969	5
1559	6
1969	6
1969	7
1559	8
1970	8
1970	7
1970	5
1970	6
1970	3
1970	4
1970	1
1970	2
1547	4
651	4
1547	5
651	5
1547	2
651	2
1547	3
651	3
1547	8
651	8
1547	6
651	6
1547	7
651	7
1967	8
1967	7
1967	6
1547	1
651	1
1548	1
652	1
1548	2
652	2
1548	3
652	3
1548	4
652	4
1968	2
1968	1
1968	4
1968	3
1968	6
1968	5
1968	8
1968	7
1121	4
1121	5
1121	6
1121	7
1121	8
1548	6
652	6
1548	5
652	5
1548	8
652	8
1548	7
652	7
1121	1
1121	2
1121	3
2500	6
2500	5
2500	8
2500	7
2500	2
2500	1
2500	4
1966	7
1966	8
1966	5
1966	6
1966	3
1966	4
1966	1
2501	7
299	8
2501	6
2501	5
299	6
2501	4
299	7
299	4
2501	2
2501	1
299	2
299	3
299	1
1550	8
1967	2
654	8
1550	7
654	7
1967	4
1967	5
654	4
1550	3
654	3
1550	6
654	6
1550	5
1967	1
654	5
1550	2
654	2
1550	1
654	1
2501	8
1123	4
1123	5
1123	2
1123	3
1123	8
1123	6
1123	7
2495	1
2495	2
1964	3
2495	3
1964	4
2495	4
1964	1
1964	2
2495	7
1964	8
2495	6
1964	7
2495	8
1964	5
1124	2
1124	3
1124	4
1124	5
1124	6
1124	7
1124	8
1965	1
1965	3
1965	2
1965	5
1965	4
1965	6
1965	8
649	1
649	2
649	3
649	8
649	7
649	6
649	5
649	4
2497	1
2497	3
2497	2
2497	8
2497	5
2497	4
2497	7
2497	6
650	4
650	3
650	6
650	5
650	2
650	8
650	7
296	7
296	8
296	5
1123	1
296	6
296	3
296	4
296	1
296	2
1543	1
1543	5
1543	4
1543	3
1543	2
1543	8
1543	7
1543	6
675	1
2480	1
2480	4
674	7
2480	3
674	8
2480	6
2480	5
2480	8
2480	7
674	2
674	1
674	4
674	6
674	5
673	3
673	2
673	1
673	8
673	6
673	5
673	4
2478	1
672	6
2478	2
672	5
672	8
672	7
672	2
672	1
672	4
672	3
2478	7
2478	8
2478	5
2478	6
2478	4
1540	1
1085	5
1540	2
1085	4
1540	3
1085	7
1540	4
1085	6
1085	1
1085	3
1085	2
1540	5
1540	6
1085	8
1540	7
1540	8
2012	4
2012	3
2012	2
2012	1
671	8
671	6
671	7
671	1
1546	8
1546	7
671	5
671	4
671	3
671	2
1546	2
1546	1
1546	6
1546	5
1546	4
1546	3
2011	3
2011	2
2011	5
2011	4
2011	7
2011	6
2011	8
1087	7
1087	6
1087	8
2011	1
670	4
670	3
670	5
1087	1
670	8
1087	2
670	7
1087	3
1087	4
1087	5
1545	5
1545	4
1545	7
1545	6
1545	8
670	2
670	1
1090	6
1545	3
1090	5
1090	4
1545	1
1090	3
1090	2
249	8
249	5
249	6
249	7
2475	6
249	1
2475	7
2475	8
249	3
249	2
2475	2
2475	3
2475	5
2475	1
1544	5
1544	6
1544	7
1544	8
1544	1
1544	2
1544	3
2474	7
2474	8
2474	5
2474	6
2474	3
2474	4
2012	5
2474	1
2012	6
2474	2
2012	8
1077	8
2007	1
2007	5
2007	4
2007	3
2007	2
2007	8
2007	7
2007	6
1077	2
1077	3
1077	1
1077	6
1077	7
1077	5
1534	1
1534	7
1534	8
1534	3
1534	4
1534	5
1534	6
665	2
665	3
665	1
665	8
665	7
665	6
665	5
665	4
254	6
254	5
254	4
254	3
1081	1
254	8
1081	2
254	7
1539	2
1539	5
1539	4
1539	7
254	2
1539	6
254	1
1539	8
2484	8
2484	7
2484	6
2484	5
1081	5
1081	4
1081	7
1081	6
2484	4
2484	3
1081	8
2484	2
2484	1
253	8
253	1
1538	8
253	3
1538	7
253	2
253	5
253	4
253	7
253	6
2004	8
2004	7
2004	6
2004	5
1539	1
2004	4
2004	3
2004	2
2004	1
2006	7
662	8
2006	8
662	7
2006	3
2006	4
662	3
2006	5
662	6
2006	6
662	5
1538	3
1083	7
1538	4
1083	6
1538	5
1538	6
1083	8
1083	3
1083	2
1538	1
1083	5
1538	2
1083	4
256	7
256	8
256	5
1083	1
256	6
256	3
256	4
256	1
256	2
2481	8
255	2
255	5
255	4
2481	4
2481	6
255	1
2481	7
2481	1
2481	2
2481	3
2006	2
662	1
2006	1
662	2
1537	8
1537	6
1537	7
1537	4
1082	8
1537	5
1082	7
1537	3
1082	5
1082	4
1537	1
1082	3
255	6
1082	2
255	7
1082	1
255	8
2466	5
264	8
2466	6
264	7
2466	3
264	6
2466	4
264	5
2466	1
264	4
2466	2
264	3
264	2
264	1
1529	8
1529	7
1529	5
1529	4
2467	1
2001	3
1098	6
2001	2
1098	5
2001	1
1098	3
2466	8
1098	2
2466	7
1098	1
1529	2
1529	3
1529	1
2001	8
2001	7
2001	6
2001	5
1098	8
2001	4
1098	7
2002	7
2464	3
2002	8
2464	4
2464	1
2464	2
2464	7
2464	8
2464	5
686	2
2464	6
686	1
686	4
686	6
686	5
686	8
686	7
1099	1
1099	3
1099	5
2002	1
1099	4
2002	4
1099	7
2002	3
1099	6
2002	6
2002	5
1099	8
2003	5
2003	2
2003	3
2003	8
2465	1
2003	6
2465	2
2003	7
2465	3
2465	4
2465	5
2465	6
2465	7
2465	8
1527	1
1527	4
1527	5
1527	2
1527	3
1527	8
1527	6
1527	7
2003	1
1532	1
1532	2
1532	3
1532	4
684	5
684	6
684	7
684	8
684	2
2462	7
684	4
2462	8
684	3
2462	5
2462	6
2462	3
2462	1
2462	2
1998	8
1998	7
1998	6
1998	5
1998	4
685	8
1998	3
1998	2
685	6
1998	1
685	7
685	5
685	2
685	3
685	1
1532	8
1532	7
1532	6
1532	5
1103	1
1103	3
1103	2
1103	5
1103	4
682	8
682	7
2460	7
2460	8
2460	5
682	2
2460	6
682	1
682	4
682	3
682	6
682	5
1531	4
1531	5
1531	2
1531	3
1531	8
1531	6
1531	7
1531	1
2461	8
683	4
683	3
683	2
683	8
683	7
683	6
1103	8
2461	1
2461	2
2461	3
1103	7
683	1
2461	5
2461	6
2461	7
1521	2
1521	1
1090	8
1090	7
1521	8
1521	6
1521	7
1521	4
1521	5
2473	1
2473	2
2473	3
1994	4
1994	3
1994	6
1994	5
2473	8
2473	7
2473	6
1994	2
1994	1
2473	4
1994	8
1994	7
2471	1
2471	2
2471	3
2471	4
2471	5
2471	6
2471	7
2471	8
273	2
273	1
273	6
1093	1
273	7
273	4
1093	3
273	5
1093	2
1996	2
1093	5
1996	1
1093	4
1996	4
273	8
1996	3
1093	6
1996	5
1093	8
1996	6
1996	7
1996	8
1990	1
677	7
1990	2
2469	5
677	6
2469	6
677	5
2469	7
677	4
677	3
2469	1
677	2
2469	2
677	1
2469	3
1525	6
1525	7
1525	4
1525	5
1525	2
1525	3
1525	1
1990	8
1990	7
1990	6
1990	5
2469	8
1990	4
677	8
1990	3
268	4
268	3
268	2
268	1
1525	8
1991	7
1095	7
1991	6
1095	6
1991	8
1095	8
1991	3
1991	2
1095	2
1991	5
1095	5
1991	4
1095	4
268	8
1991	1
268	5
1095	1
268	6
1523	1
2467	2
675	5
2467	3
675	4
2467	4
2467	5
675	2
2467	6
2467	7
675	8
2467	8
675	7
675	6
1096	4
1096	3
1096	2
1096	1
1096	8
1096	6
1096	5
1523	4
1523	5
1523	2
1523	3
1523	8
1523	6
1523	7
1524	5
1524	6
1524	7
1524	8
1524	1
1524	3
1524	4
697	3
697	2
697	1
697	8
697	6
697	7
697	4
697	5
220	8
220	7
220	6
220	5
2040	5
2040	6
2040	7
2040	8
2040	1
2040	2
2040	3
2040	4
1629	3
1629	1
2039	4
1629	7
2039	5
1629	6
2039	2
1629	5
2039	3
1629	4
2039	8
2039	6
2039	7
1629	8
220	1
220	3
220	4
698	1
698	2
698	3
219	1
698	5
698	6
219	4
698	7
219	5
698	8
219	2
219	3
219	8
219	6
219	7
1624	7
1624	8
1624	5
1624	6
1624	4
1624	1
1624	2
2044	8
700	7
2044	7
700	8
2044	6
2044	5
700	6
1168	6
1168	5
1168	8
1168	7
1168	2
1168	1
1168	4
1168	3
2044	1
700	2
2044	2
700	1
700	4
2044	4
700	3
223	1
223	2
223	3
223	4
223	5
1167	8
1167	6
1626	8
1626	7
223	7
1626	2
223	6
1626	1
223	8
1626	6
1626	4
1626	3
701	8
701	1
701	2
701	3
701	4
701	5
701	6
701	7
1167	1
1167	2
1167	3
1167	4
1167	5
2454	7
2454	8
2454	6
2454	3
2454	4
1165	7
1165	6
1165	5
1165	4
1165	3
1165	2
1165	1
2454	2
2454	1
1165	8
1164	6
1164	5
1164	8
1164	7
692	1
692	2
692	3
692	4
692	5
692	6
692	7
692	8
2032	1
2032	2
2032	3
226	8
2032	4
226	7
2032	5
2032	6
2032	7
2032	8
1164	2
1164	3
1164	4
691	4
691	5
691	2
691	3
691	8
691	6
691	7
226	1
226	2
226	3
226	4
226	5
226	6
232	8
232	7
232	6
232	5
232	4
232	3
2458	7
232	2
2458	8
2458	5
2458	6
2458	4
2458	1
2458	2
1617	8
1162	8
1617	4
1162	7
1617	5
1617	6
1617	7
1162	4
1162	3
1617	1
1162	6
1617	2
1162	5
1617	3
1162	2
1162	1
231	7
231	6
231	8
231	3
231	2
231	5
231	4
231	1
1616	7
1616	8
1616	5
1616	6
1616	4
1616	1
1616	2
2460	3
2460	4
2460	1
2460	2
230	6
230	5
230	4
230	3
230	8
230	7
230	1
230	2
1618	8
1618	7
1618	1
1618	2
1618	5
1618	6
1618	3
1618	4
2026	1
2026	2
2026	3
2026	5
2026	6
2026	7
2026	8
2433	3
2433	2
2433	1
2433	7
2433	6
1186	2
2433	4
1186	1
1186	4
1186	3
1186	6
2433	8
1186	5
1186	8
2027	1
2027	4
2027	5
2027	2
2027	3
2027	8
2027	6
2027	7
1614	1
1614	2
1614	5
1614	6
2434	2
1614	3
2434	1
1614	4
2434	4
2434	6
1614	7
2434	5
1614	8
2434	7
2434	8
2025	1
2435	1
1615	2
1615	3
1615	4
2025	2
1615	5
1615	1
2435	6
2435	7
2025	8
2435	8
2025	6
2435	2
2025	7
2435	3
1615	8
2025	4
1615	7
2025	5
2435	5
1615	6
1185	3
1185	2
1185	1
713	3
713	1
1185	8
1185	7
1185	6
1185	5
1185	4
1182	4
1182	3
1182	6
1182	5
1182	8
1182	7
713	4
1609	4
713	5
1609	5
713	6
1609	6
713	7
1609	7
713	8
1609	8
1182	2
1182	1
2030	3
2030	4
2030	5
2030	6
2030	7
2030	8
2030	1
2030	2
2437	1
2437	3
714	7
2437	2
714	8
2437	5
2437	4
2437	7
714	1
714	2
714	5
714	6
714	3
2437	8
2028	2
1611	6
2028	1
1611	7
2028	4
1611	8
2028	3
1611	2
1611	4
1611	5
1611	1
2028	5
2028	6
2028	7
2028	8
703	8
703	6
703	7
1179	1
1179	5
1179	4
1179	3
1179	8
1179	7
1179	6
2019	4
2019	5
2019	2
2019	3
2019	8
2019	6
2019	7
703	1
703	5
703	4
703	2
704	1
704	2
704	3
704	4
1607	1
704	5
1607	2
704	6
704	7
1607	4
704	8
1607	5
1607	6
1607	7
1607	8
2020	1
2020	2
2020	4
2020	5
2020	6
2020	7
2020	8
705	2
705	3
705	1
1177	8
1177	7
1177	6
1177	5
1177	4
2018	6
1608	7
2018	5
1608	8
705	8
1608	5
2018	3
1608	6
2018	2
705	6
1608	3
2018	1
705	7
1608	4
705	4
1608	1
705	5
1608	2
1177	2
1177	1
1178	4
1178	3
1178	6
1178	5
1178	2
1178	1
1609	1
2019	1
1609	2
1609	3
1178	8
1178	7
2018	7
2018	8
1603	1
1602	7
1602	8
2024	1
2024	2
2024	3
2024	4
2024	5
2024	6
2024	7
2024	8
1176	2
1176	1
1176	4
1176	3
1176	6
1176	5
1176	8
1176	7
1603	2
1603	3
1603	5
1603	6
1603	7
1603	8
243	6
243	8
243	3
243	2
243	5
243	4
243	1
1604	7
1604	8
1604	5
1604	6
1604	3
1604	4
1604	1
1604	2
244	8
244	7
244	6
244	5
244	4
244	3
244	1
1143	8
1143	6
1143	7
2067	1
2421	8
726	6
726	5
1143	1
726	4
726	3
1143	4
1143	5
726	8
1143	2
726	7
1143	3
1602	1
1602	2
1602	5
1602	6
1602	3
1602	4
2067	5
2067	4
2067	3
2067	2
2067	8
2067	6
191	1
2066	1
2066	3
191	5
2066	4
191	4
2066	5
191	3
2066	6
191	2
1142	3
1142	4
1142	5
1142	6
1142	7
1142	8
2421	3
1601	4
2421	2
1601	5
2421	1
1601	6
1601	7
2421	7
1601	8
2421	6
2421	5
726	1
2421	4
726	2
2066	8
191	8
2066	7
191	6
191	7
1601	1
1601	2
194	4
194	5
194	6
2420	6
2420	5
2420	8
194	1
2420	7
194	2
2420	2
1600	7
2420	1
1600	8
1600	5
2420	3
1600	6
1600	3
1600	4
1600	1
1600	2
1144	5
1144	6
1144	7
1144	8
1144	1
1144	3
1144	4
2068	6
2068	5
2068	8
2068	2
2068	1
2068	4
2068	3
2070	6
195	2
2070	5
2070	4
195	4
2070	3
195	5
195	6
195	7
2070	8
195	8
2070	7
2425	1
2425	3
2425	2
2425	4
2425	5
2425	7
2425	8
1597	1
194	7
1597	2
194	8
1597	3
1597	4
1597	5
1597	7
2424	4
1597	8
2424	3
2424	2
2424	1
2424	8
2424	7
2424	6
2424	5
195	1
2070	1
2070	2
2423	3
2423	2
2423	5
2423	4
2423	1
1141	8
728	7
728	8
728	5
728	6
2423	7
728	3
2423	6
728	4
728	1
2423	8
728	2
1142	1
1142	2
2071	3
727	2
196	3
2071	2
196	4
2071	5
727	4
196	1
2071	4
727	5
196	2
2071	1
727	1
2071	7
727	6
196	7
2071	6
727	7
196	8
727	8
196	5
2071	8
1141	4
1141	5
1141	6
1141	7
1141	1
1141	2
1141	3
2060	6
2060	5
2060	8
2060	7
2060	1
2060	2
2060	3
2060	4
2428	7
719	7
2428	8
719	6
2428	5
2428	6
719	8
719	1
1594	7
1594	8
2428	2
719	4
2428	1
719	5
2428	4
719	2
1594	1
1594	2
1594	5
1594	6
1594	3
2059	4
2059	5
2059	2
2059	3
2059	8
2059	6
2059	7
1135	8
1135	6
1135	7
2059	1
2062	8
718	7
2062	7
2427	8
718	8
2427	7
2427	6
2062	4
2427	5
718	3
2062	3
2427	4
718	4
2062	6
2427	3
718	5
2062	5
2427	2
718	6
2427	1
2062	2
718	1
2062	1
718	2
1138	8
1138	7
1138	3
1138	4
1138	5
1138	6
1138	1
1138	2
200	5
200	6
200	8
200	1
200	2
200	3
200	4
1137	8
1137	6
1137	7
1137	4
1137	5
1137	2
1137	3
1137	1
2063	7
2063	6
2063	8
1132	7
1132	8
722	8
1132	5
722	7
1132	6
2063	4
2063	5
2063	2
2063	3
722	1
722	5
1132	4
722	6
1132	3
722	3
1132	2
722	4
1132	1
1135	2
1135	3
1135	4
1135	5
1135	1
2065	1
2065	3
2065	2
1589	8
2065	8
2065	5
2065	7
2065	6
1589	7
1589	6
1589	5
1589	4
1589	3
1589	2
1589	1
2429	5
2429	7
2429	6
2429	1
2429	3
2429	2
2429	8
1587	1
739	7
739	6
739	8
739	3
739	2
739	4
2407	8
2407	7
2407	6
1587	6
2407	4
2407	3
1587	8
2407	2
2407	1
1587	2
1587	3
1587	4
1587	5
2053	6
1157	6
2053	7
1157	7
2053	4
2053	5
1157	5
2053	2
740	8
1157	2
2053	3
740	7
1157	3
740	6
1157	1
740	4
740	3
740	2
740	1
2053	8
1157	8
738	1
738	2
738	4
738	5
738	6
1586	2
1586	1
1586	6
2406	1
1586	4
2406	2
1586	3
738	8
738	7
2055	8
1159	8
1159	7
2055	6
1159	6
739	1
2055	1
2406	4
1159	1
2406	3
2406	6
1586	7
2406	5
1586	8
2055	5
2406	8
1159	5
2055	4
2406	7
2055	3
1159	3
2055	2
1159	2
2410	6
2410	5
2410	4
2410	3
2410	2
1583	6
2410	1
1583	7
1583	8
2410	8
2410	7
209	1
2411	1
209	2
209	3
2411	7
209	8
2411	6
2411	8
2411	3
209	4
2411	2
209	5
2411	5
209	6
2411	4
209	7
744	8
744	7
744	6
744	5
744	4
744	3
744	1
1582	2
1582	1
1582	4
1582	3
1582	6
1582	5
1582	8
1582	7
1155	5
1155	4
1155	3
1155	2
1155	8
1155	7
1155	6
742	1
742	2
211	1
742	6
211	3
742	5
211	2
742	4
211	5
742	3
211	4
211	7
211	6
742	8
742	7
211	8
1583	1
1583	5
1583	3
1583	2
1149	8
1149	6
1149	7
1149	4
1149	5
732	8
1149	2
732	7
1149	3
732	6
732	5
2415	5
213	6
2415	4
213	7
213	4
2415	2
213	5
2415	1
213	2
213	1
2046	7
2046	8
2046	3
2046	4
2046	5
2046	6
2046	1
2046	2
731	4
731	5
731	2
731	3
731	8
731	6
731	7
2412	6
2412	8
2412	7
731	1
2412	1
2412	2
2412	3
2412	4
213	8
732	1
732	2
732	3
732	4
1579	3
1579	2
1579	5
1579	4
1579	7
1579	8
1579	1
2049	2
1146	5
2049	3
1146	6
1146	4
1146	1
1146	2
2049	8
2049	6
2049	7
2049	4
1146	7
2049	5
1146	8
215	2
215	3
215	4
215	5
215	1
215	6
215	7
215	8
2050	3
2050	4
2050	5
2050	6
2050	1
2050	2
216	7
216	8
216	5
216	6
216	3
216	4
216	2
1148	3
1148	4
1148	1
1148	2
2415	7
2415	6
2050	8
2050	7
2415	8
1148	6
1148	5
1148	8
1148	7
