739	622	1.0
1135	1265	1.0
968	849	1.0
1758	1843	1.0
968	848	1.0
1785	845	1.0
487	1279	1.0
956	1281	1.0
83	549	1.0
71	1000	1.0
220	403	1.0
215	588	1.0
612	939	1.0
2474	435	1.0
748	311	1.0
468	2001	1.0
1967	1826	1.0
1855	2049	1.0
1603	1550	1.0
1255	1063	1.0
785	846	1.0
986	160	1.0
88	384	1.0
2635	1877	1.0
1016	1339	1.0
428	1038	1.0
1948	2558	1.0
332	102	1.0
1912	1720	1.0
160	2675	1.0
1561	1162	1.0
427	1062	1.0
1794	2179	1.0
2330	1429	1.0
2559	2515	1.0
2066	1986	1.0
2227	1951	1.0
965	967	1.0
748	284	1.0
2012	1836	1.0
1555	1402	1.0
739	2629	1.0
739	2630	1.0
2059	2233	1.0
1911	1669	1.0
345	2172	1.0
794	857	1.0
1898	2147	1.0
1026	877	1.0
996	1986	1.0
1460	1138	1.0
848	1033	1.0
2362	2176	1.0
1453	1376	1.0
1813	1514	1.0
1795	2179	1.0
1137	1143	1.0
1855	2123	1.0
2018	1583	1.0
996	1972	1.0
2679	2478	1.0
1507	1309	1.0
412	1601	1.0
1085	859	1.0
539	1205	1.0
2423	2377	1.0
454	10	1.0
1965	1863	1.0
122	1826	1.0
158	2681	1.0
1179	1738	1.0
1898	2183	1.0
466	2028	1.0
637	2028	1.0
1806	1805	1.0
1856	2123	1.0
1521	835	1.0
1464	1000	1.0
1019	1143	1.0
540	1211	1.0
834	1517	1.0
1003	1736	1.0
1840	2706	1.0
1347	1452	1.0
691	2458	1.0
1125	1568	1.0
1796	2179	1.0
641	1898	1.0
1540	137	1.0
1204	780	1.0
2062	2063	1.0
487	1149	1.0
122	1991	1.0
2420	2324	1.0
571	213	1.0
651	1558	1.0
1255	931	1.0
748	187	1.0
1429	2080	1.0
1179	1689	1.0
215	470	1.0
2587	1648	1.0
1162	2325	1.0
510	315	1.0
2062	97	1.0
1521	874	1.0
1521	875	1.0
1137	1287	1.0
1961	1950	1.0
568	386	1.0
160	2544	1.0
889	1732	1.0
2612	2607	1.0
137	1480	1.0
2327	318	1.0
42	1983	1.0
639	2046	1.0
42	95	1.0
2690	2210	1.0
431	1021	1.0
2089	2525	1.0
1062	1579	1.0
1379	83	1.0
748	230	1.0
849	848	1.0
319	446	1.0
2362	140	1.0
1538	290	1.0
1521	921	1.0
1242	1348	1.0
2680	2579	1.0
277	1994	1.0
102	2681	1.0
952	1402	1.0
848	849	1.0
72	930	1.0
1994	2547	1.0
996	2140	1.0
2050	2411	1.0
644	1905	1.0
86	426	1.0
1453	1290	1.0
637	2175	1.0
2471	2647	1.0
965	903	1.0
2599	1231	1.0
1616	1230	1.0
732	809	1.0
2471	2644	1.0
1241	1348	1.0
504	502	1.0
1785	2706	1.0
1143	1019	1.0
42	116	1.0
379	1208	1.0
1489	1669	1.0
2475	2079	1.0
641	2055	1.0
1141	812	1.0
39	274	1.0
2429	1861	1.0
539	1037	1.0
162	2312	1.0
626	701	1.0
2428	1889	1.0
274	373	1.0
1524	344	1.0
428	1319	1.0
431	1208	1.0
748	44	1.0
1803	2065	1.0
2102	2471	1.0
639	2172	1.0
335	268	1.0
1717	893	1.0
644	50	1.0
2460	2607	1.0
412	1892	1.0
1117	32	1.0
1254	812	1.0
1698	1600	1.0
2062	216	1.0
1379	560	1.0
785	1339	1.0
416	1738	1.0
2410	639	1.0
637	2234	1.0
1747	1949	1.0
639	2147	1.0
1910	1546	1.0
718	1123	1.0
1630	797	1.0
428	1275	1.0
789	1269	1.0
1698	1684	1.0
748	114	1.0
748	113	1.0
748	125	1.0
158	215	1.0
612	1266	1.0
1323	2540	1.0
1698	1704	1.0
1912	291	1.0
630	613	1.0
1888	2259	1.0
1253	821	1.0
1269	2141	1.0
1288	1438	1.0
1176	1629	1.0
641	200	1.0
1242	1241	1.0
345	2427	1.0
794	1111	1.0
1253	831	1.0
1253	830	1.0
635	431	1.0
963	830	1.0
2343	1271	1.0
2263	2237	1.0
2329	1783	1.0
1521	571	1.0
1087	1077	1.0
2307	2595	1.0
1204	543	1.0
2109	2141	1.0
2262	2260	1.0
39	373	1.0
612	1316	1.0
1117	1594	1.0
748	73	1.0
287	1964	1.0
1179	1477	1.0
1241	1242	1.0
748	74	1.0
1571	1112	1.0
1288	1398	1.0
1460	672	1.0
673	1005	1.0
2090	1262	1.0
673	2697	1.0
1242	1148	1.0
1841	2706	1.0
2204	2398	1.0
849	1033	1.0
639	90	1.0
1269	2324	1.0
1368	818	1.0
744	66	1.0
538	1205	1.0
2587	1890	1.0
220	39	1.0
1540	2092	1.0
2677	2386	1.0
2283	1687	1.0
2222	1758	1.0
1323	324	1.0
2363	2511	1.0
2658	1162	1.0
1242	1142	1.0
903	965	1.0
632	384	1.0
903	967	1.0
379	1062	1.0
2642	1746	1.0
612	1117	1.0
273	517	1.0
739	211	1.0
379	1028	1.0
1085	992	1.0
2216	1878	1.0
2271	2044	1.0
428	1406	1.0
2012	2183	1.0
2055	592	1.0
2674	2542	1.0
788	1438	1.0
1137	1019	1.0
428	1400	1.0
2113	366	1.0
445	754	1.0
1513	950	1.0
431	1271	1.0
454	2060	1.0
1241	1148	1.0
1863	1965	1.0
2067	2063	1.0
137	1103	1.0
1460	750	1.0
833	1702	1.0
1241	1142	1.0
1795	2546	1.0
345	2292	1.0
416	1833	1.0
1124	1484	1.0
345	2291	1.0
2176	1746	1.0
2319	1978	1.0
504	2397	1.0
1614	1615	1.0
2304	859	1.0
399	249	1.0
454	2099	1.0
332	180	1.0
1513	1000	1.0
1241	1087	1.0
1910	1583	1.0
697	216	1.0
151	644	1.0
1484	2053	1.0
1083	1082	1.0
454	2093	1.0
2176	1720	1.0
1504	1309	1.0
1796	2546	1.0
625	701	1.0
1460	776	1.0
1855	2300	1.0
968	1395	1.0
1011	1012	1.0
428	1548	1.0
1615	1614	1.0
2616	2075	1.0
612	2386	1.0
1235	1264	1.0
2089	2168	1.0
1703	1162	1.0
1579	1011	1.0
1130	920	1.0
455	542	1.0
1521	1259	1.0
1538	630	1.0
2500	1872	1.0
1848	1847	1.0
660	626	1.0
660	625	1.0
1405	756	1.0
1123	1195	1.0
965	1482	1.0
2481	654	1.0
849	1401	1.0
582	223	1.0
2262	2088	1.0
1703	1200	1.0
780	543	1.0
612	2353	1.0
2322	2187	1.0
2675	2067	1.0
1912	2207	1.0
2212	1972	1.0
785	1614	1.0
799	1096	1.0
1521	1247	1.0
1524	1137	1.0
1124	1177	1.0
1283	1447	1.0
1054	1569	1.0
635	1514	1.0
430	1515	1.0
194	2550	1.0
848	1469	1.0
1179	1232	1.0
1179	1231	1.0
1258	2260	1.0
923	924	1.0
847	1534	1.0
1616	1640	1.0
315	157	1.0
2667	2454	1.0
967	1482	1.0
1269	1843	1.0
2545	2569	1.0
834	2002	1.0
2269	1754	1.0
454	515	1.0
1176	1326	1.0
1465	1471	1.0
1394	1098	1.0
803	974	1.0
639	1469	1.0
428	1489	1.0
1325	1748	1.0
849	1469	1.0
169	1757	1.0
639	1461	1.0
427	1529	1.0
466	86	1.0
2090	1604	1.0
160	2067	1.0
2429	226	1.0
571	2027	1.0
2313	2588	1.0
1847	1928	1.0
612	512	1.0
1186	1001	1.0
146	391	1.0
1260	2214	1.0
1513	1609	1.0
1241	1000	1.0
1329	1569	1.0
145	445	1.0
968	1401	1.0
2667	2412	1.0
345	2590	1.0
2435	106	1.0
579	483	1.0
1408	784	1.0
2544	2675	1.0
1714	893	1.0
2260	2272	1.0
1714	890	1.0
1579	878	1.0
986	2067	1.0
1637	929	1.0
1516	1582	1.0
2424	2658	1.0
1241	913	1.0
1329	1514	1.0
1571	1165	1.0
1525	1244	1.0
2331	1770	1.0
1774	2546	1.0
1006	1314	1.0
158	182	1.0
977	906	1.0
794	1381	1.0
1054	1464	1.0
431	1569	1.0
469	2378	1.0
2150	1956	1.0
1005	1344	1.0
1669	2536	1.0
1232	1231	1.0
1794	1796	1.0
2262	2207	1.0
2092	1945	1.0
2605	2331	1.0
838	1687	1.0
584	285	1.0
469	183	1.0
986	2039	1.0
613	290	1.0
1911	2376	1.0
2059	756	1.0
1130	1081	1.0
2090	1531	1.0
146	2522	1.0
1242	913	1.0
809	864	1.0
1513	1672	1.0
1464	1406	1.0
2608	2311	1.0
2374	2415	1.0
1456	1695	1.0
2071	2641	1.0
1260	2313	1.0
2372	2490	1.0
195	674	1.0
794	1456	1.0
612	414	1.0
1464	1400	1.0
1241	842	1.0
1260	137	1.0
624	2141	1.0
1785	2200	1.0
1185	861	1.0
2375	2374	1.0
1568	1359	1.0
1137	728	1.0
780	685	1.0
1796	1789	1.0
1329	1424	1.0
639	1540	1.0
2428	2592	1.0
2552	2474	1.0
59	1892	1.0
158	2020	1.0
2090	1966	1.0
412	2233	1.0
1291	1198	1.0
1016	853	1.0
1283	1495	1.0
859	992	1.0
1307	608	1.0
379	1291	1.0
2374	2375	1.0
2020	2148	1.0
2211	1809	1.0
713	1037	1.0
1464	1362	1.0
416	2104	1.0
1795	1796	1.0
1288	977	1.0
1258	2088	1.0
612	719	1.0
2586	1264	1.0
428	1812	1.0
2207	1926	1.0
2135	2645	1.0
1216	1700	1.0
1429	2494	1.0
1394	1438	1.0
973	954	1.0
1855	1856	1.0
2318	2625	1.0
1216	1708	1.0
918	785	1.0
1260	93	1.0
1179	1035	1.0
2428	2392	1.0
69	1846	1.0
1964	2196	1.0
2071	2603	1.0
1252	400	1.0
454	877	1.0
967	1141	1.0
613	2569	1.0
1185	845	1.0
914	910	1.0
1394	1398	1.0
967	1132	1.0
718	2569	1.0
2550	2609	1.0
1219	1517	1.0
1260	1945	1.0
1016	997	1.0
468	277	1.0
1266	1726	1.0
1348	1148	1.0
1386	1654	1.0
2599	855	1.0
2676	1863	1.0
1840	291	1.0
579	14	1.0
510	670	1.0
189	756	1.0
1856	1855	1.0
1540	379	1.0
673	457	1.0
1219	1531	1.0
1288	906	1.0
673	2330	1.0
918	851	1.0
431	1618	1.0
2375	2514	1.0
254	2671	1.0
2394	1814	1.0
593	1510	1.0
2427	2494	1.0
2677	1788	1.0
189	718	1.0
1179	996	1.0
42	726	1.0
189	722	1.0
850	1721	1.0
145	189	1.0
1688	1558	1.0
2327	2325	1.0
1719	2583	1.0
2584	1424	1.0
612	2677	1.0
379	1679	1.0
2262	1720	1.0
1429	2540	1.0
799	1434	1.0
428	1761	1.0
428	1767	1.0
403	682	1.0
146	2287	1.0
625	113	1.0
209	2344	1.0
713	682	1.0
1912	2088	1.0
1405	1144	1.0
1278	1477	1.0
2427	2283	1.0
137	2636	1.0
290	1279	1.0
2571	1929	1.0
1337	1479	1.0
2240	588	1.0
1114	1381	1.0
146	2297	1.0
2253	2272	1.0
478	1767	1.0
889	42	1.0
1848	1928	1.0
866	933	1.0
1797	1918	1.0
2500	1788	1.0
137	2581	1.0
1291	1026	1.0
468	496	1.0
1168	1332	1.0
1465	1022	1.0
1127	924	1.0
466	467	1.0
579	1878	1.0
69	1826	1.0
673	592	1.0
137	2544	1.0
794	1695	1.0
1429	2425	1.0
42	893	1.0
399	777	1.0
2195	2190	1.0
899	1688	1.0
144	364	1.0
1193	322	1.0
42	890	1.0
608	822	1.0
2070	2435	1.0
1803	1778	1.0
1813	1408	1.0
582	50	1.0
1797	2002	1.0
2320	2480	1.0
1719	2415	1.0
58	307	1.0
818	820	1.0
1521	1201	1.0
1394	1503	1.0
2625	1932	1.0
1179	855	1.0
639	1809	1.0
2251	2272	1.0
692	1558	1.0
1258	2176	1.0
794	1735	1.0
143	392	1.0
2394	1897	1.0
428	1915	1.0
2195	2150	1.0
592	1359	1.0
2381	216	1.0
2659	692	1.0
410	2583	1.0
2393	1926	1.0
2462	1077	1.0
2322	2371	1.0
965	1141	1.0
1054	1608	1.0
673	536	1.0
849	1608	1.0
2676	1965	1.0
906	1398	1.0
2330	2081	1.0
1607	2382	1.0
968	1033	1.0
296	1013	1.0
1729	169	1.0
1269	1758	1.0
612	634	1.0
1112	1413	1.0
1513	1464	1.0
1460	168	1.0
2240	2415	1.0
1768	501	1.0
2381	2515	1.0
809	1321	1.0
1107	1066	1.0
994	974	1.0
1714	2511	1.0
2394	2030	1.0
1698	930	1.0
455	1369	1.0
1390	822	1.0
302	47	1.0
739	1586	1.0
2616	1648	1.0
2500	2501	1.0
1818	2465	1.0
357	191	1.0
1219	1300	1.0
731	1890	1.0
923	1417	1.0
428	2389	1.0
1429	1313	1.0
1288	788	1.0
2647	2644	1.0
2180	322	1.0
2182	2144	1.0
469	897	1.0
487	232	1.0
454	1450	1.0
2040	1891	1.0
981	1489	1.0
2153	1278	1.0
1460	211	1.0
1127	2490	1.0
592	2691	1.0
220	1405	1.0
1689	1229	1.0
821	830	1.0
1283	949	1.0
1038	1471	1.0
2026	2378	1.0
924	1417	1.0
2501	2423	1.0
1258	1873	1.0
571	1525	1.0
1861	907	1.0
804	1440	1.0
1125	454	1.0
2540	2214	1.0
2500	2423	1.0
2511	2003	1.0
1609	432	1.0
1492	904	1.0
1679	1571	1.0
2501	2377	1.0
643	698	1.0
1688	1229	1.0
931	1063	1.0
189	416	1.0
1534	1278	1.0
726	94	1.0
431	2344	1.0
1460	2079	1.0
428	2454	1.0
123	125	1.0
2511	1978	1.0
2500	2386	1.0
2511	1979	1.0
1155	1532	1.0
813	1081	1.0
2240	2514	1.0
2500	2377	1.0
1752	2692	1.0
487	285	1.0
1561	2199	1.0
1135	2282	1.0
2183	2147	1.0
1124	542	1.0
1124	540	1.0
1688	1190	1.0
1232	855	1.0
2182	2179	1.0
2114	2624	1.0
571	1382	1.0
1714	469	1.0
1561	457	1.0
2625	1205	1.0
1492	852	1.0
1832	1833	1.0
1337	1028	1.0
718	2503	1.0
1494	775	1.0
639	1028	1.0
315	1597	1.0
1655	853	1.0
1423	1658	1.0
428	2256	1.0
589	700	1.0
428	2259	1.0
2025	428	1.0
178	886	1.0
931	1255	1.0
478	428	1.0
579	1123	1.0
874	921	1.0
1641	1356	1.0
1038	1611	1.0
1270	1313	1.0
352	731	1.0
71	1987	1.0
487	2277	1.0
345	964	1.0
1686	1456	1.0
410	754	1.0
1538	1349	1.0
880	701	1.0
428	2296	1.0
2590	2425	1.0
2177	2536	1.0
428	2307	1.0
804	1564	1.0
383	1838	1.0
431	2198	1.0
478	2659	1.0
1325	1544	1.0
539	403	1.0
478	464	1.0
220	1326	1.0
1714	417	1.0
1861	684	1.0
454	1359	1.0
1702	833	1.0
1329	1413	1.0
344	1099	1.0
109	499	1.0
137	2488	1.0
2504	2359	1.0
809	1343	1.0
1474	1475	1.0
490	47	1.0
2385	2461	1.0
1349	613	1.0
1096	1434	1.0
986	1103	1.0
2134	1926	1.0
1044	1436	1.0
290	2569	1.0
972	1603	1.0
158	1719	1.0
1432	1413	1.0
379	1964	1.0
1929	2115	1.0
1103	1480	1.0
768	256	1.0
584	1279	1.0
2635	1198	1.0
1291	430	1.0
2675	1353	1.0
1185	142	1.0
2237	2263	1.0
1969	2620	1.0
2544	2410	1.0
2424	1162	1.0
2300	1856	1.0
428	231	1.0
918	1339	1.0
2300	1855	1.0
2557	1905	1.0
2026	2694	1.0
1127	581	1.0
1185	121	1.0
2402	1989	1.0
1813	784	1.0
2537	2630	1.0
1291	2330	1.0
1714	42	1.0
4	464	1.0
1478	1253	1.0
319	2311	1.0
429	185	1.0
1288	500	1.0
400	1252	1.0
592	1033	1.0
639	1190	1.0
319	2334	1.0
1394	977	1.0
1911	2576	1.0
1778	2065	1.0
366	591	1.0
2291	2214	1.0
189	121	1.0
1447	949	1.0
340	1550	1.0
2553	2027	1.0
431	90	1.0
1733	1494	1.0
249	106	1.0
432	157	1.0
2179	2583	1.0
1258	1720	1.0
1329	1021	1.0
357	511	1.0
612	180	1.0
2560	1748	1.0
345	1446	1.0
2343	2198	1.0
2372	1127	1.0
319	2428	1.0
189	140	1.0
478	334	1.0
189	142	1.0
431	178	1.0
158	1290	1.0
2420	1269	1.0
162	1148	1.0
2239	2272	1.0
1521	1527	1.0
1054	1198	1.0
454	1270	1.0
340	1603	1.0
2697	2696	1.0
1525	1382	1.0
1083	2313	1.0
2357	1706	1.0
2471	1278	1.0
366	2573	1.0
1204	1631	1.0
2500	2148	1.0
1294	2285	1.0
194	11	1.0
427	319	1.0
2195	1956	1.0
2179	2546	1.0
109	899	1.0
379	179	1.0
1984	2079	1.0
2474	1193	1.0
416	713	1.0
1521	1525	1.0
2235	2209	1.0
379	2196	1.0
592	849	1.0
2501	2323	1.0
412	2595	1.0
158	1376	1.0
2608	2075	1.0
433	185	1.0
311	2514	1.0
2292	2291	1.0
412	2583	1.0
2343	382	1.0
454	1026	1.0
2644	2647	1.0
1314	1624	1.0
2613	1904	1.0
612	134	1.0
2330	2590	1.0
1525	1527	1.0
2500	2358	1.0
612	2341	1.0
1914	417	1.0
2411	1812	1.0
1688	1138	1.0
2187	2322	1.0
2343	2152	1.0
1717	1983	1.0
639	1328	1.0
344	1275	1.0
480	93	1.0
1729	1537	1.0
2471	1231	1.0
34	1702	1.0
2500	2323	1.0
639	1313	1.0
431	209	1.0
1329	1032	1.0
2236	2209	1.0
345	1313	1.0
2025	738	1.0
2661	1934	1.0
2599	2331	1.0
1460	1688	1.0
1835	1906	1.0
847	220	1.0
2134	2207	1.0
480	148	1.0
1911	2489	1.0
1583	1546	1.0
480	2301	1.0
728	1800	1.0
1594	1117	1.0
2134	2200	1.0
1717	42	1.0
1855	2646	1.0
2398	2204	1.0
1062	1011	1.0
1928	1847	1.0
480	137	1.0
789	2324	1.0
2089	249	1.0
1185	2200	1.0
428	400	1.0
1329	1112	1.0
1460	634	1.0
2614	1757	1.0
478	2410	1.0
71	256	1.0
478	230	1.0
428	392	1.0
584	1127	1.0
137	2232	1.0
1714	116	1.0
1729	1475	1.0
2308	1773	1.0
1394	906	1.0
1484	858	1.0
1911	2507	1.0
1880	1761	1.0
158	1453	1.0
586	1062	1.0
1529	152	1.0
592	2156	1.0
1011	878	1.0
1269	977	1.0
1994	277	1.0
122	732	1.0
1196	1631	1.0
672	1600	1.0
748	704	1.0
158	1018	1.0
968	307	1.0
700	589	1.0
383	2133	1.0
592	2183	1.0
2398	2406	1.0
2557	859	1.0
504	2030	1.0
1714	1979	1.0
639	442	1.0
1255	1465	1.0
1941	2251	1.0
379	2292	1.0
2216	345	1.0
1313	1270	1.0
1601	1294	1.0
379	2291	1.0
1714	1983	1.0
1291	2081	1.0
2407	2079	1.0
2584	2334	1.0
884	1211	1.0
539	2194	1.0
1307	1500	1.0
220	2564	1.0
2117	2126	1.0
209	1271	1.0
1375	870	1.0
431	382	1.0
2538	1847	1.0
893	890	1.0
428	494	1.0
1005	2147	1.0
1714	2003	1.0
748	738	1.0
644	223	1.0
748	742	1.0
143	1548	1.0
2584	2311	1.0
137	160	1.0
1912	1099	1.0
582	581	1.0
560	35	1.0
592	200	1.0
1219	834	1.0
496	468	1.0
612	1353	1.0
2179	1794	1.0
713	1966	1.0
428	527	1.0
1291	219	1.0
1491	1489	1.0
2179	1796	1.0
2179	1789	1.0
584	2399	1.0
2587	2114	1.0
2108	2497	1.0
2234	2202	1.0
345	1672	1.0
639	384	1.0
1996	1908	1.0
146	1531	1.0
2172	2032	1.0
1725	1509	1.0
137	93	1.0
1026	1450	1.0
2176	1941	1.0
2338	2611	1.0
748	700	1.0
748	701	1.0
1609	950	1.0
416	996	1.0
1880	2356	1.0
586	2291	1.0
748	697	1.0
586	2292	1.0
158	1039	1.0
1291	2170	1.0
584	2372	1.0
555	168	1.0
650	2404	1.0
428	562	1.0
2395	2428	1.0
748	686	1.0
1725	1539	1.0
1225	2674	1.0
2659	1861	1.0
1177	255	1.0
1329	784	1.0
1369	992	1.0
1571	635	1.0
1137	1741	1.0
1492	1391	1.0
428	588	1.0
1655	1339	1.0
287	179	1.0
356	1095	1.0
1204	1196	1.0
2424	1602	1.0
1688	871	1.0
1323	1021	1.0
380	177	1.0
1323	1028	1.0
2177	1915	1.0
379	219	1.0
2338	2607	1.0
2003	1714	1.0
1663	1037	1.0
1891	2040	1.0
1819	1814	1.0
162	997	1.0
2544	1480	1.0
673	1461	1.0
490	2671	1.0
296	1783	1.0
861	1941	1.0
1594	1438	1.0
571	875	1.0
123	2401	1.0
1322	1081	1.0
1932	2403	1.0
889	897	1.0
2397	2564	1.0
2182	1789	1.0
767	182	1.0
2183	1749	1.0
433	429	1.0
589	187	1.0
431	525	1.0
2593	1853	1.0
989	1516	1.0
2521	2360	1.0
584	2569	1.0
2216	2651	1.0
612	1494	1.0
560	168	1.0
2500	864	1.0
345	2	1.0
612	1489	1.0
1216	820	1.0
1149	1356	1.0
1270	877	1.0
220	847	1.0
2406	2204	1.0
2182	1794	1.0
2182	1796	1.0
748	780	1.0
543	780	1.0
2410	2028	1.0
996	1232	1.0
1263	1105	1.0
996	1231	1.0
650	97	1.0
612	1500	1.0
319	992	1.0
2576	2389	1.0
379	287	1.0
428	659	1.0
431	548	1.0
718	1878	1.0
457	1749	1.0
2695	2332	1.0
2580	2280	1.0
1308	1658	1.0
277	2547	1.0
2560	842	1.0
968	323	1.0
428	675	1.0
1748	2435	1.0
2538	1928	1.0
555	307	1.0
1717	1714	1.0
2286	2312	1.0
287	2196	1.0
639	2674	1.0
428	697	1.0
644	2490	1.0
125	2401	1.0
231	392	1.0
1897	1852	1.0
334	464	1.0
72	662	1.0
1714	1717	1.0
143	1319	1.0
2176	2088	1.0
158	767	1.0
748	459	1.0
143	231	1.0
581	923	1.0
144	181	1.0
345	1882	1.0
1039	1197	1.0
431	2558	1.0
1730	1111	1.0
540	455	1.0
2183	1836	1.0
135	506	1.0
428	2659	1.0
1726	1266	1.0
1087	1583	1.0
1185	1785	1.0
571	1247	1.0
1797	834	1.0
2357	2247	1.0
431	652	1.0
748	490	1.0
641	592	1.0
571	1244	1.0
88	48	1.0
612	1669	1.0
2165	2522	1.0
2511	417	1.0
1260	1083	1.0
1260	1082	1.0
1912	861	1.0
2050	2307	1.0
673	1344	1.0
480	2637	1.0
2625	2703	1.0
1087	1546	1.0
1771	1765	1.0
571	1259	1.0
1870	2410	1.0
2368	1834	1.0
2227	2140	1.0
2113	2573	1.0
393	155	1.0
2133	1838	1.0
162	685	1.0
431	684	1.0
42	1714	1.0
169	2605	1.0
2604	1757	1.0
592	454	1.0
379	2584	1.0
220	713	1.0
1602	1430	1.0
2696	2199	1.0
504	1852	1.0
1637	2075	1.0
1005	787	1.0
639	619	1.0
1602	1429	1.0
2212	855	1.0
1861	549	1.0
2151	1193	1.0
1609	1221	1.0
673	1294	1.0
2560	1242	1.0
1607	1294	1.0
1269	789	1.0
1561	536	1.0
571	1201	1.0
639	2542	1.0
146	1225	1.0
504	1814	1.0
146	1219	1.0
1005	2484	1.0
427	837	1.0
1729	1111	1.0
1235	14	1.0
2170	2421	1.0
165	518	1.0
1886	1885	1.0
650	2124	1.0
2636	2232	1.0
1440	804	1.0
2176	2207	1.0
2509	323	1.0
2092	586	1.0
323	1028	1.0
748	589	1.0
1460	58	1.0
14	483	1.0
1254	1132	1.0
748	601	1.0
169	476	1.0
2538	2199	1.0
1155	820	1.0
704	2234	1.0
2507	2576	1.0
1555	952	1.0
162	714	1.0
2427	1687	1.0
540	542	1.0
2053	2063	1.0
748	621	1.0
748	610	1.0
2674	996	1.0
2120	2155	1.0
2176	2251	1.0
639	780	1.0
639	2466	1.0
584	644	1.0
412	1471	1.0
1137	1517	1.0
1232	1986	1.0
2176	2260	1.0
134	395	1.0
1460	46	1.0
1702	34	1.0
1760	2289	1.0
2018	1480	1.0
2176	121	1.0
748	527	1.0
1137	1559	1.0
2629	2630	1.0
2165	516	1.0
593	283	1.0
490	302	1.0
431	2488	1.0
748	543	1.0
1819	2030	1.0
691	446	1.0
1432	1182	1.0
2089	777	1.0
2180	2151	1.0
1762	2209	1.0
296	2079	1.0
2464	1935	1.0
168	560	1.0
135	1783	1.0
677	1015	1.0
612	1733	1.0
596	122	1.0
2424	1733	1.0
1216	581	1.0
83	296	1.0
1648	2075	1.0
345	317	1.0
340	496	1.0
639	2427	1.0
748	546	1.0
2637	2301	1.0
1460	2222	1.0
968	58	1.0
332	775	1.0
379	586	1.0
410	1607	1.0
296	211	1.0
1686	423	1.0
83	306	1.0
480	650	1.0
748	562	1.0
