251	1
1674	7
1674	6
1674	5
1674	4
847	6
1674	2
847	7
1674	1
847	2
847	3
847	4
2139	6
847	5
2139	7
2139	4
2139	5
2139	2
2139	3
2811	1
2139	1
2138	7
2141	2
3228	7
3228	5
2141	1
252	5
2141	6
252	6
2141	7
252	7
2141	4
2141	5
252	1
2811	4
252	2
2811	5
252	3
2811	2
2811	3
3228	4
3228	3
2811	6
3228	2
2811	7
3228	1
845	3
845	2
845	1
845	7
845	6
845	5
2812	5
2812	6
2812	7
251	6
251	7
251	4
2812	1
251	5
251	2
2812	3
251	3
2812	4
254	3
2143	4
2143	5
254	5
2143	2
851	1
254	6
2143	3
254	7
2143	1
851	6
3227	1
851	7
851	2
851	3
851	4
2143	6
851	5
2143	7
254	2
254	1
850	5
850	6
850	3
850	4
850	2
850	7
3227	6
3227	7
3227	2
3227	3
3227	4
3227	5
253	3
253	2
253	7
253	6
253	5
253	4
3225	3
3225	2
3225	1
3225	7
3225	6
3225	5
3225	4
2145	3
2145	1
1668	6
1668	5
1668	7
2816	1
2816	2
2816	3
2816	4
2816	5
2816	6
2816	7
1668	1
1668	2
1668	3
1668	4
1681	1
1681	3
1681	2
840	7
840	5
840	6
840	3
840	4
840	1
840	2
1313	2
1313	3
1313	1
1681	4
1681	5
1681	6
1681	7
1680	7
1680	6
1680	5
1680	4
1680	3
1680	2
1680	1
2145	6
2145	7
2145	4
2145	5
243	3
2804	4
243	2
243	5
2804	2
243	4
2804	1
243	7
243	6
3224	7
3224	5
3224	6
3224	4
3224	1
3224	2
1679	7
1679	6
1314	7
2148	2
2148	3
2148	4
1314	2
245	6
2804	5
3221	1
1314	1
245	7
2804	6
245	4
2804	7
1679	1
3221	3
245	5
3221	2
1314	6
245	2
1679	3
1314	5
245	3
1679	2
3221	4
1314	4
1679	5
3221	7
1314	3
245	1
3221	6
2148	6
2148	5
2148	7
3222	6
3222	5
2147	5
3222	4
2147	2
3222	3
2147	3
2147	6
3222	7
2147	7
1313	5
2805	2
1313	4
2805	3
1313	7
1313	6
2805	1
2805	6
3222	2
2805	7
3222	1
2147	1
2805	4
1309	6
1309	7
1309	4
1309	5
1309	2
247	5
1309	3
247	4
247	3
1309	1
247	2
844	3
844	4
247	6
844	2
247	7
844	7
844	5
844	6
1308	1
1308	2
1308	3
1308	4
246	2
246	1
246	4
246	3
246	6
246	5
1308	5
1308	6
246	7
1308	7
2149	7
2149	4
2149	5
2149	2
2149	3
2149	1
1677	7
1677	5
1677	4
1677	3
1677	2
1677	1
2151	7
2151	6
842	2
842	1
842	6
842	5
842	3
2808	1
842	7
2808	3
2808	4
2808	5
1676	2
2808	6
1676	1
2808	7
1676	4
1676	3
1676	6
1676	5
1676	7
248	5
248	6
248	7
2809	2
248	2
2809	3
248	3
248	4
2809	1
2809	6
2809	7
2151	1
2809	4
2809	5
2151	5
2151	2
2151	3
1305	6
1305	7
1305	4
833	3
833	2
833	1
3217	4
3217	5
3217	6
3217	7
1305	2
1305	3
1305	1
3217	1
3217	3
3217	2
263	6
263	7
1306	1
1306	2
1306	3
1306	5
1306	6
833	4
833	5
833	6
833	7
1658	3
1658	4
1658	5
1658	6
831	7
1658	1
831	6
1658	2
831	5
831	4
831	3
831	2
831	1
265	6
265	7
265	4
265	5
265	2
265	3
1306	7
832	6
832	7
832	2
832	1
832	4
832	3
2127	6
2127	7
2127	4
2127	5
2127	2
2127	3
2127	1
1658	7
836	7
1656	2
1656	1
836	5
1656	4
836	6
1656	3
1656	6
1656	5
1656	7
2800	2
2128	2
2800	1
2128	1
2800	4
2128	4
2800	3
2128	3
836	4
2800	6
2128	6
836	3
2800	5
2128	5
836	2
2800	7
2128	7
268	1
2129	6
268	2
2129	7
268	3
2129	4
268	4
2129	5
1657	3
1657	2
1657	1
1657	7
3213	3
1657	5
3213	1
1657	4
268	5
3213	7
268	6
3213	6
268	7
3213	5
3213	4
2129	3
2129	2
2129	1
2802	3
3212	2
2802	4
3212	1
2802	5
3212	4
2802	6
3212	3
2802	1
2802	2
2802	7
3212	6
3212	7
834	6
834	5
834	4
834	3
834	2
834	1
834	7
2131	1
3211	7
3211	6
3211	5
2801	7
3211	4
2801	4
1655	7
3211	3
2801	5
1655	6
3211	2
2131	6
2131	7
2131	4
270	1
2131	2
2131	3
2801	3
1655	4
2801	2
1655	5
3211	1
2801	1
1655	2
1655	3
1655	1
3210	2
3210	1
3210	5
3210	4
3210	3
257	1
1298	7
2790	6
2790	5
257	3
2790	4
257	2
2790	3
2132	4
2132	3
2132	2
2790	7
2132	1
1298	1
3210	7
1298	2
1298	3
2790	2
1298	4
2790	1
1298	5
1298	6
1667	3
3209	5
1667	2
3209	4
3209	7
1667	4
3209	6
1667	7
1667	6
2132	6
2132	7
257	6
3209	1
257	7
1667	1
3209	3
257	5
3209	2
1299	4
1299	5
1299	2
1299	3
827	1
1299	6
1299	7
2789	1
2789	3
2789	2
1299	1
2789	4
2789	7
2789	6
2133	6
2133	7
2133	4
2133	2
2133	3
2133	1
1300	1
1665	2
1300	2
1665	3
1300	3
1300	4
1665	1
259	4
259	5
259	2
259	3
259	6
259	7
1665	5
3207	7
259	1
1300	7
1665	4
3207	6
1300	6
1665	7
1300	5
1665	6
2793	3
2793	2
2793	1
829	1
260	2
2793	7
260	1
2793	6
829	3
260	4
829	2
260	3
2793	4
829	5
829	4
829	7
829	6
1663	1
260	5
1663	5
260	6
1663	4
260	7
1663	3
1663	2
1663	7
1663	6
3207	5
3207	4
3207	3
3207	2
261	6
2136	1
261	7
2136	2
261	4
2136	3
261	5
2136	4
261	2
261	3
2136	6
2136	7
261	1
827	7
827	6
827	3
827	2
827	5
827	4
1661	6
1661	7
1661	4
1661	5
1661	2
1661	3
1661	1
3205	7
3205	6
3205	4
3205	3
3205	2
3205	1
828	3
828	2
828	1
1662	1
1662	2
828	7
828	6
828	5
1662	7
1662	4
1662	6
1662	5
2138	3
263	1
2138	4
2138	5
2138	6
263	4
263	5
263	2
263	3
2138	2
225	1
225	3
225	2
2113	6
2113	7
2113	4
2113	5
3257	1
3257	3
3257	4
3257	5
3257	6
3257	7
2113	1
2113	3
2113	2
872	3
872	4
872	1
872	2
872	7
872	5
1699	1
872	6
1699	3
1699	2
1699	5
1699	4
1699	7
1699	6
875	7
1292	1
875	6
1292	2
1292	3
1292	4
2782	7
875	3
2782	6
875	2
2782	5
875	5
2782	4
875	4
2782	3
3258	5
3258	6
2112	7
3258	3
2112	6
3258	4
2112	5
1292	5
3258	1
2112	4
3258	2
2112	3
1292	7
2112	2
2112	1
2782	1
2782	2
875	1
2783	3
1701	4
2111	3
1701	5
2111	2
1291	6
2783	5
1701	6
2111	5
1291	7
2783	4
1701	7
2111	4
1291	5
1701	1
1291	2
2783	1
1701	2
2111	1
1291	3
1701	3
2783	7
2111	7
2783	6
3258	7
1291	1
1697	3
1697	2
1697	1
2787	5
2787	4
2787	3
2787	2
2787	7
2787	6
3252	7
3252	5
3252	6
2787	1
876	7
876	5
876	6
2788	5
2788	6
2788	7
876	3
876	4
876	1
876	2
1289	6
1289	7
1289	4
227	7
227	6
227	5
2788	2
227	4
2788	1
227	3
2788	4
227	2
2788	3
3253	1
3253	2
3253	3
1289	2
1289	3
3253	5
3253	6
1289	1
3253	7
226	7
2115	7
2115	5
2115	4
2115	3
2115	2
2115	1
878	7
226	2
226	1
878	4
226	4
878	3
226	3
878	6
226	6
878	5
226	5
878	1
878	2
2786	7
225	7
2786	4
225	6
2786	3
225	5
225	4
2786	5
1697	4
1287	6
2786	2
1697	6
1287	7
2786	1
1697	7
2120	1
2120	2
2120	4
2120	5
2120	6
2120	7
3249	1
1707	1
3249	3
3249	2
1707	2
3249	4
1707	3
3249	5
1707	4
3249	6
1707	5
3249	7
2777	1
1707	7
2777	3
2777	2
2777	5
1287	1
2777	4
2777	7
2777	6
1287	4
1287	5
1287	2
1287	3
865	4
865	5
865	6
2119	6
865	7
2119	7
1706	2
1706	1
1706	6
1706	5
1706	4
1706	3
1706	7
2778	2
2778	1
2778	6
2778	5
2778	4
2778	3
868	4
868	1
868	2
3251	1
868	7
868	6
868	5
3251	6
2119	3
3251	7
2119	2
2119	5
3251	2
3251	3
3251	4
2119	1
3251	5
867	6
1284	2
867	7
1284	1
1284	3
867	2
215	2
867	3
215	3
867	4
215	4
867	5
215	5
215	7
215	6
1708	4
1708	1
1708	2
1284	5
1284	6
1284	7
3252	3
3252	4
3252	1
3252	2
1708	7
1708	5
1708	6
1283	4
1283	5
1283	2
1283	3
1283	6
1283	7
1283	1
870	5
2124	5
870	6
2124	6
870	3
2124	7
870	4
870	7
870	1
2124	1
870	2
2124	2
2124	3
2124	4
220	6
2123	1
220	5
220	7
220	2
220	1
220	4
220	3
2123	4
2123	5
869	2
2123	2
869	3
2123	3
869	4
869	5
869	6
2123	6
869	7
2123	7
1705	4
3247	6
1705	5
3247	7
1705	6
1705	7
3247	2
1705	1
3247	3
1705	2
3247	4
1705	3
3247	5
1281	6
1281	7
2778	7
871	7
1281	4
1281	5
3247	1
2779	1
3248	7
3248	5
3248	6
3248	3
3248	4
3248	1
3248	2
1704	7
2779	7
1704	5
2779	6
2779	5
1704	3
2779	4
1704	4
2779	3
1704	1
2779	2
1704	2
871	2
1281	1
871	3
871	4
1281	3
871	5
1281	2
871	1
3243	6
3243	7
3243	3
3243	4
3243	5
1685	5
1685	4
1685	7
1685	6
1685	1
1685	3
1685	2
3243	1
2770	6
2770	5
2770	4
2770	3
2770	2
2770	1
1280	5
2100	4
1280	6
2100	3
1280	7
2100	2
2100	1
1280	1
1280	2
1280	3
2770	7
2769	5
1687	6
2769	4
1687	7
2769	7
2769	6
860	3
860	4
860	1
860	2
860	7
1687	1
860	6
1687	3
2769	1
1687	2
2769	2
1687	5
2769	3
1687	4
2098	2
2098	1
2098	6
2098	5
2098	4
2098	3
237	5
237	7
237	6
2098	7
237	1
237	3
237	2
862	7
862	5
862	6
862	3
862	4
862	2
3239	6
3239	7
242	7
3239	5
3239	4
1683	7
3239	3
1683	6
3239	2
1683	5
3239	1
1683	4
1683	3
1683	2
1683	1
242	1
242	2
242	3
242	4
242	5
2103	6
242	6
2103	7
2103	5
2103	4
2103	2
2103	1
864	3
1274	2
864	4
1274	1
864	2
864	7
1274	6
1684	2
1274	5
1684	1
864	5
1684	4
864	6
1274	3
1684	3
2100	6
2100	5
2100	7
865	1
865	2
865	3
240	6
240	5
240	7
240	2
240	4
240	3
1274	7
1684	7
3240	3
2101	3
3240	4
2101	2
1684	5
3240	1
2101	1
3240	2
3240	7
2101	7
2101	6
3240	5
2101	5
3240	6
2101	4
1692	4
1692	3
1692	2
1692	1
1692	7
1692	6
852	2
2106	6
852	1
2106	5
852	4
2106	4
852	3
2106	3
2106	2
2106	1
852	7
2106	7
852	5
2763	1
2763	7
2763	6
2763	3
2763	2
2763	4
853	1
853	2
853	3
853	4
853	5
853	6
1270	2
853	7
1270	1
1270	4
2762	1
1270	3
2762	2
1270	6
1270	7
2762	6
2762	3
2762	4
229	5
229	7
229	6
2762	7
229	1
3238	1
3238	2
229	3
229	2
3238	5
3238	6
3238	4
3238	7
2761	1
2761	2
2761	3
1271	1
2761	4
2761	5
2761	6
2761	7
1271	5
1271	4
1271	3
1271	2
3237	1
3237	2
1271	7
3237	3
3237	5
3237	6
3237	7
855	3
2109	7
855	2
2109	6
855	5
2109	5
855	4
2109	4
2109	2
2109	1
1689	7
1689	6
1689	5
1689	4
1689	2
1689	1
855	6
855	7
2110	2
2110	1
235	1
1269	6
1269	7
1269	4
1269	5
1269	2
1269	1
856	7
2110	7
235	5
856	5
235	2
856	6
235	3
856	3
2110	3
856	4
2110	4
235	6
2110	5
856	2
235	7
2110	6
3234	7
3234	2
3234	5
3234	6
3234	3
3234	4
2765	1
2765	2
2765	3
2765	4
2765	6
2765	7
309	1
2198	2
2198	1
309	2
309	5
309	4
2868	7
309	7
2868	6
309	6
1726	1
1726	2
2198	7
2198	6
2198	5
2198	4
2198	3
1726	7
1726	6
1726	5
1726	4
1726	3
2869	5
2869	7
2869	6
2869	1
2869	3
2869	2
1725	5
1725	6
1725	7
1725	1
1725	2
1725	3
1262	4
1262	5
1262	6
1262	7
311	3
311	2
311	5
311	4
311	1
2200	3
2200	4
2200	1
2200	2
311	6
2200	7
311	7
2200	6
1262	2
1262	1
1264	5
1264	7
1264	2
1264	1
1264	4
1264	3
3285	7
3285	6
3285	5
3285	4
1729	7
3285	3
1729	6
3285	2
3285	1
1729	4
306	7
2195	7
2195	6
2195	5
2195	4
2195	3
2195	2
2195	1
306	2
306	1
306	4
306	3
306	6
305	2
305	3
305	1
1729	1
1729	2
1729	3
2194	7
305	7
2194	4
305	6
305	5
2194	6
305	4
2194	5
2194	2
2194	1
790	3
790	4
790	5
790	6
790	7
790	1
790	2
1728	3
1728	4
1728	1
1728	2
1728	7
1728	6
1265	3
1265	2
1265	1
789	2
789	3
789	1
789	6
789	7
789	4
789	5
1727	6
1727	7
307	7
307	6
307	5
2868	2
307	4
2868	1
307	3
2868	4
307	2
2868	3
1265	6
1265	7
1265	5
1727	1
1727	2
1727	3
1727	4
1254	2
1733	5
1254	1
1733	4
1733	7
1733	6
1733	1
1733	3
1733	2
1254	7
1254	6
1254	5
1254	4
1254	3
302	6
302	5
302	4
302	3
302	7
2205	5
2205	4
2205	7
2205	6
2205	1
2205	3
2205	2
302	1
302	2
2204	4
2204	3
2204	2
2204	1
2204	7
2204	6
2204	5
2863	1
1255	6
1255	7
2863	3
2863	2
3273	1
2863	5
3273	2
2863	4
2863	7
3273	4
2863	6
3273	5
3273	6
3273	7
2206	5
2206	6
786	1
2206	3
786	2
2206	4
786	3
786	4
786	5
2206	7
786	6
786	7
1255	1
1255	3
1255	2
1255	4
1730	1
1730	2
1730	5
1730	6
1730	3
1730	4
2864	4
2864	3
2864	2
1730	7
2864	1
2206	2
2864	7
2206	1
2864	6
2864	5
2202	4
2202	6
2202	5
2202	2
2202	1
1736	6
1736	5
1736	7
1736	2
1736	1
1736	4
1736	3
2201	7
2201	6
2201	5
2201	4
2201	3
298	7
2201	2
2859	7
2859	6
2859	5
2859	4
2859	3
2859	2
2859	1
298	1
298	2
298	3
298	4
298	5
3279	7
298	6
3279	6
1256	6
3279	5
1256	5
3279	4
3279	3
1256	7
3279	2
1256	2
3279	1
1256	1
1256	4
1259	4
1259	5
1259	2
1259	3
1259	7
783	6
783	7
1259	1
783	1
783	4
783	2
783	3
2861	3
2861	2
2861	1
2861	7
2861	6
2861	5
2861	4
1258	7
1258	2
1258	1
1258	4
1258	3
1258	6
1258	5
2202	7
2855	7
2183	7
2855	6
2183	6
1246	1
1246	2
1246	6
3269	1
1246	4
1246	3
3269	2
3269	5
3269	4
3269	7
1246	7
3269	6
781	2
781	3
781	1
781	6
781	7
781	4
781	5
2184	4
2184	3
2184	2
2184	1
2184	7
2184	6
2184	5
3268	4
3268	1
3268	2
3268	7
3268	6
3268	5
2855	1
2855	5
2855	2
2855	3
2185	1
2185	2
2185	5
2185	4
2185	7
2185	6
1248	7
1248	6
1710	2
1248	5
1710	1
1248	3
1248	2
1248	1
2856	7
2856	6
1710	7
2856	5
2856	4
1710	5
2856	3
1710	6
1710	3
2856	1
1710	4
2186	6
2186	5
2186	4
2186	3
2186	2
2186	7
2852	1
2852	2
2852	3
2852	4
1715	2
1715	3
1715	4
1715	5
1715	6
1715	7
2852	6
2852	5
2852	7
1715	1
2851	4
2851	5
1250	7
778	1
2851	2
778	2
2851	3
778	3
778	5
2851	6
778	6
2851	7
1250	2
1250	1
1250	3
1250	6
1250	5
778	7
1713	1
1251	7
1713	3
1251	6
1713	2
1251	5
1251	4
1251	3
1251	2
1251	1
775	6
775	7
2854	7
321	3
2854	4
321	2
2854	3
321	1
2854	6
2854	5
2854	2
2854	1
1713	4
1713	5
1713	6
1713	7
1252	2
1252	1
1252	4
1252	3
321	4
321	5
321	6
321	7
2183	5
2183	4
2183	3
2183	2
2183	1
1714	7
1714	5
1714	6
1714	3
1714	4
1252	5
1714	1
1252	6
1714	2
1252	7
3262	6
3262	5
3262	4
3262	7
2190	6
2190	5
2190	4
2190	3
2190	7
3262	1
3262	2
1240	4
1719	7
1240	3
1719	6
1240	2
1240	1
1240	7
1240	6
1240	5
2848	1
775	1
2848	2
2848	3
2848	4
775	4
775	5
2848	6
775	2
2848	7
316	4
316	3
316	2
316	1
1719	1
1719	2
316	7
1719	3
316	6
316	5
1719	5
772	5
772	6
772	7
3260	3
3260	4
3260	1
3260	2
772	2
772	1
2192	7
317	3
772	4
2192	6
317	2
772	3
2192	5
317	5
3260	7
2192	4
317	4
2192	3
317	7
3260	5
317	6
2192	1
318	5
773	6
318	6
773	7
318	3
773	5
773	2
773	3
318	7
773	1
1242	6
1242	5
1242	4
1242	3
1242	2
1242	1
1717	4
1717	6
1717	7
1717	1
1717	2
1717	3
318	2
318	1
1722	1
1722	2
1722	6
1722	3
1243	1
1722	4
312	6
312	5
312	7
312	2
312	1
312	4
312	3
770	7
3265	7
1242	7
3265	6
770	1
3265	5
770	2
3265	4
770	3
770	4
770	6
313	7
313	6
3265	1
313	5
3265	2
313	4
313	3
313	2
313	1
771	4
771	2
771	3
771	6
771	7
1243	5
1243	4
1722	7
1243	2
771	1
1243	7
1243	6
769	1
314	2
769	3
314	1
769	2
314	4
314	3
314	6
2847	7
314	5
2847	5
2847	4
2847	3
2847	2
2847	1
1244	6
1244	5
1244	7
1244	2
1244	1
1244	4
1244	3
2190	2
2190	1
1721	4
1721	5
1721	6
1721	7
2846	7
1721	1
1721	2
1721	3
2846	4
2846	3
2846	6
2846	5
2846	1
2846	2
314	7
769	6
769	7
769	5
283	7
283	6
2842	7
283	3
283	2
283	5
283	4
3308	7
3308	6
3308	5
2843	1
1752	4
1752	2
1752	1
3308	4
1752	7
3308	3
1752	6
3308	2
1752	5
3308	1
1751	1
1751	2
1751	3
1751	4
1751	5
2843	3
2171	3
820	7
2843	2
2171	2
820	6
2171	5
820	5
2843	4
2171	4
2843	7
2171	7
2843	6
2171	6
282	7
3309	1
3309	3
1234	7
3309	2
3309	4
3309	7
3309	6
1234	2
1751	7
1751	6
1234	6
1234	5
1234	4
1234	3
1233	1
1233	2
1233	3
1754	6
3310	2
1754	5
3310	1
2171	1
282	1
1754	4
282	2
1754	3
282	3
1754	2
282	4
1754	1
282	5
282	6
1233	5
1233	4
1233	7
1233	6
822	7
822	6
822	5
822	4
822	3
822	2
3310	7
3310	3
3310	5
3310	6
2842	3
2842	4
2842	6
1753	5
1753	4
2842	1
1753	7
2842	2
1753	6
1753	1
1753	3
1753	2
1755	5
3311	1
1755	4
1755	3
3311	5
3311	4
1755	7
1238	1
1755	6
3311	2
1238	4
2839	1
1238	3
1238	6
3311	7
1238	5
3311	6
2839	4
2839	5
1238	7
2839	2
2839	3
280	6
280	5
2839	7
280	7
280	2
2169	3
280	1
2169	2
280	4
2169	1
280	3
2169	7
2169	6
2169	5
2169	4
1754	7
1755	1
2837	7
2837	4
2837	5
2837	2
2837	3
1236	5
278	2
2837	1
1236	7
278	3
2167	4
278	4
2167	5
278	5
2167	2
278	6
2167	3
278	7
2167	1
2167	7
2167	6
820	2
820	1
820	3
1756	2
1756	1
2838	1
1756	4
2166	1
2838	2
1756	3
2166	2
2838	7
2166	7
2838	3
2838	4
1756	5
2166	4
2838	5
2166	5
2838	6
1756	7
2166	6
1236	3
1236	4
1236	1
1236	2
1228	7
1228	6
1228	4
1228	3
1228	2
1228	1
2179	3
2179	5
2179	4
2179	7
2179	6
814	6
814	5
814	4
814	3
2179	1
814	7
3302	6
3302	5
3302	4
3302	3
814	1
814	2
3302	7
3302	2
3302	1
275	4
275	5
275	2
275	3
2834	7
275	6
275	7
2834	3
2834	5
2834	6
275	1
2834	1
2834	2
816	7
816	6
816	5
816	4
816	3
816	2
1760	7
1760	6
1760	4
1760	3
1760	2
1760	1
1225	4
1225	5
1225	7
1225	1
1225	2
1225	3
811	5
811	4
811	3
811	2
811	7
811	6
2176	2
2176	1
2176	4
2176	3
2176	6
2176	5
2176	7
1231	1
1231	5
1231	4
1231	3
1231	2
2832	1
2832	2
1231	7
2832	4
1231	6
2832	5
811	1
2832	6
2832	7
2175	1
2175	5
2175	4
2175	3
2175	2
2175	7
2175	6
1230	3
1230	6
1230	5
1230	7
2174	7
1764	5
3306	7
2174	4
1764	6
2174	3
1764	7
2174	6
2174	5
1230	1
1230	2
271	1
271	4
271	5
271	2
271	3
1764	2
3306	4
1764	1
3306	3
271	6
1764	4
3306	6
2174	1
271	7
3306	5
2174	2
3306	2
3306	1
812	2
812	1
812	4
812	3
812	6
812	5
812	7
270	3
2831	4
270	4
2831	5
270	5
2831	2
270	6
270	7
2831	1
2173	6
2173	7
2173	4
2173	5
2173	2
2173	3
2831	6
2831	7
2173	1
807	4
807	5
807	2
2158	1
807	3
2158	2
3295	7
3295	6
3295	3
3295	2
3295	5
3295	4
3295	1
3294	1
3294	2
2158	7
807	7
2158	6
807	6
2158	5
2158	4
2158	3
2829	7
2829	4
2829	5
2829	2
2829	3
2829	1
1221	5
1221	4
1221	7
1221	6
3294	7
1221	1
3294	6
3294	5
1221	3
3294	4
1221	2
3294	3
1218	7
1218	1
1218	2
1218	5
1218	6
1218	3
1218	4
295	4
2156	5
295	5
2156	6
2156	7
295	3
3297	1
295	1
3297	3
3297	2
2156	1
2156	2
2156	4
295	7
295	6
803	1
2154	3
2154	4
803	6
2154	5
803	7
2154	6
803	4
803	5
803	2
2154	1
803	3
2154	2
293	3
293	2
293	1
293	7
293	6
2154	7
293	5
293	4
1741	4
1741	5
1741	6
1741	7
1741	1
1741	2
1741	3
1224	5
1224	7
1224	2
3297	7
1224	1
3297	6
1224	4
3297	5
1224	3
3297	4
1742	1
1742	2
291	1
1742	3
1742	6
1742	5
1742	7
291	6
291	7
291	4
3300	2
291	5
3300	1
291	2
3300	4
291	3
3300	5
3300	6
3300	7
1222	1
1222	2
1222	5
1222	3
1222	4
1222	7
1743	1
2823	6
2823	7
3299	1
1743	4
1743	3
1743	2
3299	5
3299	4
1743	7
3299	3
1743	6
3299	2
3299	7
3299	6
806	2
806	1
806	3
806	6
806	5
806	7
800	5
2823	4
800	6
2823	5
800	7
2823	2
2823	3
800	1
800	2
800	3
800	4
3288	7
3288	6
3288	5
3288	4
3288	3
3288	2
3288	1
1744	7
1744	5
1744	6
1744	3
1744	4
1744	1
1744	2
289	5
289	4
289	7
289	6
3287	7
1745	4
3287	6
1745	7
1745	6
3287	2
1745	1
3287	3
1745	2
3287	4
1745	3
3287	5
3287	1
2165	5
2165	4
2165	7
2165	6
2165	1
2165	3
2165	2
2163	5
2163	2
2163	3
2163	6
2163	7
2821	2
2821	3
2821	1
2821	6
2821	7
2163	1
2821	4
2821	5
1211	2
1211	3
1211	4
1211	5
1211	6
1211	7
289	3
3289	4
3289	7
289	1
3289	6
3289	1
3289	3
3289	2
1212	7
1212	5
802	7
1212	6
802	2
802	1
802	6
1212	3
1212	4
802	4
802	3
1212	2
286	4
286	3
286	6
286	7
1748	3
1748	4
1748	1
1748	2
796	1
796	2
796	3
3291	7
796	4
3291	6
3291	5
3291	4
3291	3
3291	2
796	5
796	6
286	1
796	7
286	2
2818	3
2818	5
2818	6
1748	6
1748	5
2818	1
2818	2
1748	7
797	6
797	7
797	4
797	5
797	2
2818	7
797	3
797	1
1215	1
1215	2
1215	3
1215	4
1215	5
1215	6
1215	7
2817	6
2817	7
2817	4
2817	5
2817	3
2817	2
1750	2
1750	1
285	6
1750	4
285	7
1750	3
285	4
1750	6
285	5
1750	5
285	2
285	3
1750	7
285	1
3113	6
3113	7
3113	4
3113	5
3113	2
353	5
3113	3
353	4
353	7
3113	1
353	6
1569	6
1569	7
1569	5
354	7
1570	7
354	2
1570	3
354	1
1570	4
1570	5
1570	6
354	6
354	5
354	4
1570	1
354	3
1570	2
355	7
355	6
355	3
727	3
355	2
727	2
355	5
727	5
355	4
727	4
355	1
2695	1
2695	5
2695	2
2695	3
727	6
727	7
1569	1
1204	3
1204	2
1569	3
1204	1
1569	2
2038	1
2696	7
2038	2
2696	5
2696	6
2696	3
2696	4
2696	1
2696	2
1566	2
1566	1
2038	7
2038	5
2038	6
2038	3
2038	4
1566	7
1566	6
1566	3
1566	4
2695	6
2695	7
2039	2
2039	3
2039	4
2039	5
3109	4
1567	2
3109	5
1567	3
3109	6
1567	4
3109	7
1567	5
2039	7
358	2
3109	1
2039	6
358	1
3109	2
3109	3
358	6
358	5
358	4
358	3
1567	6
1567	7
358	7
1199	1
1199	3
1564	4
1199	2
1564	3
1199	5
1564	2
1199	4
1564	1
1199	7
2698	1
1199	6
1564	7
1564	6
3108	4
2698	5
3108	3
2698	6
3108	2
2698	3
3108	1
2698	4
3108	7
3108	5
3108	6
2698	7
731	1
731	4
731	5
731	2
731	3
2697	1
731	6
2697	2
731	7
2697	4
1565	1
2697	5
2697	6
1565	3
2697	7
1565	5
1565	4
1565	7
1565	6
2041	1
2041	3
2041	2
2041	4
2041	7
2041	6
736	7
736	5
1563	1
736	6
736	3
2700	5
736	4
2700	6
736	1
2700	7
736	2
2700	2
2700	3
2700	4
3120	5
3120	6
3120	7
3120	1
3120	2
3120	3
3120	4
360	4
360	3
360	2
360	1
1562	7
360	7
360	6
360	5
2029	6
2029	7
2029	4
2029	5
1209	5
2029	3
1209	4
1209	7
2029	1
1209	6
1209	1
1209	3
1209	2
361	5
361	4
361	7
361	6
3119	7
3119	4
3119	5
3119	2
1563	6
3119	3
1563	7
361	1
1563	4
3119	1
1563	5
361	3
1563	2
361	2
2030	1
2702	1
2702	2
3118	3
3118	4
3118	5
3118	6
3118	7
2701	2
1562	2
2701	3
1562	1
2701	1
2701	6
1562	6
3118	1
2701	7
1211	1
2701	4
1562	4
2701	5
1562	3
363	6
363	7
363	2
363	4
363	5
363	1
2030	6
2030	5
2030	4
2030	3
2030	7
364	4
364	3
364	2
364	1
3117	5
364	7
3117	6
364	6
3117	7
364	5
3117	1
3117	2
3117	3
739	1
1204	7
1204	6
1204	5
739	6
739	7
739	5
739	2
739	3
740	6
740	5
740	7
365	1
365	3
365	2
365	5
365	4
365	7
365	6
2702	7
2702	5
2702	6
2702	4
740	1
740	3
740	4
3115	2
3115	3
3115	4
3115	5
3115	6
3115	7
366	2
366	1
1206	2
1206	6
1206	5
1206	4
1206	3
3115	1
1206	7
2034	2
2034	1
3114	7
2034	6
2034	5
2034	4
2034	3
2034	7
366	7
366	3
366	5
366	6
3114	1
3114	6
3114	5
3114	4
3114	3
1188	3
1188	4
1188	1
1188	2
1556	5
1556	6
1556	7
716	7
716	5
3099	1
1188	7
1188	6
1188	5
716	3
716	4
716	1
716	2
2679	1
367	7
2679	5
367	6
2679	4
2679	3
2679	2
3099	4
367	3
367	2
3099	2
367	5
3099	3
367	4
3099	6
367	1
3099	7
1556	4
1556	3
1556	2
1556	1
2679	6
2679	7
714	6
714	5
714	4
714	3
714	2
714	1
1555	7
370	7
3097	5
1555	3
3097	4
1555	2
3097	7
1555	5
3097	6
1555	4
370	2
3097	3
1555	1
3097	2
370	5
370	6
370	3
714	7
370	4
2681	6
2681	7
2681	4
1189	5
2681	2
1189	4
2681	3
1189	7
1189	6
2681	1
1189	1
1189	3
1189	2
2025	1
2025	2
2025	3
2025	5
3095	1
2025	6
2025	7
3095	3
3095	2
3095	5
3095	4
3095	7
372	4
372	3
372	2
2682	2
372	1
2682	1
2682	4
2682	6
2682	5
2682	7
1552	4
1552	2
1552	1
1552	7
1552	6
1552	5
371	1
371	7
371	6
371	3
371	2
371	5
371	4
1551	3
3093	5
1551	2
3093	4
1186	5
1551	5
3093	7
1186	4
1551	4
3093	6
1186	3
3093	1
1186	2
1186	1
1551	1
3093	3
3093	2
2027	1
1551	7
1186	7
2027	7
2027	6
2027	3
2027	2
2027	5
2027	4
3094	2
372	5
3094	1
372	6
372	7
1550	7
1550	6
1550	5
1550	4
1550	3
3094	7
3094	6
3094	4
3094	3
717	5
717	4
717	7
717	6
717	1
717	3
717	2
723	2
723	3
723	4
723	5
1550	2
723	6
1550	1
723	7
3105	6
3105	7
3105	4
3105	5
1549	1
1549	3
1549	2
1549	5
1549	4
1549	7
1549	6
1194	7
1194	1
1194	2
1194	5
1194	6
1194	3
1194	4
2017	2
377	4
1197	5
2017	3
377	5
1197	4
377	6
1197	7
2017	1
377	7
1197	6
1197	1
1548	7
1548	6
1197	3
2687	6
1548	5
1197	2
2687	7
1548	4
1548	3
2687	5
1548	2
2687	2
1548	1
2687	3
377	1
2687	1
377	2
2688	5
2016	6
2688	6
3105	3
2016	7
2688	7
3105	2
2016	1
2688	1
2016	2
2688	2
2016	3
2016	4
2688	4
1547	7
1547	6
376	4
376	1
376	2
1547	3
376	7
1547	2
1547	5
376	5
1547	4
376	6
720	7
720	6
1547	1
720	5
720	4
720	3
720	2
379	1
2018	1
2018	2
2018	5
378	7
2018	6
2018	3
726	1
2018	4
726	2
726	3
726	4
2018	7
726	5
726	6
726	7
3103	1
3103	2
3103	3
3103	4
3103	5
3103	6
378	6
3103	7
378	5
378	4
378	2
378	1
2017	5
2017	6
2017	7
2020	7
2020	6
1193	1
1193	3
1193	2
724	5
724	6
724	7
2020	3
2020	4
2020	1
2020	2
1193	5
1193	4
1193	7
1193	6
724	4
724	3
724	1
379	4
379	5
1192	7
379	2
1192	6
1192	5
1543	7
1192	4
1543	6
1192	3
379	6
1192	2
379	7
1192	1
3101	5
3101	4
3101	7
3101	6
3101	1
3101	3
3101	2
1595	4
1595	5
1595	2
1595	3
327	7
327	6
1595	6
1595	7
2667	1
2667	4
2667	5
2667	2
2667	3
2009	2
2009	3
2667	6
2009	1
755	1
2667	7
2009	6
755	2
2009	7
755	3
2009	4
755	4
2009	5
755	5
755	6
755	7
328	7
3138	1
328	6
3138	2
328	5
3138	3
328	4
3138	4
328	3
3138	5
328	2
3138	6
328	1
3138	7
2666	2
2666	1
2666	4
2666	6
2666	5
1176	4
2666	7
1176	3
1176	2
1176	1
1176	7
1176	6
1176	5
756	3
756	1
756	2
1173	4
2665	3
2665	2
1173	6
2665	1
1173	7
756	6
756	5
1173	1
1173	2
756	7
1173	3
2007	5
2007	4
2007	3
2007	2
2007	1
2665	7
2665	5
2665	4
2007	6
2007	7
757	7
757	6
757	5
757	4
757	2
757	1
3140	1
3140	2
1598	1
3140	3
1598	2
3140	4
2008	6
1598	7
2008	7
2008	1
1598	4
3140	6
2008	2
1598	3
3140	5
2008	3
1598	6
2008	4
1598	5
3140	7
327	1
327	4
327	5
327	2
2012	7
758	3
758	4
2012	5
758	5
2012	6
758	6
758	7
2012	3
2012	4
2012	1
2012	2
758	2
3136	3
3136	1
3136	2
3136	7
3136	5
3136	6
759	1
759	4
759	5
759	2
759	3
1593	4
1593	5
1593	6
1593	7
759	7
759	6
1593	1
1593	2
1593	3
329	4
329	5
329	6
329	7
329	1
329	3
2011	1
2669	7
2669	6
2669	5
2669	4
1170	7
2669	3
2669	2
2669	1
1170	3
1170	5
1170	6
1170	1
1170	2
330	1
330	2
330	5
330	6
330	3
330	4
2011	6
2011	7
2011	2
2011	3
2011	4
2011	5
1171	6
1171	7
1595	1
1171	4
1171	5
1171	2
1171	1
330	7
3146	7
2002	1
2002	2
2002	3
2002	4
2002	5
2002	7
762	2
762	5
762	6
762	3
762	4
334	7
334	6
334	5
334	4
334	3
3146	1
3146	2
3146	3
3146	5
3146	6
2673	6
2673	7
1183	1
2673	4
2673	5
1183	3
1183	2
1183	5
1183	4
1183	7
763	1
335	3
335	2
762	7
335	5
335	4
3145	2
335	1
3145	1
3145	6
3145	7
3145	4
3145	5
335	7
335	6
2673	2
2673	1
763	7
763	6
763	5
763	4
763	3
763	2
2672	5
2672	7
2672	2
2672	1
2672	4
2672	3
2001	7
2001	4
2001	5
334	1
334	2
2001	3
1181	4
2001	2
1181	5
2001	1
1181	6
1181	7
1181	1
1181	2
1181	3
338	7
338	6
338	5
338	4
338	3
338	2
339	7
3142	5
339	6
3142	6
3142	3
3142	4
339	3
339	2
3142	7
339	4
339	1
3142	1
3142	2
2006	5
2006	3
2006	4
2006	7
2676	7
2676	6
2006	1
2006	2
2676	2
1587	6
2676	1
1587	7
2676	4
2676	3
1587	2
1587	3
1587	5
1587	1
336	3
336	4
336	1
336	2
336	7
336	5
336	6
337	5
337	4
337	7
337	6
337	1
337	2
337	3
2652	1
2652	4
2652	3
3124	5
3124	6
3124	7
1162	5
1162	6
1162	4
1162	1
2652	6
1162	2
2652	5
2652	7
742	2
1162	7
742	7
742	5
742	6
742	3
742	4
3125	6
3125	7
3125	4
341	3
3125	5
341	2
3125	2
341	5
3125	3
341	4
341	7
3125	1
341	6
1995	1
2653	7
2653	6
2653	5
2653	4
2653	3
2653	2
2653	1
1995	6
1995	7
1995	4
1995	5
1995	2
1995	3
2650	7
743	7
743	6
340	7
3126	1
340	6
3126	2
340	5
3126	3
1584	1
3126	4
1584	2
1584	3
3126	6
1584	4
3126	7
1584	6
1584	7
1583	1
1993	3
1583	4
1993	2
1583	5
1993	1
1583	2
1583	3
1993	7
1993	6
1993	5
1993	4
1583	7
340	2
340	3
340	4
743	1
743	2
743	3
743	5
1579	1
1999	6
745	6
1999	7
745	7
745	5
1999	2
745	2
1999	3
745	3
1999	4
1999	5
745	1
1999	1
346	2
346	1
346	6
346	5
346	4
346	3
1579	6
1579	7
1579	2
1579	3
1579	4
1579	5
1578	6
1578	5
1578	4
1578	3
1578	1
345	5
1158	7
2657	3
345	4
2657	2
345	7
2657	1
345	6
1158	3
1158	4
3122	7
1158	6
3122	5
3122	6
3122	3
1158	1
1158	2
3122	1
345	1
3122	2
345	3
1578	7
345	2
3123	2
3123	3
1581	1
1581	2
3123	5
1581	3
3123	6
1581	4
3123	7
1581	5
1581	7
1157	2
1157	3
1157	1
1157	6
1157	7
1157	4
3123	1
343	2
343	3
746	1
343	5
746	2
746	3
746	5
343	1
746	6
2655	7
2655	6
3124	3
3124	4
3124	1
3124	2
2655	1
746	7
343	7
2655	5
343	6
2655	4
2655	3
2655	2
1989	6
1989	7
1989	4
1989	5
1989	2
1989	3
1989	1
749	5
749	6
749	7
749	1
749	2
749	3
3131	7
3131	4
3131	5
3131	2
3131	3
349	1
349	3
349	2
349	5
349	4
349	7
349	6
748	3
748	4
748	1
748	2
2660	5
2660	6
2660	7
748	7
748	5
748	6
2660	2
2660	1
2660	4
2657	7
2657	6
1167	1
2657	4
1167	2
1577	2
1167	3
1577	3
1167	4
1577	1
3133	2
1167	6
1577	6
3133	3
1167	7
1577	7
1577	4
3133	1
1577	5
3133	6
3133	7
3133	4
3133	5
1576	1
1576	2
1576	3
1576	4
1576	5
1576	6
1576	7
346	7
2663	5
2663	4
2663	3
2663	2
353	1
2663	1
353	2
1572	7
1572	5
1572	4
1572	3
1572	2
1572	1
1992	7
1992	5
1992	6
1992	3
1992	1
1992	2
1165	6
1165	7
1165	4
1165	2
1165	3
1165	1
1571	7
1571	6
1571	3
1571	2
1571	5
1571	4
1571	1
1991	6
2663	6
1991	7
2663	7
1991	1
1164	5
1574	5
754	7
1164	6
1574	6
1164	7
1574	4
1991	5
351	7
1991	4
351	6
1991	3
1574	7
1991	2
351	3
351	2
351	5
754	2
351	4
754	1
754	4
1164	1
1574	1
754	3
1164	2
1574	2
351	1
754	6
1164	3
754	5
1164	4
2662	4
2662	3
2662	6
2662	5
2662	7
3131	1
1573	1
1573	2
1573	3
1573	4
1573	5
2662	2
1573	6
2662	1
1573	7
677	5
677	4
677	7
677	6
677	1
677	3
677	2
2094	2
2752	7
2094	1
2752	6
2752	5
2752	4
2752	3
2752	2
2752	1
412	1
412	2
412	3
412	4
412	5
3165	7
412	6
3165	6
412	7
3165	5
3165	4
3165	3
3165	1
678	2
2751	3
678	1
2751	2
2751	5
2751	4
2751	1
678	7
678	6
2751	7
678	5
678	4
678	3
3164	2
2094	7
3164	1
1622	2
3164	4
3164	3
2094	3
2094	4
2094	5
2094	6
413	2
413	3
1622	7
413	1
413	6
1622	4
3164	6
413	7
1622	3
3164	5
413	4
1622	6
413	5
1622	5
3164	7
1144	1
1144	2
1144	3
1144	4
1144	6
1144	7
3163	5
2753	7
3163	4
2753	4
3163	3
2753	5
3163	2
3163	7
3163	6
675	2
675	3
675	4
675	5
675	6
675	7
676	7
676	6
676	5
2753	1
2753	3
2753	2
3163	1
3162	7
2096	1
2096	2
2096	3
2096	4
676	3
2096	5
676	4
676	1
2096	7
676	2
1146	4
3169	3
1146	3
3169	2
1146	6
3169	1
1146	5
1625	7
1625	6
1146	2
1625	5
1146	1
1625	4
1625	3
1625	2
1625	1
2090	7
2090	6
2090	5
2090	4
2090	3
2090	2
2090	1
1147	1
1626	4
1626	3
1626	6
1626	5
1626	2
1626	1
674	7
674	6
674	5
674	3
674	2
674	1
1146	7
3167	7
3167	6
2750	5
3167	1
2750	6
2750	3
2750	4
3167	5
3167	4
2750	7
3167	3
3167	2
2750	2
2750	1
1147	2
1147	4
1147	5
1147	6
1147	7
1624	2
1624	1
1624	4
1624	3
1624	6
1624	5
1624	7
411	7
411	6
411	5
411	4
411	3
411	2
1614	7
1614	4
1614	6
1614	5
2087	3
2759	2
2087	2
2759	5
2087	5
2759	4
2087	4
2759	1
2087	1
1615	5
1615	4
1615	2
1615	1
2087	6
2087	7
1615	7
1615	6
2758	2
2758	1
685	5
685	7
685	6
2758	7
685	1
2758	6
2758	5
685	3
2758	4
685	2
2758	3
2088	1
2088	2
3170	2
2088	3
3170	1
2088	4
3170	4
2088	5
3170	3
2088	6
3170	6
2088	7
3170	5
3170	7
421	7
421	6
421	5
421	3
421	2
421	1
1613	1
1613	2
1613	3
1613	4
1613	5
1613	7
3169	7
3169	6
2759	6
3169	5
2759	7
3169	4
422	2
422	1
1152	1
422	7
1152	2
1152	3
1152	4
422	4
1152	5
1614	1
1614	2
422	6
1152	7
422	5
2755	7
2755	3
2755	2
2755	5
2755	4
680	7
680	6
2755	1
680	5
680	4
680	3
680	2
680	1
1153	2
1153	1
681	5
681	7
681	6
681	1
681	3
681	2
1153	4
1153	5
1153	6
1153	7
417	1
417	2
417	3
417	7
417	6
417	5
417	4
418	7
418	4
418	3
418	6
418	5
418	2
418	1
2086	5
2086	6
2086	3
2086	4
2086	7
3173	3
3173	2
3173	1
3173	7
2086	1
3173	6
2086	2
3173	5
3173	4
664	4
2737	5
664	3
2737	4
427	7
664	2
2737	7
427	6
2737	6
427	5
427	4
664	7
427	3
664	6
427	2
664	5
1608	2
1608	1
1608	4
1129	3
1608	6
1129	2
1608	5
1129	1
1608	7
1129	7
427	1
1129	6
1129	5
1129	4
2737	1
2737	2
663	7
2738	2
2738	1
2738	6
426	7
2738	5
2738	4
2738	3
2738	7
1128	2
1128	1
1128	4
1128	6
3151	5
1128	5
3151	4
3151	3
1128	7
3151	2
426	3
426	4
426	5
3151	7
426	6
663	1
3151	6
663	2
663	3
663	4
426	2
663	5
2082	3
2082	4
2082	5
2082	6
2082	1
2082	2
2082	7
1130	7
1130	4
1130	3
1130	6
1130	2
1130	1
1133	2
3154	7
1133	1
1133	7
1133	6
1133	5
1133	4
3154	2
3154	1
3154	4
3154	3
3154	6
3154	5
423	7
423	6
423	2
1132	6
3155	5
423	3
1132	5
3155	4
3155	3
423	5
1132	7
3155	2
3155	7
423	1
3155	6
1132	2
3155	1
1132	1
1132	4
1132	3
2076	7
2076	6
2076	5
2076	4
2076	3
2076	2
2076	1
659	6
659	7
659	4
659	5
659	2
659	3
659	1
425	7
425	6
425	5
425	4
1134	7
425	3
1134	5
425	2
1134	6
425	1
1134	4
1134	2
1134	1
2078	7
3153	7
2078	6
2078	3
3153	5
2078	4
3153	4
2078	2
3153	2
2078	1
2736	7
3153	3
2736	6
2736	5
3153	1
2736	4
1609	6
2736	3
1609	7
2736	2
1609	4
2736	1
1609	5
424	2
1609	2
424	1
424	4
424	3
1609	1
424	6
424	5
424	7
434	4
2744	4
434	3
2744	3
671	1
2744	2
434	5
2744	1
671	3
671	2
2744	7
434	2
671	5
2744	6
434	1
671	7
671	6
434	7
1135	1
1135	5
1135	4
1135	3
1135	2
3158	1
433	2
3158	4
433	3
3158	3
1135	7
3158	6
433	1
1135	6
3158	5
670	1
670	2
3158	7
670	6
670	5
670	3
2073	1
433	7
2073	3
433	5
2073	2
433	4
670	7
2073	5
2073	4
2073	7
2075	6
2075	7
2075	4
2075	5
2075	2
2075	3
669	5
669	6
669	7
669	1
669	2
669	3
1138	3
1138	4
1138	6
1138	1
1138	2
2746	6
1600	7
3156	3
2746	5
3156	4
1600	5
3156	1
2746	3
1600	6
3156	2
436	2
2746	2
1138	7
1600	3
436	1
2746	1
1600	4
436	4
1600	1
436	3
1600	2
2746	7
3156	6
3156	5
3156	7
1137	3
1137	2
1137	1
1599	2
1599	3
1599	5
1137	6
1137	7
1137	4
1137	5
1599	1
435	5
435	4
2075	1
435	3
435	2
1599	6
1599	7
435	7
435	6
430	7
430	4
430	3
430	6
2069	1
2069	3
2069	2
666	7
2069	5
2069	4
2069	7
2069	6
430	1
430	2
3162	2
3162	1
3162	4
3162	3
3162	6
3162	5
3159	4
1603	6
3159	2
2742	7
1603	7
3159	3
1603	4
2742	5
1603	5
3159	1
2742	4
1603	2
2742	3
2742	2
2742	1
1603	1
666	3
666	5
666	6
666	1
666	2
3159	7
3159	6
2071	3
2071	2
2071	5
2071	4
2071	1
665	6
665	7
665	4
665	5
665	2
665	3
665	1
2071	6
2071	7
703	7
703	6
2068	4
2068	3
2068	2
2068	1
703	1
703	2
703	5
703	4
1116	6
1116	5
1647	7
1647	6
1116	7
1647	1
1647	5
1116	2
1647	4
1116	1
1647	3
1647	2
1116	3
2725	1
2725	2
2725	5
2725	4
2725	7
2725	6
3190	4
3190	3
3190	6
3190	5
3190	7
2068	5
2068	6
2068	7
3190	2
3190	1
3193	6
3193	7
3193	4
3193	5
3193	2
3193	1
1649	7
1649	4
1649	5
1649	3
1649	2
1649	1
1114	7
1650	7
1650	3
1650	5
1650	6
1650	1
1650	2
383	2
383	3
383	5
1651	1
383	1
1651	5
1651	4
1651	3
1651	2
383	6
3195	1
383	7
1651	7
1651	6
2064	4
2064	3
2064	2
2064	1
2064	7
2064	5
2065	4
2065	5
2065	6
2065	7
700	4
700	3
700	2
700	1
700	7
700	6
700	5
2065	1
2065	3
2065	2
381	1
381	3
381	2
381	4
381	7
381	6
2720	5
2720	6
2720	7
2720	1
2720	2
2720	3
2720	4
2063	3
1653	4
3195	6
2063	2
1653	5
3195	7
2063	5
1653	6
2063	4
1653	7
3195	2
2063	1
1653	2
3195	4
1653	3
3195	5
2063	7
2063	6
1123	5
1123	4
1123	3
1123	2
393	6
393	7
1123	7
393	5
1123	6
393	2
1640	2
393	3
1640	1
1640	4
393	1
1640	3
1123	1
1640	6
1640	5
1640	7
2061	1
710	6
710	5
2061	3
710	4
2061	2
710	3
2061	5
2061	4
2061	7
710	7
710	2
710	1
1641	7
1641	6
1641	5
1641	4
1124	2
1124	1
1124	4
1124	3
1641	3
1641	2
1641	1
2732	7
711	1
2732	6
2732	5
711	2
711	5
711	4
1124	6
1124	7
2732	4
2732	3
2732	2
2732	1
2059	1
391	6
391	7
711	6
711	7
2059	7
2059	6
2059	2
2059	5
2059	4
2730	5
1643	1
2730	6
2730	4
2730	1
2730	2
1122	7
392	1
1122	4
392	2
1122	3
392	3
392	4
1122	5
392	5
392	6
392	7
1122	2
1122	1
1643	6
1643	7
1643	4
1643	5
1643	2
2730	7
1643	3
706	2
706	1
706	6
706	5
706	4
706	3
706	7
1644	2
1644	1
1644	4
1644	3
1644	6
1644	7
1127	5
1127	4
1127	3
1127	2
1127	6
1127	7
2058	2
2058	1
2058	6
2058	5
2058	4
2058	3
2058	7
391	2
391	3
391	5
391	1
2055	7
2727	7
2055	6
2727	6
708	3
708	2
708	1
708	7
708	5
708	6
1646	2
1646	1
1646	7
1646	5
1646	6
1646	3
1646	4
389	2
1126	2
389	3
1126	1
389	4
389	5
389	6
389	7
2727	4
2727	5
1126	7
2727	2
1126	4
2727	1
1126	3
1126	6
1126	5
2055	3
2055	2
2055	5
2055	4
2055	1
690	7
690	6
690	5
690	4
690	3
690	2
2711	7
690	1
2711	6
2711	2
2711	3
2711	4
2711	5
1634	7
1103	7
2711	1
1103	6
1634	4
1103	5
3176	6
1634	3
1103	4
3176	5
1634	6
1103	3
1634	5
1103	2
3176	7
1103	1
3176	2
3176	1
1634	2
3176	4
1634	1
3176	3
2054	7
2054	6
2054	5
2054	4
2054	2
2054	1
689	5
689	4
689	7
689	6
689	1
689	2
689	3
3177	7
3177	6
3177	5
3177	4
3177	3
3177	2
3177	1
1633	7
1633	6
1633	5
1633	4
399	6
399	7
399	4
399	5
2709	1
399	2
2709	2
399	3
2709	3
2709	4
399	1
2709	5
2709	6
2709	7
691	3
691	2
691	5
691	4
691	7
691	6
3179	4
3179	5
3179	2
3179	3
691	1
3179	6
3179	7
2710	5
1635	5
2710	6
1635	4
2710	3
2710	4
1635	2
3179	1
2710	7
1635	7
1635	6
2710	1
1635	1
2710	2
1107	1
3180	2
3180	1
1638	2
3180	4
1638	1
1638	7
1107	7
1107	6
1638	4
1107	5
3180	6
1638	3
1107	4
3180	5
1638	6
1107	3
1107	2
3180	7
2051	1
686	7
686	6
686	5
686	3
2051	7
2051	3
2051	2
2051	5
2051	4
686	1
686	2
396	3
396	4
396	1
2706	2
2706	3
2706	4
2706	5
2706	6
2706	7
396	7
396	5
3182	2
396	6
3182	1
1639	6
1639	7
395	6
395	7
395	2
395	3
395	4
395	5
1639	1
1639	5
1639	4
1639	3
3182	5
3182	6
687	1
3182	3
3182	4
687	3
687	2
687	5
3182	7
687	7
687	6
395	1
1110	7
1110	4
1110	3
1110	6
3183	7
1110	5
3183	5
3183	4
1110	2
3183	3
1110	1
3183	2
3183	1
697	5
697	4
697	7
697	6
408	2
697	1
408	1
408	4
697	3
408	3
697	2
408	6
408	5
408	7
1109	7
1109	6
1109	5
1109	4
1109	3
1109	2
1626	7
1109	1
2716	7
2716	5
3185	3
3185	1
2716	3
2716	4
2716	1
2716	2
3185	6
3185	7
3185	4
3185	5
1628	6
1628	5
2717	2
2717	3
1628	7
2717	4
2717	5
2717	6
2717	7
1628	2
1628	1
1628	4
1628	3
3186	7
3186	2
3186	3
3186	4
3186	5
3186	6
3187	1
1114	4
1114	3
3187	7
1114	5
3187	5
3187	4
1114	2
3187	3
1114	1
3187	2
2043	7
2043	6
2043	3
2043	2
2043	5
2043	4
1113	3
1113	2
1113	1
3188	2
3188	1
3188	3
1113	7
1113	6
1113	5
1113	4
3188	7
3188	5
2042	7
3188	6
695	1
695	3
695	2
695	5
695	6
695	7
403	6
403	7
403	2
1633	3
2043	1
403	3
1633	2
403	4
1633	1
403	5
3189	1
3189	2
3189	3
3189	4
3189	5
3189	6
3189	7
1111	1
1111	4
1111	2
1111	3
1111	7
1111	6
2042	1
2042	2
2042	3
2042	4
2042	5
2042	6
487	3
487	2
487	5
487	4
19	4
19	5
19	2
19	3
19	6
19	7
19	1
2576	5
2576	6
2576	7
2576	1
2576	2
2576	3
2576	4
487	6
487	7
20	2
20	3
20	4
2996	4
2996	1
2996	2
485	5
1054	4
485	4
1054	3
485	7
1054	6
485	6
1054	7
485	3
485	2
1526	4
1526	3
1526	6
1526	5
1526	7
1054	1
1054	2
1526	2
1526	1
2995	2
2995	3
2995	4
1055	7
486	7
2995	5
1055	6
486	6
2995	6
486	5
2995	7
486	4
486	3
486	2
2347	3
1055	1
486	1
2347	2
2347	5
2347	4
2347	7
1055	5
2347	6
1055	4
1055	3
2995	1
1055	2
2347	1
2574	3
2574	4
2574	5
2574	6
2574	7
20	7
20	6
20	5
1876	4
1876	3
1876	2
1876	1
2351	5
14	3
2351	4
14	4
14	5
2351	2
14	6
2351	1
14	7
2580	7
2580	6
2580	5
2351	7
2351	6
491	4
491	5
491	2
491	3
491	6
491	7
2580	1
2580	2
2580	4
1525	6
1525	7
15	1
1525	4
1525	5
1525	2
1876	5
15	4
1525	3
1876	6
15	5
1876	7
15	2
1525	1
15	3
2352	6
2352	5
15	6
2352	7
15	7
491	1
2352	2
2352	4
2352	3
16	5
16	6
16	7
16	1
16	2
16	3
16	4
1058	2
1058	1
1058	6
1878	1
1058	4
1878	2
1058	3
1878	3
1878	4
1878	5
1058	7
1878	7
1521	3
2570	3
1521	2
2570	4
1521	1
2570	5
2570	6
11	1
2570	1
2570	2
1045	6
1045	7
1045	4
1045	5
1045	2
1045	3
1045	1
2355	7
2355	6
2355	3
2355	2
2355	5
2355	4
2987	6
11	4
2987	7
11	5
11	2
11	3
1521	6
2987	2
1521	7
2570	7
2987	3
1521	4
2987	4
11	6
1521	5
2987	5
11	7
1046	7
1046	3
1046	4
1046	5
1046	1
1046	2
2356	4
12	5
2356	3
12	6
2356	2
12	7
2356	1
481	1
481	3
481	2
12	1
12	2
12	3
12	4
1047	1
1519	7
1519	6
1047	4
1047	5
1047	2
1519	1
1519	5
1519	4
1519	3
1519	2
1888	1
1888	2
1888	3
1888	4
1888	5
1888	6
1888	7
1047	7
1047	6
1520	2
1520	1
1520	4
1520	3
1520	6
1520	5
1520	7
2988	7
2988	5
14	1
2988	6
2354	7
14	2
479	7
479	6
479	3
2354	2
479	2
2354	1
479	5
479	4
2988	3
2354	6
2988	4
2354	5
479	1
2988	1
2354	4
2988	2
2354	3
2358	2
7	6
2358	1
7	7
2983	6
2983	7
2358	7
2358	4
2358	3
2358	6
2358	5
1518	2
1518	1
2574	1
2574	2
1518	7
8	1
8	2
8	3
1518	3
8	5
1518	4
8	6
1518	5
8	7
1518	6
2359	5
2359	4
2359	3
2359	2
2359	1
2359	7
2573	6
2983	5
2573	7
2983	4
2573	4
2983	3
2573	5
2983	2
2573	2
2983	1
2573	3
2573	1
2356	6
2356	5
2356	7
481	7
481	6
481	5
2985	2
481	4
2985	3
2985	4
2985	5
2985	6
2985	7
2572	1
2572	2
2572	3
2572	5
2572	6
2572	7
1051	1
2984	3
1051	3
2984	4
2357	2
1051	2
2984	1
2357	1
1051	5
2984	2
1051	4
2984	7
2357	7
1051	7
2357	6
1051	6
2984	5
2357	5
2984	6
2357	4
474	6
3007	6
1543	1
474	5
3007	7
474	4
474	3
1543	4
474	2
1543	5
474	1
1543	2
2363	1
1543	3
2590	4
5	6
5	7
2590	6
5	4
2590	5
3007	1
5	5
3007	2
5	2
2590	7
3007	3
5	3
3007	4
3007	5
5	1
2590	1
2590	2
1542	3
3008	3
1542	4
3008	4
1542	5
2591	7
3008	1
2591	6
3008	2
1542	7
473	5
3008	7
473	4
473	7
473	6
3008	6
2591	1
473	1
1893	3
1066	7
473	3
473	2
1893	1
2591	5
1893	6
2591	4
1893	7
1542	1
1893	4
1542	2
2591	2
1893	5
1066	1
1066	2
1066	3
1066	4
1066	5
1066	6
1069	7
1069	6
1069	5
1069	4
7	4
1069	2
7	5
1069	1
7	2
7	3
1541	7
1541	4
1541	5
1541	2
1541	3
1541	1
2588	5
2588	6
2588	7
2588	1
2588	2
2588	4
1895	7
1895	6
1895	4
1895	5
1895	2
1895	3
1068	6
1895	1
1068	5
1068	7
471	7
1068	2
471	6
1068	1
1068	4
1068	3
1540	5
1540	6
1540	7
1540	2
1540	1
1540	4
1540	3
471	1
471	2
471	3
471	4
471	5
2593	5
1070	6
2593	4
1070	5
2593	7
1070	4
1070	3
1539	1
1070	7
1539	4
1539	5
1539	2
1539	3
1539	6
1539	7
1070	2
2594	2
2594	1
1538	1
1538	2
2594	6
3004	3
1538	4
2594	5
3004	4
1538	5
2594	4
3004	1
1538	6
2594	3
3004	2
1538	7
3004	7
3004	5
2594	7
3004	6
1892	6
1892	5
1892	7
2592	5
2592	6
2592	7
2592	1
2592	2
2592	3
2592	4
475	4
475	3
475	2
3	1
475	7
475	6
1892	1
3	4
1892	2
1072	7
3	5
1892	3
1072	6
3	2
1072	5
3	3
1072	4
1072	3
1072	2
3	6
1072	1
3	7
3006	7
3006	5
3006	4
3006	3
2593	2
2593	3
2593	1
475	1
474	7
1891	1
2363	7
2	1
2363	6
2	2
2363	5
2	3
2363	4
2363	3
2	5
2363	2
2	6
3006	1
2	7
3006	2
1891	7
1891	4
1891	5
1891	2
1891	3
1060	1
1060	2
1060	3
1060	4
2369	6
2369	7
2369	4
2369	5
1536	1
467	7
1901	2
1901	3
1536	3
1536	4
1901	1
1536	5
467	3
1901	6
1536	6
467	2
1901	7
1536	7
467	5
1901	4
467	4
1901	5
1060	6
1060	5
467	1
1060	7
2369	1
2369	3
2369	2
1534	2
1534	1
3002	5
3002	6
3002	4
3002	1
3002	2
1534	7
1534	4
1534	5
1534	6
2582	7
2582	3
2582	4
2582	5
2582	6
2582	1
2582	2
3002	7
2367	7
2367	6
2367	3
1061	7
2367	2
1061	6
2367	5
1061	5
2367	4
1061	4
1061	2
2367	1
1061	1
2996	7
2996	5
2996	6
1532	1
1897	2
1532	2
1532	4
1897	1
1532	5
1897	6
1532	6
1897	7
1532	7
1897	4
1897	5
2587	1
1531	4
2587	3
469	7
1531	5
2587	2
469	6
2997	1
1531	2
2587	5
469	5
2997	2
1531	3
2587	4
2997	3
2587	7
469	3
2997	4
2587	6
469	2
2997	5
1531	6
469	1
2997	6
1531	7
2997	7
468	6
1065	1
468	5
1065	3
468	7
1065	2
1530	7
1899	1
1065	5
1065	4
1065	7
1065	6
2585	2
1899	7
2585	1
1899	6
1899	5
1899	3
1899	2
1531	1
2585	6
2585	7
2585	4
2585	5
2370	4
2370	3
1064	7
2370	6
1064	6
2370	5
1064	5
1064	4
1064	3
2370	2
1064	2
2370	1
1064	1
2370	7
1530	6
1530	5
1530	4
1530	2
468	3
1530	1
468	4
468	2
1082	2
1082	1
1082	4
1082	6
1082	5
3023	1
2318	5
47	3
457	1
1498	7
2318	6
47	2
457	2
2318	3
47	5
457	3
2318	4
47	4
3023	5
3023	4
3023	3
2318	7
47	1
3023	2
3023	7
3023	6
457	4
47	7
457	5
47	6
457	6
457	7
1083	1
3022	4
1909	1
3022	6
1909	3
1082	7
3022	5
1909	2
2319	1
1909	5
3022	7
1909	4
2319	3
1909	7
2319	4
1909	6
2319	5
2319	6
2319	7
459	3
1080	6
459	2
1907	1
1080	5
459	4
1080	7
459	7
1080	2
459	6
1080	1
1080	4
1080	3
3022	1
3022	2
1907	6
1907	7
1907	4
1907	5
1907	2
46	1
1907	3
46	2
2549	6
2549	7
2549	4
2549	5
2549	2
2549	3
2549	1
459	1
2321	4
2321	7
2321	6
3021	4
3021	5
3021	6
3021	7
3021	1
3021	2
3021	3
46	6
46	5
46	4
46	3
46	7
2321	1
2321	2
2321	3
3020	7
3020	6
2322	7
1495	7
2322	1
1495	6
2322	2
2551	6
2551	7
3020	4
2322	5
3020	3
3020	2
2322	3
3020	1
2322	4
2551	1
1495	1
1495	2
2551	5
2551	4
1495	4
2551	3
1495	5
2551	2
462	1
2323	2
45	7
462	2
2323	3
45	6
2323	4
45	5
45	4
2323	6
45	3
2323	7
45	2
45	1
1086	6
1086	3
1086	4
1086	7
2323	1
1086	2
1086	1
2553	6
2553	7
2553	4
2553	5
2553	2
2553	3
2553	1
462	4
1083	7
1083	6
462	6
462	5
1083	3
462	7
1083	2
1083	4
1498	6
1498	5
1498	4
1498	3
1498	2
1498	1
43	5
43	4
43	3
43	2
43	7
43	6
1904	5
1904	6
1904	7
3017	4
1904	1
3017	5
1904	2
43	1
1084	7
3017	6
1904	3
1084	6
3017	7
1904	4
1084	5
1084	4
3017	1
1084	3
3017	2
1084	2
3017	3
1084	1
450	5
3016	2
450	6
3016	1
450	3
3016	4
450	4
3016	3
450	1
3016	6
450	2
3016	5
3016	7
450	7
2326	1
2326	2
2326	5
2326	6
2326	4
2326	7
1076	2
1076	1
1076	3
2542	7
2542	3
2542	5
2542	6
1073	2
1073	3
1073	1
452	3
452	1
452	2
452	7
452	6
452	5
1073	7
1073	6
1073	5
1073	4
453	1
3014	2
2328	7
453	3
2328	6
453	2
453	5
2328	4
453	4
2328	3
453	7
2328	2
453	6
2328	1
2542	2
2542	1
3014	7
3014	5
3014	6
3014	3
3014	4
1488	3
2544	2
1488	4
2544	1
1488	1
2544	4
1488	2
2544	3
1488	7
2544	6
2544	5
1488	5
2544	7
1912	2
37	7
1912	1
37	6
1912	4
37	5
37	4
1912	6
37	3
1912	5
37	2
37	1
1912	7
2543	7
1079	1
2543	6
3012	3
1489	1
3012	4
1079	2
1489	2
3012	1
1079	5
1489	3
3012	2
1079	4
2543	1
2543	5
2543	3
2543	2
455	2
1913	7
2330	1
455	3
1913	6
2330	2
38	7
455	4
1913	5
455	5
1913	4
38	4
2330	6
38	3
2330	3
38	6
455	1
2330	4
38	5
1489	5
1079	6
1489	4
3012	7
1079	7
1489	7
38	2
3012	5
38	1
1913	3
1913	2
1913	1
35	4
3011	7
35	5
35	2
35	3
3011	2
3011	3
3011	4
35	6
3011	5
35	7
455	7
455	6
3011	1
2330	7
35	1
1076	7
1076	6
1076	5
1490	7
1490	6
1490	5
1490	4
1490	3
1490	2
1490	1
2545	3
2545	2
2545	1
2545	6
2545	7
2545	4
2545	5
1096	7
34	2
1923	1
1096	6
1096	3
34	6
1096	4
34	5
1096	1
34	4
1096	2
34	3
1923	7
2333	4
1923	6
2333	5
2333	6
2333	7
34	7
1923	3
1923	2
2333	1
1923	5
2333	2
1923	4
1512	6
2332	3
1512	5
2332	4
33	4
2332	1
33	7
1512	7
2332	2
33	6
1512	2
1512	1
1512	3
3037	7
3037	6
3037	5
3037	4
3037	3
2332	7
3037	2
3037	1
2332	5
2332	6
1515	4
1515	5
1515	2
1515	3
446	7
446	6
446	5
1515	6
1515	7
446	3
33	2
33	3
33	1
3034	7
2562	1
2562	2
2562	4
2562	5
2562	6
2562	7
446	1
446	2
1515	1
32	5
32	6
32	7
32	1
32	2
32	3
32	4
2563	1
2563	4
2563	5
445	5
445	6
2563	3
445	7
445	1
2563	6
445	2
2563	7
445	3
448	3
448	4
448	1
1510	7
448	2
1510	6
448	7
1510	5
1510	4
448	5
448	6
1510	2
1510	1
2564	5
2564	6
2564	7
2564	2
2564	1
2564	4
2564	3
447	6
3034	6
2336	7
447	7
3034	5
3034	4
2336	5
3034	3
2336	6
3034	2
2336	4
2336	1
2336	2
447	1
447	2
447	3
447	4
447	5
1918	4
1918	3
1098	7
1918	5
1918	7
1098	2
2338	7
1098	1
1098	5
1918	1
1098	4
1918	2
1098	3
1511	6
2338	2
1511	7
2338	1
2338	4
2338	3
2338	6
2338	5
1511	1
1511	3
1511	2
1511	4
1917	2
1097	5
1917	3
1097	4
1097	7
1917	1
1097	6
28	5
1917	7
28	6
1917	4
28	7
1917	5
28	2
28	3
28	4
1097	1
1097	3
1097	2
3029	7
3029	6
27	2
437	2
3029	5
27	5
437	3
3029	4
27	4
437	4
3029	3
27	7
437	5
3029	2
27	6
437	6
3029	1
437	7
2340	4
2340	1
2340	2
2340	7
2340	6
2340	5
2554	5
2554	4
2554	3
2554	2
2554	1
436	7
1929	1
436	5
3030	2
1929	3
436	6
3030	1
1929	2
2339	1
26	7
1505	7
2554	7
1505	6
1505	5
1505	4
2339	6
3030	7
2339	7
3030	4
1929	5
2339	2
3030	3
1929	4
2339	3
3030	6
1929	7
2339	4
3030	5
1929	6
2339	5
27	1
1928	4
1928	2
1928	1
1928	7
1928	6
1928	5
439	2
439	3
439	5
1508	2
1508	1
1508	4
439	1
1508	5
1508	6
1508	7
439	7
439	6
1088	2
26	3
26	4
1088	4
1088	3
26	6
1088	6
3028	4
1088	5
3028	1
26	1
3028	2
1088	7
26	2
438	1
3028	6
438	2
3028	5
3028	7
2556	1
2556	2
2556	3
2556	4
2556	5
2556	7
438	7
438	5
438	6
438	3
2341	1
1087	1
2341	3
2341	2
2341	5
1087	5
2341	4
1087	4
2341	7
1087	3
2341	6
1087	2
1087	7
1087	6
2557	7
2557	6
2557	5
2557	4
2557	3
2557	2
2557	1
1503	7
3026	7
1503	3
3026	6
1093	4
24	2
1503	2
3026	5
1093	5
24	1
1503	5
3026	4
1093	6
24	4
1503	4
3026	3
1093	7
24	3
24	6
3026	1
1093	1
24	5
1503	1
1093	2
1093	3
24	7
23	1
2558	2
2558	1
23	5
23	2
23	3
3027	7
3027	6
1926	7
3027	3
1926	4
3027	2
1926	3
3027	5
3027	4
1926	5
2558	7
440	3
440	4
440	1
3027	1
1926	2
23	7
440	2
1926	1
23	6
2558	3
440	7
2558	4
2558	5
440	5
2558	6
440	6
3024	3
22	7
3024	4
3024	1
3024	2
3024	7
22	3
3024	5
22	5
3024	6
22	6
22	1
22	2
2559	6
2559	7
1505	1
1505	3
1925	3
2559	1
1925	2
1925	1
2559	4
1925	7
2559	5
1925	6
2559	2
1925	5
2559	3
1925	4
1924	1
3025	1
1924	2
3025	2
1924	3
1924	4
1504	4
1504	3
1504	2
1504	1
1504	7
1504	6
1504	5
3025	5
1924	6
3025	4
1924	5
3025	7
3025	6
1924	7
545	5
545	4
545	7
545	6
1469	4
1469	5
1931	1
1469	6
1469	7
1469	1
1469	2
1469	3
3046	2
3046	1
1931	7
1931	6
1931	5
1931	4
70	2
1931	2
70	1
70	3
70	6
3046	7
70	5
3046	6
3046	5
70	7
3046	4
3046	3
1001	3
546	2
1001	2
546	1
1001	1
546	6
546	5
546	4
1470	1
1470	2
546	7
1001	7
1001	6
1001	5
3045	5
1932	2
3045	4
1932	1
3045	7
1932	4
1470	7
3045	6
1932	3
1470	6
3045	1
1470	5
1470	4
3045	3
1470	3
3045	2
1932	6
71	5
1932	5
71	4
71	3
1932	7
71	2
3047	6
3047	7
71	6
71	7
2634	2
2634	1
2634	6
2634	5
2634	4
2634	3
2634	7
1933	2
1933	1
1933	7
1933	6
1933	5
1933	4
2633	1
2633	3
2633	2
2633	5
2633	4
2633	7
2633	6
2406	1
2406	2
2406	3
545	2
2406	4
545	3
3047	1
2406	5
2406	6
545	1
3047	3
2406	7
3047	2
3047	5
1934	2
3047	4
1934	1
73	5
73	4
73	7
73	6
3049	7
3049	6
3049	5
3049	4
3049	3
2632	7
3049	2
3049	1
1934	7
2632	6
1934	6
73	1
2632	3
1934	5
2632	4
1934	4
73	3
2632	1
1934	3
73	2
2632	2
1473	1
1473	2
2404	1
74	2
2404	2
74	1
2404	3
2404	4
74	6
74	5
74	4
74	3
1473	7
1473	6
1473	5
1473	4
543	7
998	7
543	6
998	6
998	5
998	4
998	3
998	2
543	1
998	1
74	7
2404	6
543	5
2404	5
543	4
543	3
2404	7
543	2
1936	4
1936	3
1936	2
75	1
540	5
1936	7
540	6
1936	6
540	7
1936	5
540	1
540	2
540	3
1471	6
1471	7
999	1
999	3
999	2
999	5
999	4
75	6
75	7
1471	1
1471	2
75	2
1471	3
75	3
1471	4
75	4
1471	5
2402	7
541	6
541	7
3050	2
541	4
3050	1
541	5
3050	4
541	2
3050	3
541	3
3050	6
3050	5
541	1
999	6
2402	1
999	7
2402	2
2402	3
2402	5
2402	6
1472	3
2630	4
2630	3
1472	1
2630	6
1472	2
1472	7
76	7
2630	7
1472	5
76	5
1472	6
76	6
3050	7
76	3
76	4
76	1
76	2
2630	2
2630	1
1938	4
63	1
2629	4
1938	3
2629	5
1938	6
2629	6
1938	5
2629	7
63	5
2629	1
1938	2
63	3
2629	2
1938	1
63	2
2629	3
2414	1
63	7
2414	2
63	6
1938	7
539	1
1462	1
1462	2
993	7
993	6
993	5
1462	7
1462	5
1462	6
1462	3
1462	4
1463	7
2628	7
1463	6
2628	5
539	3
539	2
539	5
2414	7
539	4
2414	6
539	7
2414	5
539	6
2414	4
2414	3
1463	2
2628	4
1463	3
2628	3
1463	4
2628	2
1463	5
2628	1
1463	1
2412	1
2412	2
2412	3
2412	4
2412	5
65	3
2412	6
65	2
2412	7
65	1
1940	2
1940	1
1940	4
1940	3
995	1
2627	1
995	5
995	4
2627	2
995	3
2627	5
995	2
2627	4
2627	7
2627	6
995	7
995	6
3040	4
3040	3
3040	2
3040	1
3040	7
3040	6
3040	5
1940	7
2626	2
2626	1
1940	5
1940	6
65	4
2626	6
65	5
2626	5
65	6
2626	4
65	7
2626	7
2410	7
2410	4
2410	5
2410	6
3042	7
2410	1
2410	2
3042	4
1941	5
3042	3
1941	4
3042	6
1941	7
1941	1
3042	2
1941	3
3042	1
1941	2
991	7
991	6
991	3
536	2
991	2
536	1
991	5
2411	7
536	4
991	4
2411	6
536	3
2411	5
536	6
2411	4
536	5
2411	3
2411	2
536	7
2411	1
2624	2
2624	1
2624	4
2624	3
2624	6
2624	7
533	6
533	7
533	4
533	5
533	2
533	3
533	1
1465	4
1465	5
1465	6
2623	7
1465	7
2623	6
993	1
993	3
993	2
2623	1
1944	4
1944	1
1944	2
1944	7
2623	5
1465	1
2623	4
1465	2
1944	5
2623	3
1465	3
1944	6
3043	5
2409	6
534	7
3043	4
2409	7
3043	3
3043	2
2409	5
534	3
534	4
3043	7
534	6
534	1
534	2
3043	1
2409	2
2409	3
2409	1
532	7
532	6
532	5
57	3
57	2
57	1
1484	4
1484	3
1484	2
3059	1
1484	1
3059	3
1484	7
3059	2
1484	6
3059	5
1946	2
1484	5
1946	1
3059	7
1946	4
57	7
3059	6
1946	3
57	6
1946	6
57	5
1946	5
57	4
1483	1
1483	3
56	6
1483	2
56	5
1483	5
1483	4
56	7
1483	7
1945	3
56	2
1483	6
1945	2
56	1
1945	1
56	4
56	3
1945	7
2650	1
1945	6
2650	2
532	2
1945	5
532	3
1945	4
532	4
2650	5
2650	6
2650	3
2650	4
1482	5
1482	6
1482	3
1482	4
1482	1
1482	2
1482	7
59	1
3061	6
1481	1
3061	7
1481	2
3061	4
3061	5
3061	2
3061	3
1946	7
3061	1
1481	4
1481	5
1481	6
1481	7
1016	5
1016	6
1016	7
1016	1
1016	2
1016	3
1016	4
3062	4
529	2
3062	3
529	3
3062	6
3062	5
529	1
3062	7
60	7
60	6
60	5
60	4
60	3
2645	1
60	2
2645	2
2645	3
2645	4
3062	2
2645	6
3062	1
2645	7
2418	7
2418	2
2418	1
2418	4
529	7
529	6
2418	6
529	5
2418	5
529	4
3063	1
528	5
528	6
528	7
3063	5
3063	4
528	2
3063	3
528	3
3063	2
528	4
59	7
59	6
59	3
59	2
59	5
3063	6
3063	7
527	6
527	7
62	2
62	1
527	1
527	4
527	5
527	2
527	3
1951	6
1951	7
1951	2
62	5
62	6
1951	4
62	3
1951	5
62	4
62	7
1951	1
526	3
526	5
526	6
526	7
1485	4
1485	5
1485	6
1485	7
1485	1
1485	2
1485	3
50	4
50	3
50	6
50	5
50	2
50	1
526	1
526	2
1953	3
1953	2
50	7
1953	1
2428	4
2428	3
2428	2
2428	1
1008	2
1008	1
2428	7
1008	4
2428	6
1008	3
2428	5
1008	6
1008	5
1008	7
49	7
49	6
49	5
49	4
2643	1
2643	2
525	6
525	7
2643	4
525	4
2643	5
525	5
2643	6
525	2
2643	7
525	3
525	1
1007	1
2427	3
2427	2
2427	5
2427	4
1007	5
2427	7
1007	4
2427	6
1007	3
1007	2
49	2
49	3
1007	7
1007	6
49	1
1010	3
1010	4
1010	5
1010	6
524	1
524	2
524	3
1010	2
524	4
3054	2
524	5
3054	1
2427	1
524	6
524	7
1010	7
52	2
52	1
52	4
52	3
1954	5
1954	6
1954	3
1475	1
1954	4
1954	1
1954	2
2426	7
1475	6
1475	7
1475	2
1475	3
1475	4
1954	7
1475	5
1009	6
2641	4
1009	7
2641	5
2641	6
1009	5
2641	7
2426	3
2426	4
2426	5
2426	1
2426	2
1474	5
3054	7
1474	6
1474	4
1474	1
1953	4
1474	2
3054	4
1953	5
3054	5
1953	6
3054	6
1953	7
1009	3
2641	1
1009	2
1009	1
2641	3
2641	2
1474	7
1005	1
1005	3
1005	2
1005	5
1005	4
1005	7
1005	6
1956	7
1956	5
1956	6
1956	4
1956	3
1956	2
1956	1
2638	5
2638	6
2638	3
2638	4
2638	7
1004	7
1004	6
1004	5
1004	4
1004	3
1004	2
2639	6
2639	7
521	6
521	7
521	4
521	5
521	2
521	3
1479	7
1479	6
2639	1
2639	2
52	7
2639	3
52	6
2639	4
52	5
2639	5
1479	2
2637	7
2637	6
1479	4
2637	5
1479	5
2637	4
2637	3
2637	2
2637	1
1479	1
55	6
55	7
3057	6
3057	7
3057	4
2423	7
3057	5
2423	6
3057	3
2423	4
3057	2
2423	5
3057	1
2423	2
55	1
55	3
2423	1
55	2
55	5
1006	7
1006	3
1006	4
1006	5
1006	6
1006	2
1006	1
1478	7
2638	1
1478	5
1478	6
1478	3
1478	4
1478	2
2422	7
2422	3
2422	4
2422	5
2422	6
2422	1
2422	2
516	2
516	4
516	3
1030	4
1030	5
1030	6
1030	7
516	5
516	6
516	7
1030	1
1030	2
1961	4
100	3
1961	5
100	4
1961	6
2378	2
100	1
1961	7
2378	1
100	2
2378	4
2378	3
2378	6
2378	5
1961	1
1961	2
1961	3
1031	1
1031	4
1441	2
1031	5
1441	1
1031	2
1031	3
2378	7
517	6
517	7
517	5
517	2
100	7
517	3
100	6
100	5
517	1
2379	1
1028	2
1028	1
1028	4
1028	3
1441	4
1441	5
1441	6
1441	7
1959	5
1959	4
1959	2
1959	1
2379	6
2379	7
2379	4
2379	5
1028	6
2379	2
1028	7
2379	3
98	7
2607	7
2607	6
1442	7
2607	3
1442	5
98	1
2607	2
1442	6
2607	5
1442	3
2607	4
1442	4
1442	1
1959	6
98	5
1442	2
1959	7
98	6
98	3
98	4
2380	5
2380	6
2380	7
2380	2
2380	3
2380	4
1026	1
1026	2
1026	3
1026	4
1026	5
1026	6
1026	7
2603	1
2603	5
2603	4
2603	3
2603	2
1964	3
1964	4
2603	7
1964	1
2603	6
1964	2
1964	7
1964	6
1027	1
1027	4
1027	5
2602	1
1027	2
2602	2
1027	3
2602	3
2602	4
2602	5
1027	6
2602	6
1027	7
2602	7
1962	6
1962	4
1962	3
1962	2
1962	1
3077	6
3077	7
3077	4
3077	5
3077	3
1962	7
3077	1
2605	7
2605	6
2605	5
2605	4
2605	3
2605	2
2605	1
102	1
102	2
102	5
102	6
102	3
102	4
102	7
1433	7
1023	6
1433	5
1023	7
1433	4
1023	1
1023	4
1433	3
1023	5
1433	2
1023	2
1433	1
1023	3
509	7
509	6
509	5
509	3
509	2
509	1
2385	6
510	7
2385	7
2385	4
2385	5
510	3
510	4
510	5
510	6
93	4
93	5
93	6
510	2
93	7
510	1
2385	3
2385	2
93	1
2385	1
93	2
93	3
3067	4
3067	5
3067	3
3067	6
3067	7
1435	1
3067	1
1966	2
511	6
1966	1
511	7
91	1
511	1
511	5
511	2
511	3
1021	7
1021	6
1021	5
1021	4
1021	3
1021	2
90	7
1022	7
1022	3
1022	4
1022	5
1022	6
1022	2
1022	1
91	2
1435	7
91	3
1966	7
91	4
1966	5
1435	2
91	6
1966	6
1435	3
91	7
1966	3
1435	4
1966	4
1435	5
2596	6
2596	5
2596	7
3072	1
2381	1
96	7
3072	2
3072	3
2381	3
96	5
3072	4
2381	2
96	6
3072	5
96	3
3072	6
2381	4
96	4
3072	7
2381	7
96	1
2381	6
96	2
2596	1
2596	2
2596	4
507	1
1437	1
1437	3
1437	2
1437	5
1437	4
1437	7
1437	6
3070	7
2598	2
2598	1
3070	4
3070	5
3070	6
2598	7
2598	4
2598	3
2598	6
2598	5
507	4
507	5
507	2
507	3
507	6
507	7
3070	2
3070	1
2383	4
2383	5
2383	2
2383	3
508	1
2383	1
508	2
508	3
508	5
508	6
508	7
2383	6
2383	7
2619	7
2619	6
2619	3
2619	2
2619	5
2619	4
2391	5
2391	4
1974	7
2391	2
1974	5
2391	1
1974	6
2620	7
1974	3
2620	6
1974	4
2620	5
1974	1
2620	4
1974	2
2620	3
85	2
2620	2
85	3
2620	1
85	4
85	5
85	6
85	7
2391	6
2391	7
2621	1
2621	2
2621	5
2621	4
2621	7
2621	6
3086	3
3086	4
3086	5
3086	6
3086	7
2394	1
2394	2
2394	3
2394	4
2394	5
1455	6
1455	7
1455	1
1455	2
1455	3
1455	4
1455	5
1042	7
504	5
504	6
1042	1
504	7
1042	2
1042	3
504	1
1042	4
504	2
1042	5
504	3
1042	6
504	4
1458	5
1458	6
1458	3
1458	4
1458	1
1458	2
90	2
1979	1
90	5
90	6
1458	7
90	3
90	4
1457	1
1457	3
1457	2
2617	3
2617	2
1457	4
1457	5
89	1
1457	6
89	2
1457	7
89	3
89	4
89	5
89	6
89	7
2617	7
2617	6
2617	5
2617	4
501	6
1039	1
501	7
501	4
501	5
1039	4
501	2
1039	5
501	3
2390	1
1039	2
2390	2
501	1
2390	3
2390	4
1039	6
2390	6
1039	7
2390	7
1977	1
1977	2
1977	3
1977	5
1977	6
2618	2
1977	7
2618	4
2618	3
2618	6
2618	5
2389	2
1038	4
1038	5
2618	7
2389	1
1038	6
2389	6
1038	7
2389	7
2389	4
2389	5
87	2
87	5
87	4
87	1
1976	3
1976	4
1976	1
1976	2
1976	7
87	6
3091	1
87	7
1976	5
1976	6
3091	4
3091	2
3091	3
2619	1
3091	6
3091	7
1038	1
1038	2
1982	7
1982	6
1982	5
1982	4
1982	3
1982	1
79	6
1982	2
79	7
3081	6
3081	7
3081	4
3081	5
3081	2
3081	3
3081	1
79	1
79	2
79	3
79	4
2398	7
2398	3
3082	7
2398	4
2398	6
3082	3
1981	4
3082	4
1981	5
3082	5
1981	6
2398	2
3082	6
1981	7
2398	1
1981	1
3082	1
1981	2
3082	2
1981	3
1036	5
1036	6
1036	7
498	7
498	3
498	4
498	5
498	6
1036	1
1036	2
498	1
1036	4
498	2
1980	7
1449	4
2614	6
1449	5
2614	5
1980	5
2614	4
1980	6
1449	7
2614	3
2614	7
1980	3
1980	4
1449	1
2614	1
1980	1
1449	2
1980	2
1449	3
77	7
77	6
77	5
77	4
77	3
77	2
77	1
1035	4
2615	6
1035	5
2615	7
1035	2
1035	3
1035	6
1035	7
1035	1
2615	3
2615	2
2615	5
2615	4
3080	1
1979	2
3080	2
1979	3
1979	4
3080	4
3080	5
1979	6
3080	6
1979	7
3080	7
1034	7
2395	6
2395	7
2395	4
2395	2
2395	3
1034	3
1034	4
1034	5
1034	6
1034	1
1034	2
2610	4
82	1
2610	3
82	2
2610	6
2610	5
492	4
82	5
492	3
82	6
2610	2
492	2
82	3
2610	1
492	1
82	4
492	7
3086	1
2395	1
82	7
492	5
3086	2
2610	7
1033	2
1033	3
2394	7
1033	6
1033	7
1033	4
1033	5
2611	1
2611	5
2611	4
2611	3
2611	2
2611	7
1032	1
1032	2
1032	3
1032	4
1032	5
1032	7
2397	2
2397	3
2397	1
2397	7
2397	4
2397	5
1983	2
1983	3
1983	4
1983	5
1983	6
1983	7
1031	6
1031	7
2396	1
2396	2
2396	3
2396	4
2396	5
2396	6
2396	7
1411	6
1776	7
591	7
1411	7
591	6
1776	5
1776	6
1411	2
1776	3
1411	3
1776	4
1776	1
1411	5
1776	2
122	7
591	1
1411	1
591	3
591	2
591	5
2459	1
123	1
2245	6
2245	7
2245	4
2245	5
2245	2
2245	1
2244	2
2244	1
2244	4
2244	3
1410	7
2459	7
590	6
1410	6
2459	6
590	5
1410	3
590	4
1410	4
590	3
1410	1
2459	3
1410	2
2459	2
2459	5
2459	4
590	7
122	2
122	6
122	5
122	4
122	3
2244	5
2244	7
937	5
2243	5
937	4
937	7
2243	3
937	6
2243	2
124	5
124	6
2243	7
124	7
2243	6
1409	4
124	1
124	2
1409	6
124	3
1409	7
124	4
2243	1
937	3
937	2
590	2
2878	1
2878	2
123	6
123	7
123	4
123	5
123	2
123	3
1409	3
1409	2
1409	1
2878	4
2878	3
2878	6
2878	5
2878	7
2248	7
2248	5
2248	6
2248	3
2248	4
2248	1
2248	2
939	7
939	6
939	3
939	2
939	5
939	4
1773	6
1773	7
1773	4
1773	5
1773	2
1773	3
1773	1
2247	6
2247	7
1407	4
594	2
2873	1
1772	2
1407	2
2873	2
1772	3
1407	3
2873	3
1772	4
594	6
1407	1
594	5
594	4
594	3
594	7
1772	5
2873	5
1772	6
1407	6
2873	6
1772	7
1407	7
2873	7
1774	6
1774	5
1774	4
1774	7
593	1
593	2
593	3
593	5
593	7
593	6
2247	1
2247	5
2247	4
2247	3
2247	2
120	7
120	5
120	6
940	4
120	3
940	3
120	4
940	2
120	2
940	7
940	6
940	5
1774	1
1774	2
2238	7
2238	3
2238	4
2238	5
1418	7
2238	6
1418	5
1418	6
1418	3
2238	2
1418	4
2238	1
1418	1
1418	2
129	6
129	7
129	4
942	7
129	5
942	6
942	5
942	4
942	3
942	1
942	2
129	1
129	3
129	2
2883	7
1417	4
2883	4
1417	5
2883	5
1417	6
2883	2
1417	7
2466	7
2883	3
2466	6
1417	1
2466	5
2883	1
1417	2
2466	4
1417	3
2466	3
2466	2
2466	1
596	7
596	6
596	5
596	2
596	3
596	4
2235	5
2235	4
2235	2
2235	7
2235	6
946	6
126	5
946	5
126	6
946	4
126	3
946	3
126	4
946	2
946	1
126	7
602	2
602	1
602	6
602	4
946	7
602	3
2241	5
2241	6
2241	7
126	2
1765	7
1765	4
1414	2
1765	5
945	5
1765	2
945	4
1765	3
945	7
601	3
1765	1
601	2
1414	7
2880	7
2241	3
601	5
2241	2
601	4
2880	5
2241	1
601	7
2880	6
601	6
1414	3
2880	3
1414	4
2880	4
1414	5
2880	1
1414	6
125	1
945	1
945	2
125	3
945	3
125	5
125	4
125	7
125	6
1413	3
1413	1
1413	6
1413	7
1413	4
1413	5
2240	2
2240	4
2240	3
2240	6
2240	5
2240	7
1767	7
1767	6
2239	1
2468	7
127	3
2468	6
127	4
2468	5
127	5
2239	5
2239	3
127	1
2239	2
1767	1
2239	7
2239	6
127	6
1767	5
127	7
1767	2
1767	3
2468	3
2468	4
2468	1
2468	2
577	2
577	3
577	1
108	7
108	6
108	5
108	4
108	3
108	2
108	1
1790	1
1790	2
2472	4
2472	3
2472	2
2472	1
577	5
2472	7
577	4
2472	6
577	7
2472	5
577	6
2259	4
2259	5
2259	2
2259	6
2259	7
1790	6
1790	4
1790	3
2259	1
1790	7
1422	7
1422	5
1422	6
1422	3
1422	4
1423	7
1423	2
1423	3
1423	4
1423	5
1423	1
576	1
576	2
576	3
576	5
576	6
576	7
2261	1
104	7
2261	2
104	6
2261	3
104	5
2261	4
104	4
2261	5
104	3
104	2
2261	7
104	1
580	3
580	4
580	1
580	2
580	7
580	6
580	5
1786	1
1786	2
1786	3
1786	4
1786	5
1786	7
581	5
581	7
581	6
2476	4
581	1
2476	3
2476	2
581	3
2476	1
581	2
2476	7
2476	5
1422	1
1422	2
2888	6
2888	5
2888	7
2888	2
2888	1
2888	4
2888	3
1419	1
2475	1
2475	7
2475	6
1419	6
1419	7
1419	4
2475	3
1419	5
2475	2
1419	2
2475	5
1419	3
2475	4
2260	2
2260	1
2260	4
2260	3
1788	4
1788	3
1788	2
1788	1
2260	7
2260	5
2260	6
579	1
2474	5
579	2
2474	6
2474	3
579	4
2474	4
579	5
2474	1
579	6
2474	2
1788	7
579	7
1788	6
107	1
1788	5
107	2
107	3
107	5
107	6
107	7
2474	7
115	7
115	6
115	3
115	2
115	5
115	4
1431	7
2897	7
1431	6
2897	6
2897	5
115	1
2897	4
2480	4
1782	5
2480	3
1782	6
2480	2
1782	3
1431	1
2480	1
1431	2
2897	2
1431	3
2480	7
2897	3
2480	6
1782	7
1431	5
2480	5
2897	1
955	3
955	2
955	5
955	4
955	7
1782	1
583	7
955	6
1782	2
583	6
2252	5
2252	6
2252	7
1432	4
1432	3
1432	1
2252	1
1432	7
2252	2
1432	6
1432	5
2252	4
2479	7
2479	6
2479	1
2479	2
2479	5
2479	4
2899	7
2899	6
2899	4
2899	3
2899	2
2899	1
957	5
957	4
957	7
957	6
957	1
957	3
957	2
2478	7
2478	6
2478	5
2478	4
2478	3
583	1
2478	1
2478	2
583	4
2898	7
583	5
583	2
583	3
2898	4
2898	3
2898	5
2250	7
2898	2
2898	1
2250	4
2250	3
2250	6
2250	5
2250	1
959	1
959	3
959	2
959	5
959	7
959	6
588	4
588	3
588	2
588	1
2483	1
2483	3
2483	2
2893	1
2483	5
2893	2
2483	4
2893	3
2483	7
2893	4
1780	1
2483	6
2893	5
1780	2
588	7
2893	6
1780	3
588	6
2893	7
588	5
2255	1
2255	2
2255	3
2255	4
2255	5
2255	7
113	4
113	5
113	6
113	7
961	1
2253	7
2253	6
961	3
2253	5
961	2
2253	4
2253	3
2253	2
2253	1
2895	5
2895	4
2895	3
2895	2
2895	1
1780	7
585	1
1780	6
585	2
1780	5
585	3
585	4
585	5
585	6
585	7
113	1
2895	7
2895	6
113	2
1427	1
1427	6
1427	7
1427	4
1427	5
1427	2
1427	3
961	6
961	7
961	4
961	5
2215	7
2215	6
152	6
152	5
152	7
152	2
152	1
152	3
1806	2
1806	1
964	4
964	3
964	2
964	1
964	7
1381	3
1381	2
1381	1
964	6
1381	7
1381	6
1381	5
1381	4
1805	1
2906	2
1805	3
2906	1
1805	2
2215	1
2906	4
1805	5
2215	2
1805	4
2215	3
2906	6
1805	7
2906	5
1805	6
2215	5
1383	7
150	1
150	2
150	3
150	4
150	5
150	6
150	7
2431	4
1804	4
2431	5
1804	3
2431	2
1804	2
2431	3
1804	1
2431	1
564	1
1804	7
564	2
2431	6
1804	6
564	3
2431	7
564	4
149	2
2216	6
962	5
149	3
962	4
962	3
149	1
2216	7
962	2
149	6
2216	2
962	1
149	7
2216	1
149	4
2216	4
149	5
2216	3
1803	1
962	7
2904	6
1803	7
2904	5
1803	6
2904	7
2904	2
2904	1
1803	2
2904	4
1803	5
2904	3
1803	4
1383	5
1383	4
2432	6
1383	3
2432	7
1383	2
1383	1
2432	1
2432	2
2432	3
2432	4
1802	2
1802	1
1802	6
1802	5
1802	4
968	1
2901	3
968	2
2901	2
968	3
2901	1
968	5
2901	7
968	6
2901	6
968	7
2901	5
2901	4
2433	3
2433	2
2433	1
1802	7
2902	4
2902	6
2218	1
2902	5
2218	2
2902	7
2218	4
2218	5
2218	6
1377	7
2433	4
1377	6
2433	5
1377	5
2433	6
1377	4
2433	7
564	7
2902	2
564	5
2902	1
564	6
2218	7
1380	2
1380	1
1380	4
1380	3
567	1
567	2
567	3
567	4
567	5
1800	7
1800	6
1800	5
1800	4
1800	3
1800	2
1800	1
2221	7
2221	6
2221	5
2221	4
2221	3
2221	2
2221	1
567	7
567	6
1380	5
1380	6
1380	7
566	5
566	6
1379	7
566	3
1379	6
566	4
1379	4
1379	3
566	7
1379	2
1379	1
566	1
566	2
146	7
966	7
966	6
2220	6
966	5
2220	5
966	4
966	3
2220	7
966	2
146	1
2220	2
966	1
146	2
2220	4
2220	3
146	5
146	6
146	3
146	4
159	5
569	2
159	4
569	3
159	3
159	2
569	6
569	7
159	7
2209	2
569	4
159	6
2209	3
569	5
971	2
971	3
568	6
971	4
568	7
971	5
971	6
1798	2
568	1
971	7
1798	1
568	2
568	3
568	4
1798	6
2208	3
1798	5
2208	4
1798	4
2208	1
1798	3
2208	2
2913	3
2208	7
2913	2
2913	1
1798	7
2208	6
971	1
1797	5
1797	7
1797	6
1797	1
1797	3
1797	2
571	1
2210	4
2210	3
1390	7
2210	6
2210	5
1390	5
1390	6
2210	2
1390	4
2210	1
157	2
157	3
157	1
157	6
157	7
2210	7
157	5
1390	2
1390	1
2209	7
2209	6
2209	5
2209	4
2212	6
2212	7
1385	7
2908	6
1385	6
2908	5
975	6
1385	5
975	7
1385	4
2908	7
2212	1
572	7
2212	2
2212	3
572	5
2212	4
572	6
572	3
975	1
572	1
572	2
1385	3
2908	2
975	5
2908	1
975	2
1385	1
2908	4
975	3
2908	3
2909	3
2909	2
2909	1
2909	7
2909	6
2909	5
2909	4
2440	3
571	6
2440	4
571	7
2440	1
2440	2
2440	7
571	2
154	7
571	3
2440	5
571	4
2440	6
571	5
154	1
154	2
2214	7
154	5
2214	4
154	6
154	3
2214	6
2214	5
574	6
574	5
1387	6
2214	2
1387	7
2214	1
574	3
1387	4
1387	5
1387	3
574	7
1387	1
574	1
574	2
2906	7
973	5
973	4
973	7
973	6
973	1
973	3
973	2
2213	7
2213	6
2213	5
2213	4
2213	2
2213	1
573	1
573	2
573	3
573	4
573	5
573	6
573	7
2919	6
1818	7
137	2
2228	6
2919	7
137	3
137	1
2228	7
137	6
137	7
137	4
137	5
978	5
978	6
978	3
978	1
978	2
978	7
2443	1
2443	6
979	1
2443	7
2443	4
2443	5
2443	2
2443	3
979	6
2919	5
979	7
2919	4
2919	3
2919	2
979	2
2919	1
979	3
979	4
979	5
135	6
2230	2
135	7
2230	4
2230	3
2230	6
2230	5
2230	7
2918	2
2918	1
2918	4
2918	3
2918	6
2918	5
2918	7
2446	1
2446	2
136	5
1397	1
136	6
1397	2
136	7
1397	4
136	1
1397	5
136	2
1397	6
136	3
1397	7
136	4
2231	1
977	1
2231	5
2231	4
977	3
2231	3
977	2
2231	2
2917	3
977	5
2917	2
977	6
2917	1
2231	6
550	1
977	7
2231	7
550	2
2917	7
2917	5
2917	4
2445	2
1818	2
550	7
2445	3
1818	1
2445	1
2445	6
1818	6
550	3
2445	7
1818	5
2445	4
1818	4
550	5
2445	5
550	6
2916	2
1815	3
2916	1
1815	2
2916	4
1815	5
2916	3
1815	4
2447	6
2447	7
1391	7
1815	1
1391	6
981	6
1391	5
2447	2
981	7
1391	4
2447	3
981	4
1391	3
981	5
1391	2
2447	5
981	2
1391	1
981	3
981	1
2447	1
134	5
551	1
134	6
134	3
134	4
551	5
551	4
134	7
551	3
551	2
1815	6
134	1
2916	6
1815	7
134	2
2916	7
982	7
2915	7
2915	6
982	3
2915	5
982	4
2915	4
982	5
2915	3
982	6
2915	2
2915	1
551	6
551	7
2446	7
982	2
2446	5
2446	6
2446	3
2446	4
135	1
135	2
135	3
135	4
135	5
132	4
132	3
132	2
2449	1
2449	3
2234	1
2234	4
2234	3
2234	6
2234	5
2449	5
2449	4
2449	7
2449	6
132	7
132	5
132	6
2913	7
2913	6
2913	5
2234	7
2913	4
1394	7
2235	1
133	4
133	5
1394	1
133	6
1394	2
133	7
1394	4
133	1
1394	5
133	2
1394	6
133	3
985	1
985	2
985	3
2222	1
2222	2
985	4
985	5
985	6
985	7
2926	7
2926	5
2926	6
2926	3
2926	4
144	1
144	2
144	3
144	4
144	5
144	7
1403	1
2926	2
2926	1
2222	7
2222	4
2222	3
2222	6
2222	5
2925	3
2925	2
2925	1
2925	7
2925	6
2925	5
2925	4
1403	2
142	7
1403	4
1403	5
1403	6
142	3
1403	7
142	4
142	5
142	6
557	6
557	7
557	4
557	5
557	2
557	1
141	1
141	3
141	4
141	5
141	6
141	7
2923	6
2923	7
2923	4
2225	7
2225	6
2923	2
2225	5
2923	3
2923	1
2225	2
1808	7
2225	3
1808	6
1808	5
2225	1
1808	4
1808	3
1808	2
1808	1
142	1
142	2
2226	7
2226	4
2226	3
2226	6
1399	6
2226	2
1399	7
2226	1
1399	5
1399	4
1399	3
1399	2
1399	1
2453	4
2453	5
2453	6
2453	7
2453	1
2453	2
2453	3
987	1
2456	4
2456	3
2456	2
2456	7
2456	6
2456	5
559	6
559	7
1806	6
559	2
1806	5
559	3
1806	4
1806	3
559	5
1806	7
559	1
1401	6
1401	7
1401	4
1401	5
2228	2
2228	1
2228	4
2228	3
2455	7
2455	6
1401	3
1401	1
1807	7
1807	6
2455	1
2455	2
2455	3
2455	4
2455	5
987	4
2920	2
987	5
2920	1
987	2
2920	4
1807	1
987	3
2920	3
2920	6
1807	3
2920	5
1807	2
987	6
1807	5
987	7
2920	7
1807	4
884	2
884	1
2304	7
884	4
2304	6
884	3
2304	5
2304	4
2304	3
2304	2
2304	1
2303	3
2303	5
2303	4
2303	1
2303	7
2303	6
2518	1
2518	2
649	2
649	3
649	1
2518	7
2928	6
649	6
649	7
2928	7
649	5
2518	3
2928	2
2518	4
2928	1
2518	5
2928	4
2518	6
2928	3
2302	6
2302	4
2302	3
1830	1
1830	2
2302	7
1830	5
1830	6
1830	3
1830	7
885	1
885	2
885	3
885	4
885	6
885	7
2302	1
2302	2
1829	1
1829	2
1829	3
1350	1
1829	4
1350	2
1829	5
1829	6
1829	7
1350	5
1350	6
1350	3
1350	4
1350	7
884	7
884	5
884	6
2301	1
2301	2
2301	3
2301	4
2301	5
2301	6
2301	7
2931	7
2931	6
1356	6
2931	5
1356	5
2931	4
2514	7
2931	3
1356	7
2514	5
2931	1
2514	6
1356	1
2514	3
1356	4
1356	3
2514	1
2514	2
2300	7
2300	6
2300	5
2300	4
2300	2
2300	1
1831	6
1831	7
1831	2
1831	5
1831	4
1831	1
177	7
177	6
1355	7
177	5
1355	6
1355	5
1355	4
1355	3
1355	2
1355	1
177	2
177	3
177	1
2299	7
2299	6
2299	3
2299	2
2299	5
2299	4
2299	1
2512	4
1833	6
2512	3
1833	7
2512	2
2512	1
1833	5
2512	7
2512	6
2512	5
2298	7
1833	2
1833	3
1833	1
2298	1
179	7
2298	2
179	6
2298	3
179	5
2298	4
2298	5
179	3
2298	6
179	2
2513	4
179	1
2513	5
2513	6
2513	7
1353	6
1353	7
1353	4
1353	5
2513	1
2513	3
2513	2
1832	1
1832	2
1832	3
1832	4
1353	2
1832	5
1832	7
1353	1
1359	5
1359	4
1359	3
2934	2
1359	2
2934	1
1359	1
2934	7
2934	4
2934	3
1359	7
1359	6
2934	5
891	1
1358	7
1358	4
1358	3
1358	6
1358	5
2525	6
2525	7
2935	4
2525	4
2935	3
2525	5
2935	2
2525	2
2935	1
2525	3
2525	1
2296	7
2296	6
2296	5
2296	4
2935	6
2296	2
2935	7
2296	1
655	4
655	5
655	2
655	3
655	1
2295	1
2295	2
2295	3
2295	4
655	6
2295	5
655	7
2936	1
2295	7
2936	2
2295	6
2936	3
2936	4
2936	5
2936	6
2936	7
1358	1
1358	2
2523	1
2523	4
891	2
2523	5
891	3
2523	2
891	4
2523	3
891	5
891	6
2294	1
891	7
2294	2
2523	6
2523	7
2294	5
2294	6
2294	3
2294	4
2294	7
2937	2
2937	3
2937	6
2937	7
2937	4
2937	5
2938	4
2938	3
2938	6
2938	5
2521	4
2521	5
2521	6
2938	2
2521	7
2938	1
2521	1
2521	2
886	7
886	4
886	3
886	6
886	5
886	2
2292	7
2938	7
2292	6
2292	5
653	1
653	2
653	3
653	4
653	5
653	6
653	7
1826	7
1826	1
1826	2
1826	3
1826	4
1826	5
186	7
889	6
889	7
889	5
2292	1
652	7
2292	2
2292	3
652	5
2292	4
652	6
652	3
652	4
652	2
889	2
889	3
889	1
2940	7
2940	5
651	1
2940	6
2940	4
2940	1
2940	2
186	4
186	3
186	6
186	5
186	2
2520	3
888	1
651	6
2520	4
888	2
651	7
2520	1
888	3
2520	2
888	4
2520	7
888	5
651	2
888	6
651	3
2520	5
888	7
651	4
2520	6
651	5
2942	3
1841	4
2942	4
1841	5
1841	6
2942	6
1841	7
2942	7
635	6
635	7
635	5
635	2
635	3
1841	1
2942	2
1841	3
2942	1
1841	2
161	1
161	2
161	3
2318	1
2315	7
2315	6
1843	1
2315	2
2315	5
2315	4
1364	3
1843	6
1364	4
1843	7
1364	1
1364	2
1843	2
1843	3
1843	4
1843	5
2530	3
161	7
2530	4
898	6
161	6
2530	5
898	3
161	5
2530	6
898	4
161	4
898	1
898	2
2530	1
2530	2
2315	1
2530	7
898	7
2943	4
2943	2
2943	3
2943	1
2943	6
635	1
2943	7
1364	6
1364	7
1369	7
1369	6
1369	5
1369	4
632	7
632	5
632	6
1369	3
632	3
632	4
1369	1
632	1
632	2
1370	2
1370	1
1370	4
1370	3
1370	6
1370	5
1845	2
1845	3
1845	6
1845	7
1845	4
1845	5
2527	6
2527	7
2527	2
2527	3
165	2
165	1
2527	5
165	7
165	6
1367	7
165	5
2527	1
1367	6
165	4
1367	4
2947	6
1846	7
630	6
1367	5
2947	7
630	5
1367	2
630	4
1367	3
2947	2
1846	3
1367	1
2947	3
1846	4
2947	4
1846	5
2947	5
630	7
1846	1
2947	1
1846	2
630	2
630	1
166	4
166	3
166	6
166	5
166	7
2526	7
2526	5
2526	6
2526	3
166	2
166	1
2526	2
2526	1
2312	7
2312	6
2312	5
2312	4
2312	3
2312	2
2312	1
903	6
642	3
903	7
642	4
642	5
642	6
642	1
642	2
1834	2
1834	1
1834	6
642	7
2539	1
1834	5
1834	4
2539	5
2539	4
2539	3
1834	7
2539	2
2310	2
2310	1
2539	7
2539	6
2310	6
167	2
2310	5
167	3
2310	4
167	4
167	5
2310	7
167	1
167	7
167	6
2538	1
643	6
2538	2
643	7
2538	3
643	4
2538	4
643	5
2538	5
643	2
2538	6
643	3
2538	7
2537	2
168	2
2537	3
905	1
168	1
905	2
168	4
2537	1
905	3
168	3
168	6
1370	7
168	5
168	7
2308	4
2308	1
2308	2
2537	6
2537	7
905	5
2537	4
905	6
2537	5
905	7
1836	3
1836	4
1836	1
1836	2
2308	7
2308	6
2308	5
2951	4
2951	2
2951	3
1836	7
641	1
2951	1
1836	5
641	3
1836	6
641	2
641	6
641	7
641	4
641	5
1837	4
1837	5
1837	7
1837	1
1837	2
1837	3
2306	7
2306	2
2952	4
2306	1
2952	1
2952	2
2952	7
2306	6
2306	5
2952	5
2306	4
2952	6
1376	2
1376	1
1376	4
1376	3
1376	6
1376	7
2951	6
2951	7
1377	3
1377	2
1377	1
171	7
171	6
171	5
171	4
171	3
171	2
1374	1
1374	2
1839	6
1839	7
1839	4
1839	5
1839	2
1839	3
1839	1
902	7
172	6
172	5
172	7
902	3
902	5
902	6
1374	7
902	1
902	2
1374	4
172	2
1374	3
172	1
1374	6
172	4
1374	5
172	3
2953	4
2953	5
2953	6
2953	7
2953	1
2953	2
2953	3
903	4
173	3
903	5
173	2
903	2
173	1
903	3
173	7
903	1
173	6
1375	7
1375	6
173	4
1375	5
1375	3
1375	2
1375	1
2957	2
621	5
2957	3
621	4
621	7
2957	1
621	6
2957	6
204	5
2957	7
204	6
2957	4
204	7
621	3
2957	5
621	2
2488	4
204	1
2488	3
204	2
2488	2
204	3
2488	1
204	4
2488	7
2488	6
2488	5
2274	7
1857	7
2274	1
1857	6
2274	2
1857	5
1857	4
2274	5
2274	6
2274	3
2274	4
1857	1
620	7
2958	1
1857	2
620	6
2958	2
1857	3
620	5
620	4
620	3
620	2
620	1
912	3
912	4
912	1
912	2
912	7
912	5
912	6
202	7
2955	6
2955	7
2955	4
2955	5
2955	2
2955	3
2955	1
202	1
202	4
202	3
202	6
202	5
2956	5
1324	7
2956	6
2956	7
1324	6
2956	1
1324	3
2956	2
1324	4
2956	3
1324	1
2956	4
1324	2
2960	4
2960	1
2960	2
2960	7
2960	5
2960	6
1860	6
2270	3
1860	5
2270	4
1860	7
2270	6
2270	7
2485	1
2485	3
2485	2
2485	5
2485	4
2485	7
2485	6
1860	1
1860	3
2270	2
1860	4
2270	1
619	2
908	2
619	3
908	3
619	4
908	4
619	5
619	6
619	7
908	5
908	6
908	7
2486	2
2486	1
2958	7
2958	5
2958	6
2958	3
2958	4
2486	7
2486	6
2486	5
2486	4
619	1
2487	6
2487	7
205	3
205	2
205	1
205	7
205	6
205	5
205	4
1327	5
1327	2
1327	3
1327	1
2487	2
2487	5
2487	4
2487	1
1327	6
1327	7
2495	7
2495	6
1330	7
211	6
211	7
211	4
211	5
211	2
211	3
920	4
1330	1
920	3
1330	2
211	1
920	2
2495	1
920	1
2495	3
920	7
2495	2
1330	6
920	6
1330	3
920	5
2495	4
1330	4
919	1
919	2
919	3
919	5
2496	4
2496	3
2496	2
2496	1
2496	7
2496	6
919	7
919	6
2269	4
2269	6
2269	7
209	3
209	2
2269	1
209	1
2269	2
2269	3
209	6
209	7
209	4
209	5
208	2
208	1
208	4
208	3
2268	7
208	5
208	7
2268	6
2268	3
2268	4
2268	1
2268	2
1848	7
1848	5
1848	6
1848	3
1848	4
1848	1
1848	2
624	7
624	6
2967	1
624	5
2967	2
624	4
2967	3
624	3
2967	4
1854	1
624	2
2967	5
1854	2
2967	7
1854	4
2264	1
2967	6
1854	3
2264	2
1854	6
2264	3
1854	5
2264	4
2264	5
1854	7
2264	6
2264	7
213	4
213	5
213	6
213	7
213	1
213	2
213	3
1853	2
2263	1
1853	3
1853	1
1853	6
2263	5
1853	7
2263	4
2263	3
1853	5
2263	2
2968	3
2968	2
2263	6
2968	1
2263	7
2968	7
2968	6
2968	5
1335	4
1335	5
1335	2
1335	3
1335	1
626	2
626	5
626	6
1335	7
626	3
1335	6
626	4
626	7
1334	1
1334	2
2494	2
1334	7
2494	1
1334	3
1334	4
1334	5
625	3
625	2
914	3
625	4
914	4
625	5
2494	7
625	6
914	6
625	7
2494	5
2494	6
914	1
2494	3
914	2
2494	4
914	7
1336	7
606	6
606	5
1336	5
606	4
926	7
1336	6
606	3
926	6
1336	3
926	5
926	4
1336	1
926	3
1336	2
606	7
926	2
606	2
2502	7
927	7
2502	6
927	6
2502	5
2502	4
2502	3
927	3
190	3
927	2
2502	1
190	4
927	5
190	5
927	4
190	6
190	7
927	1
2288	7
2288	5
2288	6
2288	3
2288	4
1871	7
190	2
2288	1
190	1
2288	2
1871	5
1871	4
1871	3
1871	2
1871	1
1338	1
1338	2
1338	5
1338	3
1338	4
2504	1
2504	2
2504	4
2504	5
2504	6
2504	7
609	1
2969	7
2969	4
609	3
2969	5
2290	7
609	2
2290	2
2290	1
2969	2
2290	6
2969	3
2290	5
2290	4
2969	1
2290	3
1338	7
2975	2
2975	5
2975	4
2975	1
923	1
2975	7
2975	6
602	7
1875	1
2974	7
2974	6
2974	5
2974	4
2974	3
2285	6
2285	7
1875	7
2285	4
1875	6
2285	5
1875	5
2285	2
1875	4
2285	3
1875	3
1875	2
2285	1
923	7
1340	1
923	6
1340	2
1340	3
1340	4
923	3
923	2
923	5
2974	1
2974	2
1340	5
1340	6
1340	7
921	2
921	3
921	1
921	6
921	7
921	5
2286	2
1872	1
1341	2
1872	2
1341	3
1872	3
1872	4
1341	1
1872	5
1341	6
1341	7
1872	7
1341	4
1341	5
2500	7
1873	7
1873	6
2500	5
1873	5
2500	6
1873	4
2286	6
2286	5
2286	4
2286	3
2972	3
2972	4
2972	1
2972	2
2286	7
2972	7
605	5
605	4
2972	5
605	7
2972	6
605	6
2500	4
1873	2
2500	3
1873	3
605	3
2500	1
1873	1
605	2
196	2
196	1
196	4
2978	7
196	3
2280	7
2978	5
2978	4
2280	5
2978	3
2280	6
2978	2
2280	3
2978	1
2280	4
1863	7
2280	1
1863	6
2280	2
196	5
196	7
2281	4
2281	5
2281	6
2281	7
2281	1
2281	2
2977	5
2977	4
2977	7
2977	6
614	6
614	5
614	4
934	7
614	3
934	6
934	5
934	4
934	3
614	7
934	2
614	2
931	2
2282	1
931	3
2282	2
931	4
2511	6
931	5
2511	7
931	6
2282	5
931	7
2282	6
2282	3
2282	4
2511	1
2511	4
2511	5
2511	2
931	1
2511	3
1862	5
1862	3
1862	4
2977	2
2977	3
1345	1
1345	2
1862	7
2977	1
1345	3
2282	7
1862	1
1862	2
932	3
932	4
932	1
932	2
2283	1
1345	7
1345	5
1345	4
2976	1
2976	2
2976	3
2976	4
1863	1
2976	5
1863	2
2976	6
1863	3
2976	7
1863	4
1863	5
2283	3
932	7
2283	2
932	6
2283	5
932	5
2283	4
2283	7
2283	6
1346	3
609	5
1346	4
1346	5
609	7
1346	6
609	6
1346	1
1346	2
1867	1
1346	7
2982	2
2982	1
1867	7
1867	6
1867	5
1867	4
1867	2
2982	7
2982	5
2982	4
2982	3
930	6
2505	1
930	5
1347	1
930	4
2505	3
930	3
2505	2
930	2
930	1
1347	6
1347	7
2505	5
1347	4
2505	4
1347	5
2505	7
1347	2
930	7
2505	6
1347	3
2981	5
1868	2
2981	4
1868	1
2981	7
1868	4
2981	6
2981	1
2981	3
2981	2
1868	6
1868	5
1868	7
611	1
1865	2
1865	1
1865	6
611	7
1865	7
1865	4
1865	5
2980	3
1348	1
611	3
2980	4
1348	2
611	2
2980	1
1348	3
611	5
2980	2
1348	4
611	4
1348	6
2980	7
1348	5
2980	6
198	2
2980	5
1348	7
198	7
198	4
198	3
198	6
198	5
2979	1
2979	2
612	4
2979	3
612	3
2979	4
1866	1
612	2
2979	5
1866	2
612	1
2979	6
1866	3
2979	7
1866	4
2507	1
1866	5
1866	6
2507	2
2507	3
1866	7
2507	4
2507	5
2507	6
612	7
2507	7
612	5
612	6
