1451	8
159	2
159	3
1451	6
159	4
1451	7
159	5
1451	4
631	7
1451	5
631	6
1451	2
1451	3
159	1
631	8
631	3
1451	1
631	2
631	5
631	4
631	1
159	7
159	8
985	3
985	2
2298	8
2298	7
985	8
2298	4
2298	3
2298	6
2298	5
985	4
985	5
985	6
2298	2
985	7
2298	1
1880	4
157	8
1880	2
1880	1
1880	8
1880	7
1880	6
1880	5
2300	7
2300	8
157	1
2300	5
157	2
2300	6
157	3
157	4
157	5
157	7
1452	1
1452	2
1452	4
156	7
156	8
156	5
156	6
2300	2
2300	1
2300	4
2300	3
1452	6
1452	5
1452	8
1452	7
2295	5
2295	4
2295	3
2295	2
2295	1
162	8
162	7
2295	8
2295	7
2295	6
628	2
628	1
628	4
628	3
628	6
628	5
628	8
628	7
1454	2
1454	7
162	5
1454	8
162	6
162	3
1454	3
162	1
1454	4
162	2
1454	5
1454	6
2297	3
2297	2
2297	1
2297	6
2297	7
2297	4
2297	5
2297	8
160	3
160	4
160	1
160	2
160	7
160	8
1883	1
160	5
160	6
1883	3
1883	2
1883	5
1883	4
1883	7
1883	6
1883	8
2306	4
2306	3
2306	6
2306	5
2306	2
2306	1
1888	7
1888	8
1888	5
1888	6
1888	3
1888	4
1888	1
1888	2
1457	8
1457	6
1457	4
1457	5
1457	2
1457	3
1457	1
623	7
623	6
623	8
1460	6
1460	8
1460	7
1887	6
1887	7
1887	8
626	7
626	8
1460	2
1460	1
1460	4
1460	3
626	2
626	1
1887	1
1887	3
626	6
1887	2
626	5
1887	5
626	4
1887	4
2307	2
2307	4
2307	5
2307	6
2307	7
2307	8
2307	1
1459	5
1459	3
1459	2
1459	8
1459	7
1459	6
1886	6
625	5
1886	5
625	4
1886	4
1886	3
625	6
1459	1
625	8
1886	8
1886	7
149	8
2306	7
2306	8
1886	2
625	1
1886	1
625	3
625	2
621	7
621	6
621	5
621	4
621	2
621	1
156	3
156	4
1462	1
156	1
1462	2
156	2
621	8
989	4
1892	1
989	5
1892	2
989	6
989	7
1892	4
989	1
989	2
989	3
989	8
1892	5
1892	6
1892	7
1892	8
1891	8
2301	7
1891	6
2301	5
1891	7
2301	4
1891	4
2301	3
1891	5
2301	2
2301	1
1891	3
2301	8
623	1
623	5
623	4
1891	1
623	2
153	4
153	5
153	6
153	7
153	8
1462	6
1462	5
1462	4
1462	8
1462	7
153	1
153	3
153	2
617	2
617	3
617	1
1437	8
1437	2
617	5
1437	3
617	4
617	7
1437	1
617	6
1437	6
1437	7
617	8
1437	5
2313	3
2313	2
2313	1
1438	7
1438	8
1438	3
1438	4
1438	5
1438	6
2313	8
1438	1
1438	2
2313	4
2313	5
2313	6
2313	7
143	5
143	4
143	2
143	1
1439	4
1894	2
1894	1
1439	2
1439	3
1439	1
970	8
2314	7
970	7
2314	8
970	6
2314	5
970	5
2314	6
970	4
2314	3
970	3
970	2
2314	1
143	6
970	1
2314	2
143	7
143	8
1894	7
1894	8
1894	5
1439	8
1894	6
1439	7
1439	6
1894	4
1898	1
1898	2
1898	3
1898	4
1898	5
1898	6
613	2
1898	8
613	3
613	1
613	6
613	7
613	4
613	5
1440	1
1440	3
1440	4
613	8
1440	5
148	3
1440	6
148	4
1440	7
1440	8
148	2
148	7
148	8
148	5
148	6
2309	3
2309	2
2309	7
2309	6
2309	5
2309	4
2309	8
1441	2
1441	3
1441	1
1441	6
1441	7
149	1
1441	4
149	2
1441	5
149	3
149	4
149	5
1441	8
149	6
149	7
966	1
966	8
615	5
966	7
615	4
615	3
615	2
966	4
615	1
966	3
966	6
966	5
1442	3
1442	4
1442	5
1442	6
615	8
1442	1
615	7
1442	2
615	6
1442	8
1442	7
147	1
2311	4
147	6
2311	5
147	7
2311	2
147	8
2311	3
147	2
2311	1
147	3
147	4
147	5
616	6
1443	1
616	5
616	8
616	7
2311	8
616	2
616	1
2311	6
616	4
2311	7
616	3
2319	1
610	1
610	2
2319	5
2319	4
610	4
2319	3
610	5
2319	2
610	6
1443	4
1443	5
1443	2
1443	3
1443	8
1443	7
611	1
2319	6
2319	7
2319	8
610	8
610	7
136	6
136	5
136	8
136	7
136	2
136	1
136	4
136	3
1445	8
1445	6
1445	4
1445	5
1445	2
1445	3
1445	1
976	8
2320	7
611	7
976	7
2320	8
611	6
976	6
2320	5
976	5
2320	6
611	8
976	4
2320	3
976	3
2320	4
611	2
976	2
2320	1
611	5
976	1
2320	2
611	4
1901	8
1446	8
1901	4
1446	7
1901	5
1901	6
1901	7
1446	4
1446	3
1901	1
1446	6
1901	2
1446	5
1901	3
2321	8
977	8
1446	1
1446	2
977	5
2321	4
612	8
977	4
2321	5
612	7
977	7
2321	6
612	6
977	6
2321	7
612	5
977	1
612	4
2321	1
977	3
2321	2
612	2
977	2
2321	3
612	1
1447	1
141	1
141	2
141	3
1447	4
141	4
1447	5
141	5
1447	2
141	6
1447	3
141	7
1447	8
141	8
1447	6
1447	7
1905	2
2315	1
1905	3
1905	6
2315	5
1905	7
2315	4
1905	4
1905	5
2315	2
2315	8
1905	8
2315	7
2315	6
2316	5
2316	6
607	8
2316	7
607	7
2316	8
607	6
607	1
2316	2
607	4
2316	1
607	5
2316	4
2316	3
607	3
973	7
608	6
973	6
608	5
973	5
608	8
973	4
608	7
973	3
608	2
608	1
973	1
608	4
973	8
974	2
974	1
974	8
974	7
974	4
974	3
974	6
974	5
1904	5
1904	6
1904	7
1904	8
1904	1
1904	2
1904	4
1425	2
1425	3
1425	1
1425	6
1425	7
1425	4
1425	5
1425	8
604	8
604	7
604	6
604	5
184	3
184	4
184	1
184	2
184	7
184	8
184	5
184	6
2326	7
2326	8
2326	5
2326	6
2326	4
1014	1
1014	2
604	2
604	3
604	4
1853	5
1853	7
1853	6
1853	1
2325	8
1853	3
1853	2
1853	8
603	1
603	8
2326	2
603	6
2326	1
603	7
603	4
603	5
603	2
603	3
1429	2
2325	2
1429	3
2325	3
1429	1
2325	1
1429	6
2325	6
1429	7
2325	7
1429	4
2325	4
1429	5
2325	5
1856	4
1856	3
1856	2
1856	1
1856	8
1856	7
1856	6
1856	5
1855	2
1855	3
1855	4
1855	5
2324	5
2324	6
2324	7
2324	8
1855	7
1855	6
1855	8
2324	1
2324	2
2324	3
2324	4
2323	1
1427	8
2323	8
1427	6
2323	6
1427	7
2323	7
1427	4
2323	4
1427	5
2323	5
1427	2
2323	2
1427	3
1009	8
2322	4
1426	3
2322	3
1426	6
2322	6
1426	5
2322	5
1009	4
599	8
1009	5
1009	6
1426	2
2322	2
599	6
1009	7
1426	1
2322	1
189	8
599	7
189	7
599	4
1009	1
189	6
599	5
1009	2
189	5
599	2
1009	3
189	4
599	3
189	3
599	1
189	1
1857	8
1857	5
1857	4
1857	7
1857	6
1857	1
1857	3
1857	2
1426	7
2322	7
1426	8
2322	8
2335	7
2335	6
178	8
2335	8
178	7
598	5
598	4
598	3
598	8
598	7
178	1
178	2
2335	1
2335	2
178	5
2335	3
178	6
2335	4
178	3
2335	5
178	4
598	1
598	2
1431	1
1431	4
2334	1
1431	5
2334	2
177	1
1431	2
177	2
177	3
1431	8
2334	5
177	4
2334	6
177	5
1431	6
2334	3
177	6
1431	7
2334	4
177	7
177	8
2334	8
1861	8
1861	5
1861	4
1861	7
1861	6
1861	1
1861	3
1861	2
179	7
596	1
179	6
596	2
179	8
596	4
179	3
179	2
179	5
179	4
596	5
596	6
596	7
596	8
1860	4
1860	3
1860	2
1860	1
1429	8
179	1
1860	8
1860	7
1860	6
1863	6
1863	8
595	5
595	4
1863	1
595	3
595	2
1863	3
1863	2
595	8
1863	5
595	7
1863	4
595	6
181	8
181	1
181	2
181	3
181	4
181	5
181	6
181	7
1014	5
1014	6
1014	3
1014	4
1014	7
1014	8
593	8
593	6
593	7
593	4
593	5
593	2
593	1
997	5
997	4
997	7
997	6
997	1
997	3
997	2
997	8
591	4
591	5
1411	1
591	2
591	3
591	1
1411	8
1411	6
1411	7
171	1
1411	4
591	7
1411	5
591	6
1411	3
591	8
998	2
171	6
998	1
171	7
171	8
171	2
171	3
171	5
998	7
998	8
998	5
998	6
998	3
998	4
2339	2
2339	3
2339	4
2339	5
2339	6
2339	7
2339	8
172	3
172	4
172	1
172	2
172	8
172	6
999	1
172	5
999	2
999	3
999	5
999	6
999	7
999	8
2340	3
2340	4
2340	1
2340	2
2340	7
2340	8
2340	5
590	1
590	2
1000	3
590	3
590	4
1000	1
590	5
1000	2
590	6
1000	7
590	7
1000	8
590	8
1000	5
1000	6
1414	2
1414	1
2338	3
2338	4
2338	5
2338	6
2338	1
2338	2
1414	7
1414	8
1414	3
1414	4
1414	5
1414	6
588	1
588	2
588	3
588	4
2338	8
2338	7
175	2
2339	1
175	3
175	4
175	5
175	1
588	6
588	5
588	8
588	7
1412	6
1412	5
1412	8
1412	7
175	8
175	7
175	6
1412	2
1412	1
1412	4
1412	3
996	7
586	7
996	8
586	8
996	5
996	6
176	2
176	1
176	4
586	1
176	3
586	2
996	3
176	6
586	3
996	4
176	5
586	4
996	1
176	8
586	5
996	2
176	7
1004	7
2348	8
1004	8
2348	7
1004	5
2348	6
1004	6
2348	5
584	5
584	6
584	7
584	8
584	1
584	2
584	3
584	4
1417	8
1417	6
1417	7
1417	4
1417	5
1004	4
2348	3
1004	3
2348	4
1004	2
2348	1
1004	1
1005	4
1005	5
1005	6
1005	7
1005	1
1005	2
1005	3
1005	8
1418	4
1418	5
1418	6
1418	1
1418	2
1418	7
1418	8
165	8
1874	7
1874	8
1006	1
1006	2
1006	5
1006	6
1416	3
1006	3
1416	2
1006	4
1416	1
1416	8
1416	7
1006	7
1416	6
1006	8
1416	5
2346	1
2346	2
2346	5
2346	6
2346	3
2346	4
1874	2
1874	1
165	1
2346	7
165	2
2346	8
165	3
1874	6
165	4
1874	5
165	5
1874	4
165	6
1874	3
165	7
166	5
583	1
166	4
166	3
583	4
583	5
166	8
583	2
166	7
583	3
583	8
583	6
583	7
1417	3
1417	2
166	1
166	2
1001	3
2345	2
1001	2
2345	3
1001	1
2345	1
167	6
167	7
167	8
167	2
167	3
167	4
167	5
1877	5
1877	7
1877	6
1877	1
1877	3
1877	2
1001	8
2345	8
1001	4
2345	5
1001	5
2345	4
1001	6
2345	7
2345	6
2343	8
2343	6
2343	7
169	1
169	3
2343	1
2343	4
2343	5
2343	2
2343	3
1002	7
1002	8
1002	1
1002	2
1877	8
1002	5
1002	6
1002	3
1002	4
1420	5
1420	6
1420	7
1420	8
1420	2
1420	1
1420	3
169	7
169	6
169	5
169	4
169	8
1038	2
1038	1
1038	8
1038	7
1038	6
1038	5
1038	4
1038	3
1940	2
1940	1
1940	4
1940	6
1940	5
1940	8
1940	7
1939	5
1939	3
1939	2
1939	8
1939	7
1939	6
1512	4
1512	1
1512	2
1512	7
1512	8
1512	5
1512	6
2352	4
105	5
105	4
2352	2
105	7
2352	1
105	6
2352	8
2352	7
105	8
2352	6
574	1
2352	5
574	2
574	3
574	5
574	6
574	7
1939	1
574	8
1511	1
1511	2
1511	3
1511	4
1511	5
1511	6
1511	7
1511	8
105	2
105	1
573	2
573	1
573	6
573	7
573	4
573	5
573	8
104	6
104	5
104	8
104	7
104	2
104	1
104	4
104	3
103	8
103	7
103	6
103	5
103	4
103	3
103	2
103	1
2353	8
2353	4
2353	5
2353	6
2353	7
2353	1
2353	2
2353	3
102	4
102	6
102	5
102	8
102	7
1508	7
1508	8
1508	5
1508	6
102	1
102	2
1508	3
1508	4
1508	1
1508	2
100	4
100	3
100	2
100	1
565	8
100	8
100	7
100	6
100	5
1948	2
1948	1
1948	4
2358	1
2358	2
99	6
99	8
99	3
99	2
99	5
99	4
1947	1
1947	8
565	4
1947	7
565	7
1947	6
565	6
1947	5
565	1
1947	4
1947	3
565	3
1947	2
565	2
567	1
2359	1
567	4
2359	2
567	5
2359	5
567	2
2359	4
567	3
2359	7
567	8
2359	6
567	6
2359	8
567	7
1043	1
1043	2
1946	2
1043	5
1946	1
1043	4
1043	7
1946	3
1043	6
1946	6
1946	5
1043	8
1946	8
1946	7
1519	1
1519	3
99	1
1519	4
1519	5
2358	6
2358	5
2358	4
2358	8
2358	7
1042	1
1042	2
1042	5
1042	6
1042	3
1042	4
1042	8
1042	7
2361	1
2361	2
2361	3
1513	8
1513	5
1513	6
1513	7
2361	8
2361	5
2361	4
2361	6
2360	7
2360	8
2360	5
2360	6
2360	3
1943	8
2360	4
1943	7
1943	6
2360	2
1943	5
1943	3
1943	2
1943	1
1513	3
1513	2
1513	1
1046	4
1046	3
1046	6
1046	8
1046	7
571	4
571	5
571	2
571	3
571	8
571	6
571	7
571	1
94	3
94	4
94	5
94	6
94	7
94	8
94	1
94	2
2362	8
2362	7
1046	1
1046	2
2362	2
2362	1
2362	6
2362	5
2362	4
2362	3
558	2
558	1
558	6
558	5
1954	2
1954	1
558	3
1954	4
1954	6
558	8
1954	5
558	7
92	8
92	7
92	6
92	5
1955	1
93	1
1954	7
93	3
1954	8
93	2
93	4
93	7
93	6
1496	4
1496	3
93	8
1496	2
1496	1
1496	8
1496	7
1496	6
1496	5
1497	8
1497	4
1497	5
1497	6
1497	7
1021	5
1021	6
1021	7
1021	1
1021	2
1021	3
1497	1
1497	3
1497	2
1021	8
1498	5
1498	6
1953	2
1498	3
1953	1
1498	4
1498	1
1498	2
92	1
92	2
1953	8
92	4
1953	7
1953	6
1498	7
1953	5
1498	8
1953	4
1492	6
1492	5
1492	8
1492	2
1492	1
1492	4
1492	3
2368	4
562	7
2368	3
562	8
2368	2
2368	1
2368	8
2368	6
2368	5
562	2
562	1
562	4
562	6
562	5
1025	8
2369	8
1494	2
1494	1
1025	4
2369	5
1025	5
2369	4
1025	6
2369	7
1025	7
2369	6
2369	1
1025	1
1025	2
2369	3
1025	3
2369	2
1948	6
1948	5
1948	8
1948	7
88	5
88	6
88	7
88	8
88	1
88	2
88	3
88	4
1494	7
1494	8
1494	5
1494	6
1494	4
85	8
551	1
551	3
551	2
551	5
551	4
551	6
551	8
1961	2
2371	1
1961	1
86	1
86	2
1961	4
86	6
1961	5
2371	2
1961	6
2371	5
86	4
1961	7
2371	4
86	3
1961	8
2371	7
2371	6
86	8
2371	8
86	7
1503	1
1503	3
1503	2
1503	5
1503	6
1503	7
1503	8
552	4
552	3
552	2
552	1
552	8
552	7
552	6
552	5
1504	7
1959	5
84	1
1504	8
1959	4
84	2
1504	5
1959	3
1504	6
1959	2
84	4
1504	3
1959	1
1504	4
1504	1
1504	2
84	5
1959	8
84	6
1959	7
84	7
1959	6
84	8
2373	5
2373	4
2373	7
2373	6
2373	1
2373	3
2373	2
1505	1
1505	2
1505	3
2373	8
1505	8
1960	6
85	6
1960	5
85	7
1960	8
85	4
1960	7
85	5
85	2
1505	5
1960	1
85	3
1505	6
1960	4
1505	7
1960	3
85	1
1957	3
554	8
1957	2
554	7
1957	1
82	1
82	2
1957	7
2374	1
82	3
2374	2
1957	5
82	5
1957	4
82	6
554	2
554	1
554	4
554	3
554	6
554	5
1499	5
1499	4
1499	3
1499	2
1499	8
1499	7
1499	6
2374	6
82	8
2374	5
82	7
1957	8
2374	4
1499	1
2374	8
2374	7
555	4
555	3
555	2
555	8
555	7
555	6
555	1
556	2
556	1
556	4
556	3
1955	8
1955	7
1955	6
1955	5
1955	4
1955	3
1955	2
2376	8
2376	7
2376	6
2376	5
2376	4
2376	3
2376	2
2376	1
556	5
556	6
556	8
557	8
557	6
557	4
557	5
557	2
557	3
557	1
1064	4
1064	3
1064	1
1064	8
1064	7
1064	6
1064	5
1484	7
2380	7
1484	8
2380	8
1484	5
2380	5
1484	6
2380	6
1911	8
1911	6
1911	7
1484	4
2380	4
1484	3
2380	3
1484	2
1484	1
2380	1
546	7
1911	1
546	8
1911	5
1911	2
1911	3
546	2
546	1
546	6
546	5
546	4
546	3
2379	2
2379	5
2379	4
2379	7
2379	6
2379	8
2379	1
1913	8
1913	7
1913	6
1913	5
1913	4
1913	2
1913	1
1482	8
1482	7
1482	6
1482	5
1482	4
1482	3
1482	2
1482	1
544	8
544	7
544	6
544	5
544	4
544	3
544	2
1912	5
1912	6
1912	7
1912	8
1912	1
1912	2
1912	3
1912	4
550	3
550	4
550	5
550	6
550	8
130	2
130	1
130	4
130	3
130	6
130	5
2383	8
2383	6
2383	7
1067	1
1067	5
1067	4
1067	3
1067	2
1067	8
550	2
1067	7
550	1
1067	6
2383	1
2383	3
2383	2
2383	5
2383	4
1479	5
2382	2
2382	1
1479	3
1479	2
1479	1
2382	8
2382	7
2382	6
1479	8
2382	5
1479	7
2382	4
1479	6
131	6
131	7
131	8
131	2
131	3
131	4
131	5
131	1
130	7
130	8
1071	1
1071	3
540	4
1071	2
540	3
1071	5
540	2
1071	4
540	1
125	8
1917	8
1917	2
125	1
1917	1
125	2
1917	6
125	5
1917	7
125	4
1917	4
125	7
1917	5
125	6
539	3
539	5
539	4
539	7
539	6
539	8
539	1
2385	8
2385	5
2385	4
2385	7
2385	6
2385	1
2385	3
2385	2
538	8
538	7
128	7
538	6
128	8
538	5
128	5
538	4
128	6
538	3
538	2
128	4
538	1
128	1
128	2
1919	4
1919	5
537	1
1919	2
537	2
1919	3
537	3
1919	1
1071	8
1071	6
1071	7
537	8
537	5
1919	8
537	4
537	7
1919	6
537	6
1915	1
1915	2
1915	4
1915	5
1915	6
1915	7
1915	8
2389	8
542	2
542	1
542	4
542	3
542	6
542	5
542	8
542	7
1916	6
1916	5
1916	8
1916	7
1076	1
1076	2
1076	3
1076	4
2389	5
2389	4
2389	7
2389	6
2389	1
1076	5
1076	6
2389	3
1076	7
2389	2
1076	8
540	6
540	5
540	8
540	7
1485	7
2388	4
1485	6
1485	5
2388	2
1485	4
2388	1
1485	3
1485	2
1485	1
1916	3
1916	4
1916	1
1916	2
2388	8
2388	7
2388	6
1485	8
2388	5
2393	8
2393	4
2393	5
2393	6
2393	7
2393	1
2393	3
2393	2
1469	8
1469	5
1469	4
1469	6
1469	1
1469	3
1469	2
533	5
533	7
533	6
533	1
533	3
533	2
1470	8
1470	6
119	7
1470	5
119	6
1470	4
1470	3
119	8
1470	2
119	3
1470	1
119	2
119	5
119	4
119	1
1926	4
1926	3
1926	6
530	8
1926	5
530	7
1926	8
1926	7
120	4
530	1
120	3
530	2
120	2
120	1
120	8
530	5
120	7
530	6
1926	1
530	3
1926	2
120	5
530	4
1927	8
1927	7
1927	6
1927	1
1927	5
1927	4
1927	3
1927	2
2392	4
2392	3
2392	2
2392	1
2392	8
2392	6
2392	5
535	5
535	4
535	3
535	2
535	8
535	7
535	6
2397	6
2397	7
2397	4
2397	5
2397	2
2397	3
2397	1
536	6
536	5
536	8
536	2
536	1
2397	8
536	4
536	3
2395	1
2395	3
2395	2
2395	5
2395	4
2395	7
2395	6
1923	1
2395	8
533	8
1055	8
1055	6
1055	7
1923	5
1923	3
1923	2
1923	8
1923	7
1923	6
1055	1
1055	5
1055	4
1055	3
1931	8
1931	6
1931	7
1931	4
1931	5
1931	2
1931	3
1931	1
525	8
2400	7
1056	8
525	5
2400	8
1056	7
525	4
2400	5
1056	6
525	7
2400	6
1056	5
525	6
2400	3
1056	4
525	1
2400	4
2400	1
1056	2
2400	2
1056	1
525	2
1477	5
1477	4
1477	7
1477	6
1477	1
1477	3
2401	8
1057	8
526	8
526	7
2401	4
1057	5
526	6
2401	5
1057	4
526	5
2401	6
1057	7
526	4
2401	7
1057	6
526	3
1057	1
526	2
2401	1
526	1
2401	2
1057	3
2401	3
1057	2
1477	8
2398	6
113	5
2398	5
113	4
2398	4
113	7
113	6
113	8
2398	8
2398	7
2398	2
113	1
2398	1
113	2
1058	2
1058	1
1058	6
1058	5
1058	4
1058	3
1058	7
1058	8
1934	3
1934	6
1934	5
1934	8
1934	7
1059	1
1934	2
1934	1
1059	8
1059	7
1059	6
1059	5
1059	4
1059	3
1059	2
108	1
108	2
108	3
1473	2
1473	1
108	6
108	5
108	8
108	7
1928	7
1928	8
1928	5
1473	8
1928	6
1473	7
1928	3
1473	6
1928	4
1473	5
1928	1
1473	4
1928	2
2404	1
1060	2
2404	2
1060	1
2404	3
1060	4
2404	4
1060	3
2404	5
1060	6
2404	6
1060	5
2404	7
1060	8
2404	8
1060	7
109	7
109	6
109	5
109	3
109	2
109	1
109	8
1061	3
1061	2
1061	1
1061	7
1061	6
1061	5
1061	4
1061	8
2402	2
2402	1
527	1
2402	6
527	2
2402	5
527	4
2402	3
527	5
2402	7
2402	8
527	8
527	7
527	6
1062	2
1062	1
1062	3
1062	4
1062	5
1062	6
1062	7
1062	8
1347	1
513	8
513	5
513	4
513	7
513	6
513	1
513	3
513	2
1777	8
1777	7
1777	4
1777	5
1777	2
1777	3
1777	1
514	6
514	5
514	4
514	3
514	2
514	1
882	8
882	7
882	3
882	4
882	5
882	6
882	1
882	2
1347	7
1347	6
1347	8
1347	3
1347	2
1347	5
1347	4
39	6
39	7
39	8
39	1
39	3
39	4
39	5
1348	8
1348	7
1348	6
1348	5
1775	8
514	7
514	8
1775	6
1775	7
1348	3
1348	2
1348	1
40	3
2197	1
40	4
40	1
2197	3
40	2
2197	4
40	7
2197	5
40	8
2197	6
2197	7
40	6
1349	8
1349	3
1349	2
1349	5
1349	4
1349	7
1349	6
1776	1
1776	2
1776	3
1776	4
1776	5
1776	6
1776	7
1776	8
1350	8
1350	7
1350	6
44	6
1350	5
44	5
1350	4
44	8
1350	3
44	7
2191	5
2191	4
2191	3
2191	2
2191	1
1350	1
44	1
1350	2
44	2
44	3
44	4
1351	3
1351	2
1351	5
1351	4
1351	1
1782	1
1782	2
1351	7
1351	6
1351	8
510	2
510	1
2191	6
2191	7
2191	8
510	8
510	7
510	6
510	5
510	4
510	3
876	7
1779	4
876	8
1779	5
1779	2
876	6
1779	3
1779	8
1779	6
1779	7
1352	4
1352	3
1352	1
1352	8
1352	7
1352	6
1352	5
2192	3
2192	4
2192	1
42	1
2192	2
42	2
2192	7
42	3
2192	8
2192	5
42	5
2192	6
42	6
42	7
42	8
876	4
1779	1
876	3
876	2
876	1
877	1
877	2
877	3
877	4
877	5
877	6
877	8
1353	1
1353	2
43	1
43	4
43	5
43	3
43	8
43	6
43	7
2187	7
2187	6
2187	8
1770	7
1770	8
2187	2
2187	5
2187	4
1770	3
1770	4
1770	5
2187	1
1770	6
47	8
1770	1
47	7
1770	2
47	6
1340	1
1340	2
1340	3
1340	4
1771	8
2188	4
1771	6
2188	2
1771	7
2188	1
1771	4
1771	5
1771	2
1771	3
1771	1
1340	8
1340	6
1340	5
521	1
521	2
2188	7
2188	8
2188	5
2188	6
1341	8
1341	1
521	6
521	7
1341	3
521	4
1341	2
521	5
1341	5
1341	4
1341	7
521	8
1341	6
873	1
1769	1
873	3
1769	3
873	2
1769	2
1342	6
522	7
1342	5
522	8
1342	4
1342	3
1342	8
1342	7
873	6
1769	6
873	7
1769	7
873	4
1769	4
522	1
873	5
522	2
1342	2
522	3
1342	1
522	4
873	8
1769	8
522	5
47	1
47	2
47	3
47	4
47	5
516	4
516	3
516	2
516	1
51	1
516	8
516	7
516	6
516	5
871	2
871	3
51	8
871	4
1774	1
51	7
871	5
1774	2
51	6
51	5
51	4
51	3
871	1
51	2
1774	7
2184	6
1774	8
2184	5
2184	8
2184	7
871	6
1774	3
2184	2
871	7
1774	4
2184	1
871	8
1774	5
2184	4
1774	6
2184	3
1344	8
1344	6
1344	5
1344	4
1344	3
1344	2
1344	1
1775	4
1775	5
1775	2
1775	1
869	1
869	3
869	2
869	5
869	4
869	7
869	6
869	8
870	2
870	1
870	5
1773	2
870	6
1773	3
870	3
1773	1
519	1
1773	6
519	2
1773	7
519	3
870	7
1773	4
519	4
870	8
1773	5
519	5
519	6
519	7
1773	8
519	8
500	8
2209	5
500	7
2209	6
500	6
2209	7
500	5
2209	8
1334	1
2209	1
500	3
2209	2
500	2
2209	3
500	1
868	5
868	6
868	7
868	8
868	1
868	2
868	3
868	4
2208	3
1791	8
2208	4
1791	7
2208	1
1791	6
2208	2
2208	7
2208	8
2208	5
2208	6
1791	1
1791	4
1791	5
1791	2
1791	3
2211	1
1790	7
1790	8
1335	7
1790	3
1335	6
1790	4
1790	5
1335	8
1790	6
1335	3
1335	2
1335	5
1790	1
1335	4
1790	2
2210	8
866	8
2210	7
1335	1
501	8
866	6
2210	5
866	5
2210	6
501	4
866	4
2210	3
501	7
866	3
2210	4
501	6
866	2
2210	1
501	1
866	1
2210	2
501	3
501	2
25	8
25	4
25	5
25	6
25	7
25	1
25	3
25	2
1789	8
1789	6
1789	7
1334	8
1789	4
1334	7
1789	5
1334	6
1789	2
1334	5
1334	4
1334	3
1789	1
31	8
31	7
31	6
865	1
865	2
865	3
865	4
865	5
865	6
865	7
865	8
2205	1
2205	2
2205	3
2205	4
2205	5
2205	6
2205	7
2205	8
31	1
31	4
31	5
31	2
31	3
495	7
495	6
1794	8
495	8
1794	7
1336	3
1336	1
1336	2
1336	7
1336	8
1336	5
1336	6
1339	1
863	6
2207	7
863	7
2207	6
863	8
2207	8
1339	7
1794	3
1339	6
1794	4
1794	5
1339	8
1794	6
1339	3
1339	2
1339	5
1794	1
1339	4
1794	2
29	6
29	7
29	4
29	5
29	2
29	3
29	1
863	3
2207	2
863	2
2207	3
863	5
2207	4
863	4
2207	5
29	8
2207	1
1338	6
1338	5
1338	4
1338	3
1338	2
1338	1
1338	8
1338	7
497	1
862	2
2206	1
862	1
497	3
497	2
497	8
862	8
2206	7
2206	8
497	5
862	6
2206	5
497	4
862	5
2206	6
497	7
862	4
2206	3
497	6
862	3
2206	4
1327	1
1327	4
1327	5
1327	2
1327	3
1784	1
1784	2
1784	3
1784	5
1784	6
1784	7
1784	8
1326	3
1326	4
1326	5
506	8
1326	6
506	7
1326	7
1326	8
506	2
506	1
506	6
506	5
1326	1
506	4
506	3
1782	7
1782	8
1327	7
1782	3
1327	6
1782	4
1782	5
1327	8
1782	6
32	7
32	8
32	5
32	6
32	3
32	4
32	1
32	2
1788	8
2198	5
1788	7
2198	6
1788	6
2198	3
503	1
1788	5
2198	4
503	3
503	2
2198	8
503	4
503	7
503	6
503	8
858	1
858	2
858	5
858	6
858	3
858	4
858	7
858	8
2197	8
1329	1
1329	2
1329	3
1329	4
1329	5
1329	6
1329	7
857	1
1329	8
857	3
857	4
857	5
857	6
857	7
857	8
1788	1
1788	2
1788	3
2198	2
1788	4
2198	1
856	8
2200	7
505	1
856	7
2200	8
856	6
2200	5
505	3
856	5
2200	6
505	2
2200	3
856	3
2200	4
856	2
2200	1
856	1
2200	2
505	8
1787	1
505	4
505	5
505	6
505	7
1787	8
1787	6
1787	4
1787	5
1787	2
1787	3
855	3
2199	2
2199	3
855	5
2199	4
855	4
2199	5
855	1
2199	1
855	7
2199	6
855	6
2199	7
2199	8
855	8
1786	3
1786	4
1786	5
1786	6
1786	1
1786	7
1786	8
1748	3
1748	2
1748	1
1748	8
1748	7
1748	6
1748	5
1321	2
1321	1
66	8
66	7
908	6
908	5
908	8
908	7
1321	5
2224	2
1321	4
2224	1
1321	7
2224	4
1321	6
2224	6
1321	8
2224	5
2224	8
2224	7
908	1
908	2
908	4
1319	4
1319	5
1319	2
2687	6
1319	1
2687	7
2687	8
1750	2
1750	1
1319	8
1319	6
1319	7
68	2
68	1
68	4
68	3
2687	2
2687	5
2687	4
68	6
68	5
68	8
2687	1
68	7
2688	7
2688	8
486	8
2688	5
486	7
2688	6
486	6
2688	3
486	5
2688	4
486	4
2688	1
486	3
2688	2
1320	5
1320	6
1320	7
1320	8
1320	1
1320	3
1320	4
1750	7
1750	8
1750	3
1750	4
1750	5
1750	6
486	1
486	2
2682	8
2682	7
1324	8
1324	7
1324	6
2682	2
1324	5
2682	1
2682	4
2682	6
2682	5
1751	8
1751	7
1324	4
1324	1
1324	2
1751	1
1751	5
1751	4
1751	3
1751	2
1325	8
71	8
71	6
1325	1
71	1
1325	3
1325	2
1325	5
71	5
71	4
1325	7
71	3
1325	6
71	2
484	8
484	7
484	6
484	4
484	3
484	2
484	1
72	6
72	5
72	8
72	7
72	2
72	1
72	3
1322	7
2218	7
1322	8
2218	8
1322	5
2218	5
1322	6
1322	3
2218	3
1322	4
2218	4
1322	1
2218	1
1322	2
2218	2
1323	6
1323	8
906	8
1323	2
906	7
1323	3
1323	4
1323	5
906	3
906	6
906	5
1323	1
906	2
906	1
900	1
2692	4
900	2
900	3
2692	2
900	4
2692	1
900	5
2692	8
900	6
2692	7
900	7
2692	6
900	8
2692	5
494	1
494	6
494	5
494	4
494	3
2217	1
494	8
494	7
2217	3
2217	7
2217	6
2217	5
74	2
2217	4
74	1
74	4
74	3
74	6
2217	8
74	5
74	8
901	3
74	7
2693	3
901	1
2693	2
901	6
2693	5
901	7
2693	4
901	4
2693	7
901	5
2693	6
2693	8
901	8
1742	2
1742	1
1742	6
1742	5
495	1
1742	4
1742	3
495	2
495	5
1742	8
495	4
1742	7
75	1
492	3
2694	2
75	8
2694	1
492	1
902	1
75	7
492	2
902	2
75	6
75	5
75	4
75	3
75	2
902	8
902	7
2694	7
2694	8
492	8
902	4
2694	5
492	7
902	3
2694	6
492	6
902	6
2694	3
492	5
902	5
1743	3
1743	2
1743	5
1743	4
1743	1
1743	8
1743	6
1743	7
76	2
76	1
76	4
76	3
903	5
1313	2
903	4
1313	3
903	3
1313	1
903	1
76	5
76	6
76	7
76	8
2216	7
2216	8
1313	8
2216	5
2216	6
1313	6
2216	3
903	8
1313	7
2216	4
903	7
1313	4
2216	1
903	6
1313	5
2216	2
2213	1
490	8
2213	2
490	7
2213	4
2213	5
2213	6
2213	7
490	2
1744	2
490	1
1744	1
1744	4
1744	3
490	6
1744	6
490	5
1744	5
490	4
1744	8
490	3
1744	7
2689	7
2689	6
2689	5
2689	4
2689	8
2213	8
2689	3
2689	1
491	3
1745	7
491	2
1745	6
1745	5
491	4
1745	4
491	7
491	6
491	8
1745	8
1745	3
1745	2
491	1
1745	1
78	4
78	6
78	5
78	8
78	7
78	2
78	1
2211	6
2211	7
2211	8
2211	2
2211	3
2211	4
2211	5
489	2
79	5
489	3
79	4
79	3
489	1
79	2
79	1
1316	7
1316	8
1316	5
1316	6
489	8
1316	4
1316	1
1316	2
489	5
79	6
489	4
489	7
79	8
489	6
474	6
474	5
474	4
474	3
474	2
2700	7
474	1
2700	8
2700	5
2700	6
54	1
474	8
474	7
894	1
894	2
1762	7
1762	8
53	8
894	7
894	8
2700	3
2700	2
2700	1
894	3
894	4
894	5
894	6
1762	6
53	4
1762	5
53	5
53	6
1762	3
53	7
1762	2
1762	1
53	1
53	2
53	3
893	6
2237	7
893	7
2237	6
893	4
2237	5
2699	1
893	5
2237	4
893	2
893	3
2237	2
2237	1
893	1
2699	7
2699	6
2699	8
2699	3
2699	2
893	8
2699	5
2237	8
896	2
896	1
1306	1
896	3
896	6
1306	3
896	5
1306	4
896	8
1306	5
896	7
1306	6
1306	7
1306	8
1764	1
1764	2
1764	3
1764	4
1764	5
1764	6
1764	7
1764	8
1305	6
895	8
1305	7
895	7
1305	4
895	6
1305	5
1305	8
54	4
54	3
54	6
54	5
471	2
54	8
471	3
54	7
471	4
471	5
471	6
471	7
895	1
471	8
1305	3
895	5
1305	2
895	2
895	3
2697	3
2697	2
2697	1
1766	7
1766	8
57	8
1766	3
57	7
1766	4
57	6
1766	5
57	5
1766	6
57	4
57	2
57	3
1766	2
1766	1
57	1
1768	1
1768	2
1768	3
1768	4
1768	6
1768	7
1768	8
1309	8
1309	1
1309	2
1309	3
1309	5
1309	6
1309	7
468	5
1767	8
468	6
468	7
1767	6
468	8
1767	7
1767	1
468	1
1767	4
468	2
1767	5
468	3
1767	2
468	4
1767	3
2697	4
2697	5
2697	6
2697	8
481	1
481	3
481	2
1301	6
481	8
1301	7
1301	4
1301	5
481	5
1301	2
481	4
481	7
481	6
1301	1
2230	8
886	8
2230	7
886	3
2230	4
886	4
2230	3
886	5
2230	6
886	6
2230	5
1300	1
1300	3
1300	4
1300	5
1300	6
1300	7
1300	8
479	1
479	2
1299	1
479	3
479	4
479	5
479	7
1299	4
479	6
1299	5
1299	2
479	8
1299	3
1299	8
1299	6
1299	7
2230	1
2230	2
478	1
478	2
478	5
888	1
478	6
888	2
478	3
888	3
1298	2
478	4
888	4
1298	1
888	5
1298	4
888	6
1298	3
478	7
478	8
888	8
1298	5
1298	7
1298	8
1304	7
1304	8
1759	4
1304	5
1759	3
1304	6
1759	2
1304	3
1759	1
1304	4
1304	1
2703	6
2703	7
2703	8
64	6
64	5
64	8
64	7
1759	8
64	2
64	1
1759	6
64	4
1759	7
64	3
63	5
63	2
63	3
1303	6
1303	7
63	1
1303	8
1303	2
1303	3
1303	4
1303	5
2703	5
2703	4
2703	3
2703	1
63	8
63	7
63	6
2705	4
2705	5
2705	6
2705	7
2705	8
885	8
2705	1
2705	2
2705	3
66	1
886	1
66	4
886	2
66	3
66	6
66	5
1301	8
475	4
65	7
475	5
885	1
65	6
475	2
885	2
65	5
885	3
65	4
475	8
885	4
885	5
475	6
885	6
475	7
65	8
1760	1
1760	2
1760	3
1760	4
1760	5
65	3
475	1
1760	6
65	2
1760	7
65	1
1760	8
1836	4
933	6
1836	3
2246	2
933	5
1836	2
933	4
1836	1
933	3
933	2
933	1
2246	8
2246	7
2246	6
1836	8
2246	5
933	8
1836	5
2246	4
1836	6
2246	3
1406	1
1406	2
1406	7
1406	8
1406	4
1406	5
1406	6
455	4
1837	4
455	5
1837	5
455	2
1837	6
455	3
1837	7
1837	1
1837	2
1837	3
455	8
1837	8
455	6
455	7
2654	1
2654	2
2654	3
1407	1
2654	4
2654	5
2654	6
1407	4
1407	5
2654	8
1407	2
1407	3
1407	8
1407	7
1407	6
456	1
456	2
456	3
456	4
456	5
456	6
456	7
456	8
1835	1
1835	3
1835	2
2655	1
1835	5
1835	4
1835	7
1835	6
2655	5
2655	2
1835	8
2655	3
1408	2
1408	1
2655	8
1408	4
2655	7
1408	3
2655	6
1408	6
1408	5
1408	8
1408	7
2249	1
2249	3
2249	2
2249	8
2249	7
2249	6
2249	5
2249	4
937	3
1833	3
937	2
1833	2
937	1
1833	1
1402	7
1402	8
1402	5
1402	6
1402	3
1402	4
1402	2
458	7
458	8
458	5
937	8
1833	8
458	6
458	3
458	4
458	1
937	4
1833	4
458	2
937	5
1833	5
937	6
1833	6
937	7
1833	7
1403	6
1403	7
1403	8
1403	2
1403	4
1403	5
1403	1
459	2
2251	5
2251	4
459	4
2251	3
459	5
459	6
459	7
2251	8
459	8
2251	7
2251	6
2251	1
459	1
935	8
1831	8
935	7
1831	7
2658	1
935	6
1831	6
2658	2
1404	3
2658	3
2658	4
1404	1
2658	5
1404	2
2658	6
935	1
935	5
1831	5
935	4
1831	4
935	3
1831	3
1831	2
1404	6
1404	5
1404	8
2658	8
1404	7
2658	7
462	1
462	2
462	7
462	8
2664	5
2664	8
2664	7
2664	2
462	4
2664	1
462	5
2664	4
462	6
2664	3
1400	1
1400	2
1400	3
1400	4
1400	5
1400	6
1400	7
1400	8
2662	4
2662	3
2662	6
2662	5
2662	8
2662	7
2662	1
2662	2
1826	4
930	3
930	6
1826	6
930	5
1826	5
930	2
1826	2
930	1
1826	1
465	8
2667	7
2667	6
2667	8
2667	3
465	5
2667	2
465	6
465	7
2667	4
465	1
465	2
2667	1
465	3
930	7
1826	7
930	8
1826	8
1397	1
1397	2
1397	3
1397	4
2665	2
1397	5
2665	3
1397	6
1397	7
2665	1
1824	2
1824	1
1824	4
1824	3
1824	6
1824	5
1824	8
1824	7
2244	6
2244	5
2244	8
2244	7
2244	2
2244	1
2244	4
2244	3
929	7
929	6
929	5
929	4
929	8
2245	8
929	3
929	2
2245	3
2245	2
2245	7
2245	6
2245	5
2245	4
2665	5
2665	4
2665	7
1397	8
2665	6
2665	8
1392	1
1392	2
1392	3
1392	4
1392	5
1392	6
1392	7
1392	8
1851	1
1851	2
2261	1
1851	3
1851	4
2261	3
1851	5
2261	2
1851	6
2261	5
1851	7
2261	4
1851	8
2261	7
2261	6
919	1
1391	8
1391	6
919	5
919	4
919	3
919	2
919	8
919	7
919	6
1850	1
1850	2
1850	5
2260	4
2260	3
1850	3
2260	2
2670	2
1850	4
2260	1
2670	1
2260	8
2670	4
2260	7
2670	3
1850	7
2260	6
2670	6
1850	8
2260	5
2670	5
2670	8
2670	7
918	8
2262	7
918	7
2262	8
2262	3
918	3
2262	4
918	6
2262	5
918	5
2262	6
2669	7
2669	6
2669	5
2669	4
2669	3
2669	2
2669	1
2669	8
2261	8
2668	1
2668	3
2668	4
2668	6
2668	5
2668	8
2668	7
918	1
2262	2
918	2
2262	1
2264	2
2264	1
2264	4
2264	3
2264	6
2264	5
2264	8
2264	7
444	7
444	8
444	5
444	6
2673	5
2673	4
2673	7
2673	6
1388	4
2673	8
1388	2
1388	1
2673	1
2673	2
444	2
444	1
444	4
444	3
1388	7
1388	8
1388	5
1388	6
446	7
446	8
446	5
446	6
446	3
446	4
446	2
1845	8
1391	2
1391	3
1391	4
1391	5
2266	7
2266	8
1391	1
2266	3
2266	4
2266	5
2266	6
2266	1
2266	2
921	2
921	3
921	1
1845	7
1845	6
1845	4
1845	3
1845	2
1845	1
921	8
921	7
921	6
921	5
921	4
1844	3
1844	4
1844	2
1844	7
1844	8
1844	5
1844	6
1385	6
1385	7
1385	4
1385	5
913	2
913	1
1385	8
913	7
913	6
913	5
913	4
913	8
447	8
1843	2
1843	3
447	6
1843	4
447	7
1843	5
1843	6
1843	7
1843	8
1385	1
1385	3
1385	2
912	2
912	1
912	4
912	3
912	6
912	5
912	8
912	7
447	1
447	4
447	3
1843	1
447	2
1842	7
1842	8
450	3
450	4
450	5
450	6
450	2
1842	6
1842	4
1842	3
1842	2
1842	1
1386	3
1386	4
1386	5
1386	6
1386	1
1386	2
1386	7
1386	8
1382	5
2681	4
1382	6
2681	5
1382	3
2681	6
1382	4
2681	7
2681	8
1382	7
1382	8
2257	7
2257	6
2257	5
2257	4
1382	2
2681	1
1382	1
2257	8
2681	2
1840	3
1840	4
1840	1
1840	7
1840	8
2257	2
1840	5
2257	1
1840	6
916	6
916	5
916	8
916	7
916	2
916	1
916	4
916	3
2680	3
2680	2
2680	1
2680	8
2680	7
2680	6
2680	5
1839	6
1839	7
2256	1
450	7
1839	8
2256	4
450	8
2256	3
2256	6
2256	5
2256	8
2256	7
1839	5
1839	4
1839	3
1839	2
1839	1
915	8
915	7
915	6
915	5
453	8
915	4
915	2
453	4
453	5
915	1
453	6
453	7
2679	7
453	1
2679	6
453	2
453	3
2679	8
2679	2
2679	5
2679	4
2679	1
1838	8
1838	7
1838	4
1838	3
1838	5
1838	2
1838	1
2258	7
2258	8
2258	4
2258	3
2258	6
2258	5
452	7
452	8
2258	2
452	6
2258	1
452	3
452	4
452	1
452	2
959	1
959	5
428	2
959	4
428	1
959	3
428	4
1379	4
2275	4
1379	5
2275	5
1379	2
2275	2
1379	3
2275	3
1379	8
2275	8
1379	6
2275	6
1379	7
2275	7
1807	1
15	1
1807	4
15	3
1807	5
15	2
1807	2
15	5
1807	3
15	4
959	8
428	5
428	6
959	6
428	7
959	7
428	8
2276	5
2276	6
2276	7
2276	8
1807	7
15	8
2627	4
1807	6
2627	5
15	6
2627	2
1807	8
15	7
2627	3
2276	1
2627	8
2276	2
2627	6
2276	4
2627	7
429	8
429	2
429	3
429	1
429	6
429	7
429	4
429	5
426	8
426	7
426	4
426	3
426	6
426	2
426	1
1378	6
2274	6
1378	5
2274	5
1378	4
2274	4
1378	3
2274	3
1378	2
2274	2
1378	1
2274	1
2629	6
427	8
2629	7
427	7
17	8
2629	4
2629	5
427	5
17	6
2629	2
427	4
17	7
2629	3
427	3
17	4
427	2
2629	1
427	1
17	2
17	3
17	1
1378	7
1378	8
2274	8
1379	1
2275	1
2629	8
1803	1
1803	5
1803	2
1803	3
1803	8
1803	6
1803	7
1376	3
1376	4
2279	1
1376	1
1376	2
1376	7
2279	4
1376	8
2279	5
1376	5
2279	2
1376	6
2279	3
2279	8
2279	6
2279	7
432	3
432	4
432	1
432	2
432	8
432	5
432	6
1804	1
1804	2
1804	3
1804	4
1804	6
1804	5
2631	1
1804	8
1804	7
2631	4
2631	5
2631	3
2631	8
2631	6
2631	7
430	2
430	1
430	8
2632	5
430	7
2632	6
2632	7
2632	8
2632	1
430	3
2632	2
430	6
2632	3
430	5
2632	4
965	4
1375	3
965	5
1375	2
965	6
1375	5
965	7
1375	4
2278	1
965	1
965	2
1375	1
965	3
2278	7
2278	8
14	2
1806	2
1806	1
1375	6
2278	3
965	8
1375	7
2278	4
1375	8
2278	5
2278	6
1806	8
1806	7
14	7
14	8
1806	4
14	5
1806	3
14	6
1806	6
14	3
1806	5
14	4
1800	1
1800	2
1800	3
1800	4
1800	5
22	2
1800	6
22	1
1800	7
1800	8
952	2
952	1
952	4
952	3
952	6
952	5
952	8
952	7
2268	5
2268	6
2268	7
21	8
2268	8
1801	2
1801	3
1801	1
953	6
953	7
953	5
953	8
2634	8
1373	8
2269	8
953	3
953	2
953	1
1373	2
2269	2
22	3
1373	3
2269	3
22	4
22	5
2634	1
1373	1
2269	1
22	6
2634	2
1373	6
2269	6
22	7
2634	3
1373	7
2269	7
22	8
2634	4
1373	4
2269	4
2634	5
1373	5
2269	5
2634	6
1371	7
2267	7
1371	6
2267	6
1371	8
2267	8
1371	3
2267	3
1371	2
2267	2
1371	5
2267	5
1371	4
1371	1
2267	1
433	8
433	7
23	8
433	6
433	5
23	6
433	4
23	7
433	3
23	4
433	2
1801	8
23	5
433	1
23	2
23	3
1801	5
23	1
1801	7
1801	6
955	8
2268	4
2268	3
955	6
2268	2
955	7
2268	1
955	5
955	2
955	3
955	1
1802	8
1802	7
1802	6
1802	5
1802	4
1802	3
1802	2
1802	1
1369	4
2272	1
2637	2
1369	5
2272	2
2637	3
1369	6
2272	3
1369	7
2272	4
2637	1
1369	8
2272	5
2637	6
2272	6
2637	7
2272	7
2637	4
2272	8
2637	5
2637	8
1796	1
1796	2
1796	4
1796	5
1796	6
1796	7
1796	8
1369	1
1369	3
1369	2
1370	1
19	2
19	3
19	4
1797	8
19	5
1370	5
2273	2
19	6
1370	6
19	7
1370	3
19	8
2638	1
1370	4
2273	1
2638	2
2273	6
2638	3
2273	7
2638	4
1370	7
2273	4
2638	5
1370	8
2273	5
2638	6
2638	7
2638	8
2273	8
439	1
439	2
439	3
439	4
439	5
439	6
439	7
1797	3
439	8
1797	1
1797	6
1797	7
1797	4
19	1
1797	5
1798	8
1798	7
1798	4
1798	3
1798	6
1798	5
2639	4
2639	5
2639	2
2639	3
2639	1
1367	3
1367	2
1367	5
1367	4
1367	1
1798	1
1798	2
1367	7
1367	6
1367	8
1799	5
1799	4
1799	3
1799	2
1799	1
2271	8
2271	6
2271	7
21	4
21	5
21	6
21	7
1799	8
21	1
1799	7
21	2
1799	6
21	3
958	1
958	2
2639	7
2639	6
2639	8
2271	5
2271	4
958	7
2271	3
958	8
2271	2
958	5
2271	1
958	6
958	3
958	4
1821	8
1366	7
1821	5
1366	8
1821	4
1821	7
1821	6
1821	1
1366	4
1366	5
1821	3
1366	6
1821	2
2	5
2	4
2	3
2	2
2	1
414	8
414	7
2289	8
414	4
2289	6
414	3
2289	7
414	6
414	5
2289	5
2289	2
2289	3
414	2
414	1
2289	1
1365	8
1366	2
1366	1
413	8
2643	1
413	3
3	4
413	2
3	5
413	1
3	2
3	3
413	7
3	8
413	6
413	5
3	6
413	4
3	7
1365	1
1365	3
1365	2
1365	5
1365	4
1365	7
1365	6
2643	5
2643	4
2643	3
2643	2
2643	8
2643	7
2643	6
1822	6
1822	5
1822	4
2642	1
1822	3
947	1
2642	3
2642	4
1822	8
2642	5
1822	7
2642	6
412	6
2287	8
2	7
412	5
2	8
412	8
2287	6
412	7
2287	7
1822	2
1822	1
3	1
947	4
2642	8
947	5
2642	7
947	2
947	3
947	8
947	6
947	7
949	8
1363	1
1363	6
1363	7
1363	8
1363	2
1363	3
1363	4
1363	5
2645	6
2645	7
2645	4
2645	5
2645	2
2645	3
2645	1
1362	6
1362	5
1362	4
1362	3
1362	2
1362	1
2644	1
2644	2
2644	3
2644	4
1362	7
1362	8
949	7
949	6
949	5
949	4
949	3
2644	5
949	2
2644	6
949	1
2644	7
2644	8
951	1
951	2
1361	1
951	3
951	4
1361	3
951	5
1361	2
951	6
1361	5
951	7
1361	4
951	8
1361	7
1361	6
1361	8
2645	8
416	1
416	4
416	3
416	6
1819	1
416	5
416	8
416	7
1819	5
1819	4
1819	2
1819	8
1819	7
1819	6
2648	5
2648	6
2648	7
2648	8
2648	1
2648	2
2648	3
2648	4
8	8
8	7
8	6
8	5
8	4
8	2
8	1
2282	7
2282	8
2282	3
2282	4
2282	5
2282	6
2282	1
2282	2
941	8
941	2
941	3
941	1
941	6
941	7
941	4
941	5
2281	6
2281	7
2281	4
2281	5
2281	8
2281	1
2281	3
940	5
2649	7
940	6
2649	6
940	7
2649	5
940	8
2649	4
2649	8
1815	7
1815	6
1815	8
940	2
2649	2
940	1
940	4
940	3
2649	1
1815	1
1815	3
1815	2
1815	5
1815	4
1811	8
1811	7
1811	6
1356	7
1811	5
5	8
1356	8
1811	4
1356	5
1356	6
1811	2
943	5
2287	4
943	4
2287	5
943	3
2287	2
943	2
2287	3
943	1
2287	1
425	8
425	4
425	5
425	6
1356	4
5	5
1356	3
1811	1
1356	2
5	7
5	6
5	1
5	3
5	2
1810	8
1810	7
425	3
425	2
425	1
4	4
4	3
4	2
4	1
1810	3
1810	4
1810	5
1810	6
4	8
4	7
1810	1
4	6
1810	2
4	5
7	1
7	2
7	3
7	4
7	5
424	2
7	6
424	1
7	7
424	4
7	8
424	3
424	6
424	5
424	8
424	7
944	3
944	4
944	1
2653	3
944	2
2653	2
944	7
2653	5
944	8
2653	4
944	5
2653	7
944	6
2653	6
2653	8
943	6
1353	5
943	7
1353	4
943	8
1353	7
1353	6
1353	8
748	4
2623	2
2092	3
748	3
2623	3
2092	4
748	2
2623	4
748	1
2623	5
2092	2
2623	1
1672	7
1672	8
1672	5
1672	6
1672	3
1672	4
1672	1
1672	2
748	7
2623	7
2092	8
748	8
2623	6
2092	7
748	5
2092	6
748	6
2623	8
2092	5
1218	4
1218	3
1218	6
749	8
1218	2
1218	1
749	4
749	5
749	6
749	7
749	1
749	2
749	3
2625	5
2625	4
2625	7
2625	6
2625	8
2625	1
2625	3
2091	2
2091	3
2091	4
2091	5
2091	6
2091	7
2091	8
2091	1
751	1
751	2
751	3
751	4
1216	2
1216	4
1216	3
1216	6
1216	5
1216	8
1216	7
1220	4
1220	3
1220	2
1220	1
1220	8
1220	7
1220	6
1220	5
745	3
2620	1
745	2
2620	2
745	1
2620	4
394	5
745	8
394	6
394	4
394	1
745	4
2620	8
394	2
745	5
2620	7
745	6
2620	6
745	7
2620	5
1221	5
1676	1
1221	4
1676	2
1221	7
1676	3
1221	6
1676	4
1221	1
394	7
394	8
1221	2
1221	8
1676	6
1676	5
1676	8
1676	7
746	1
746	2
1218	8
1218	7
746	5
746	6
746	4
746	7
746	8
1677	2
2087	1
1677	1
1677	7
2087	4
1677	6
2087	5
1677	5
1677	4
2087	3
392	2
2087	8
392	1
392	4
2087	6
1677	8
2087	7
392	6
392	5
1219	1
392	8
392	7
1219	3
1219	5
1219	4
1219	7
2622	2
1219	6
2622	1
747	1
1219	8
747	2
2622	6
747	3
2622	5
747	4
2622	4
747	5
747	6
747	7
747	8
2622	8
2622	7
2088	1
2088	3
2088	4
2088	5
2088	6
2088	7
2088	8
1224	6
1679	2
1224	5
1679	3
1224	8
1679	4
1679	5
1224	2
1224	1
1224	4
1224	3
1679	1
2616	7
2616	8
2616	5
2616	6
2616	4
2616	1
2616	2
391	6
391	7
391	8
391	3
391	4
391	5
391	1
1679	8
1679	7
1679	6
2618	8
2618	7
1222	4
2618	2
1222	3
2618	1
1222	6
1222	5
1222	8
1222	7
2618	5
2618	4
2618	3
1222	1
2619	3
1223	8
2619	2
1223	7
2619	5
1223	6
2619	4
758	1
2619	6
2619	8
389	8
1223	1
2098	8
2098	7
1223	5
1223	4
1223	3
2619	1
1223	2
389	1
2098	1
2098	2
389	2
389	5
2098	5
389	4
2098	6
389	7
2098	3
389	6
751	6
751	7
386	7
751	8
386	8
1683	8
1683	7
1683	6
1683	5
1683	3
1683	2
2614	1
2614	2
752	7
752	8
752	5
752	6
752	4
752	1
752	2
1683	1
1684	2
1684	1
1684	4
1684	3
1684	6
1684	5
1684	8
1684	7
2614	6
2614	5
2614	4
2614	3
2614	8
2614	7
1685	3
1685	2
386	2
1685	1
386	1
386	4
1685	7
386	3
1685	6
386	6
1685	5
1685	4
1226	2
1226	1
1226	6
1226	5
1226	4
1226	3
1226	8
1226	7
2610	1
2610	2
2079	1
2610	5
2079	2
2079	3
2610	3
2079	4
2610	4
2079	5
412	4
412	1
412	2
2079	7
2079	6
2610	8
2610	7
2079	8
2609	4
2609	5
2609	6
2609	7
2609	8
2609	1
2609	2
2077	8
2077	4
2077	5
2077	6
2077	7
764	6
1660	6
2077	1
764	5
1660	5
2077	2
764	8
1660	8
2077	3
764	7
1660	7
1230	8
1230	7
1230	4
2612	8
2612	7
410	7
1230	6
2612	6
410	8
1230	5
2612	5
410	5
2612	4
410	6
2612	3
1230	2
2612	2
410	4
1230	1
2612	1
410	1
410	2
409	1
409	3
2611	1
409	2
1660	3
764	4
1660	4
764	1
1660	1
764	2
1660	2
1229	8
2611	7
409	8
1229	7
2611	6
1229	6
2611	8
1229	4
409	4
1229	3
2611	2
409	5
1229	2
2611	5
409	6
1229	1
2611	4
409	7
1235	1
1235	2
1235	3
1235	4
1235	5
1235	6
1235	7
1235	8
758	5
1661	2
758	6
1661	3
758	3
407	1
758	4
1661	1
407	2
1661	6
407	3
1661	7
407	4
758	7
1661	4
407	5
758	8
1661	5
407	6
407	7
407	8
1661	8
2606	1
2606	2
2606	3
2606	4
2606	5
2606	6
2606	7
2606	8
2608	8
2608	7
2608	6
2608	5
2608	4
2608	3
2608	2
2608	1
1664	6
1664	5
1664	8
1664	7
1664	2
1664	1
1664	4
1664	3
1232	8
1232	7
1232	6
1232	5
1232	4
1232	3
1232	1
2073	3
2073	2
2073	1
2073	8
2073	6
2073	7
2073	4
2073	5
2086	6
2086	5
2086	4
2086	8
2086	7
2086	1
2086	2
1665	4
1665	5
1665	6
1665	7
1665	8
1665	1
1665	2
1665	3
403	6
403	7
403	8
403	2
403	3
403	4
403	5
403	1
2084	7
2084	8
2084	5
2084	6
2084	3
771	8
1667	8
2084	4
771	7
1667	7
2084	1
771	6
1667	6
2084	2
771	5
1667	5
771	4
1667	3
771	2
1667	2
771	1
1667	1
1236	6
1236	5
1236	8
1236	7
1236	2
1236	1
1236	4
1236	3
402	7
402	8
402	6
402	5
402	4
402	3
402	2
402	1
1242	1
1242	2
1242	5
1242	6
1242	3
1242	7
1242	8
766	1
766	2
766	5
766	6
766	3
766	4
766	7
766	8
1241	5
1241	6
1241	7
1241	8
400	4
400	1
400	2
400	7
400	8
400	5
400	6
1241	1
1241	3
1241	2
768	8
768	6
768	5
768	4
768	3
768	2
768	1
1240	8
1240	7
1240	6
1240	5
1240	4
1240	2
1240	1
2080	5
2080	7
2080	8
2080	1
2080	2
2080	3
2080	4
1239	3
1239	2
1239	5
1239	4
1239	1
1239	6
1239	8
367	7
777	7
367	6
777	6
1187	5
777	5
1187	2
367	8
777	4
1187	3
1187	8
1187	6
777	8
1187	7
2597	1
2597	2
2597	3
2118	1
2597	5
2118	2
2597	6
2597	7
2118	6
2597	8
2118	5
2118	4
2118	3
2118	8
2118	7
1188	1
1188	2
1188	3
1188	4
1188	5
1188	6
1188	7
1188	8
2598	2
2598	6
2598	5
2598	4
2598	3
2598	8
2598	7
1647	1
1647	3
1647	4
1647	5
369	1
369	2
369	8
369	5
369	4
369	7
369	6
776	7
2120	8
776	8
2120	7
776	5
2120	6
776	6
2120	5
776	3
2120	4
776	4
2120	3
776	1
2120	2
776	2
2120	1
2121	1
777	1
777	2
2121	3
777	3
2121	2
364	1
774	1
364	2
774	2
364	3
364	4
2594	1
2594	2
2594	3
2594	4
2115	1
2594	5
2594	6
364	6
774	6
364	5
774	5
364	8
774	4
364	7
774	3
774	8
774	7
2115	3
2115	2
2594	8
2115	5
2594	7
2115	7
2115	6
2115	8
775	7
1192	1
775	6
1192	2
1192	3
365	8
775	8
1192	4
1192	5
1192	6
1192	7
1192	8
365	2
365	1
775	1
365	7
775	3
365	6
775	2
365	5
775	5
365	4
775	4
772	7
2116	8
772	8
2116	7
772	5
2116	6
772	6
2116	5
772	3
2116	4
772	4
2116	3
772	1
2116	2
772	2
2116	1
1647	8
1647	6
1647	7
366	8
1193	2
366	7
1193	3
1193	1
366	4
366	3
366	6
366	5
2592	5
2592	7
366	2
2592	8
366	1
2592	1
2592	2
2592	3
2592	4
2117	5
2117	4
2117	7
2117	6
2117	1
2117	3
2117	2
1193	8
1193	5
1193	4
1193	7
1193	6
367	5
367	4
367	2
367	1
2117	8
2125	1
2125	3
2125	2
2125	5
2125	4
2125	7
2125	6
2125	8
1194	1
1194	2
2590	1
1194	3
2590	2
1194	4
1194	5
1194	6
2590	5
1194	7
2590	6
1194	8
2590	3
2590	4
2590	7
2590	8
2591	7
2591	6
2591	8
2126	2
2126	1
2126	6
2126	5
2126	4
2126	3
2126	8
2126	7
785	3
785	2
1195	1
785	1
785	7
1195	4
785	6
1195	5
785	5
1195	2
2591	1
785	4
1195	3
2591	2
1195	8
2591	3
2591	4
1195	6
2591	5
785	8
1195	7
1196	6
1196	5
1196	8
1196	7
2127	3
2127	2
2127	5
2127	4
2127	1
1196	1
1196	2
1196	3
1196	4
1197	7
1197	6
1197	5
1197	4
1197	3
1197	2
1197	1
1197	8
363	1
2127	8
2127	7
363	7
363	6
363	8
363	3
363	2
363	5
363	4
1656	1
1656	2
1656	4
1656	5
1656	6
1656	7
1656	8
2121	5
2121	4
2121	7
2121	6
2121	8
782	6
782	5
1199	1
782	4
782	3
1199	4
1199	5
782	8
1199	2
782	7
1199	3
782	1
2122	8
2122	7
2122	2
2122	1
2122	6
2122	5
2122	4
359	8
359	7
359	6
359	5
2585	8
359	3
359	2
2585	6
359	1
2585	7
2585	4
2585	5
2585	3
2123	7
2585	2
2123	6
2585	1
2123	8
2123	3
2123	2
2123	5
2123	4
1199	6
1199	8
360	6
360	5
360	8
360	7
2586	7
360	2
2586	8
360	1
360	4
2586	3
2586	4
2586	5
2586	6
780	8
2124	7
780	7
2124	8
2586	1
780	6
2124	5
2586	2
780	5
2124	6
2124	4
780	4
2124	3
780	1
2124	2
780	2
2124	1
1655	8
1655	6
1655	7
1200	8
1655	4
1655	5
1200	6
1655	2
1200	5
1655	3
1200	4
1200	3
1655	1
1200	2
1200	1
382	2
382	1
792	6
1202	3
792	5
382	8
792	8
1202	5
792	7
1202	6
382	6
792	2
382	5
792	1
382	4
792	4
1202	1
382	3
792	3
1202	2
1202	8
1202	7
381	5
791	5
1201	2
381	4
791	4
381	7
791	3
381	6
791	2
1201	1
381	1
791	1
381	3
1201	8
1201	6
381	8
791	8
1201	7
791	7
1201	4
791	6
1201	5
1631	1
1631	3
1631	2
1631	5
1631	4
1631	6
1631	7
1631	8
789	8
383	1
383	3
383	2
1203	1
383	5
383	4
383	6
1203	5
383	7
1203	4
383	8
1203	3
1203	2
1203	8
1203	7
1203	6
1636	5
1636	6
1636	7
1636	8
1636	2
1636	3
1636	4
1205	8
2101	8
789	5
379	8
789	4
379	7
789	7
1206	1
2102	1
379	6
789	6
379	5
789	1
379	4
379	3
789	3
379	2
789	2
379	1
1205	6
1205	7
2101	7
1205	4
2101	4
1205	5
2101	5
788	8
2101	2
788	7
1205	3
2101	3
788	6
788	5
1205	1
2101	1
788	3
788	2
788	1
1207	7
1207	6
1207	8
787	1
380	7
380	8
380	5
1207	1
1207	3
1207	5
1207	4
787	3
787	2
787	5
787	4
787	7
787	6
787	8
2578	2
2578	1
2578	3
2578	6
2578	5
1206	6
2102	6
1206	5
2102	5
1206	4
2102	4
1206	3
2102	3
1206	8
2102	8
1206	7
2102	7
380	2
380	1
380	4
380	3
2578	7
2578	8
2112	8
2112	7
2112	6
1209	8
2112	5
799	8
1209	7
2112	4
2112	3
799	6
1209	5
1209	4
2112	1
799	5
1209	2
799	4
1209	3
799	3
799	2
1209	1
799	1
1639	3
1639	4
1639	5
1639	1
1639	6
1639	7
1639	8
374	8
798	2
374	7
798	1
374	6
374	5
374	4
374	3
798	8
1208	5
798	7
1208	6
1208	7
1208	8
798	4
1208	1
1208	2
798	6
1208	3
798	5
1208	4
1638	5
377	5
1638	6
377	6
1638	3
377	7
1638	4
377	8
1638	7
1638	8
377	1
1638	2
1638	1
377	3
377	2
1210	2
1210	4
2113	1
1210	3
1210	6
2113	3
1210	5
2113	2
1210	8
2113	5
1210	7
2113	4
2113	7
2113	6
2113	8
1643	8
1643	6
1643	7
1643	4
1643	5
1643	2
1643	3
2573	8
2573	6
2573	7
2573	4
2573	5
2573	2
2573	3
2573	1
374	2
374	1
373	8
373	3
373	2
373	1
373	7
373	6
373	5
373	4
793	5
793	4
793	7
793	6
793	8
2109	8
793	1
793	2
793	3
2109	1
2109	3
2109	2
2109	5
2109	4
2109	7
2109	6
1276	3
1276	4
1276	1
1276	2
2564	2
2564	1
2564	4
2564	3
2564	6
2564	5
2564	8
2564	7
339	8
2145	1
339	7
2145	2
339	6
2145	3
339	5
339	4
339	2
2145	8
2145	4
2145	5
2145	6
2145	7
1276	5
1276	8
1276	7
339	1
1274	1
1274	2
1274	5
1274	6
1274	3
1274	4
802	2
1274	7
1274	8
802	6
802	5
802	4
802	3
1732	3
2142	2
1732	4
2142	1
1732	1
1732	2
1732	7
2142	6
1732	8
2142	5
1732	5
2142	4
1732	6
2142	3
2142	8
2567	1
2567	4
2567	5
2567	2
2567	3
1275	1
2567	8
1275	3
2567	6
1275	4
2567	7
1275	5
1275	6
1275	7
1275	8
802	7
802	8
337	2
337	3
337	1
337	6
337	7
337	4
337	5
337	8
342	1
342	2
1272	7
1272	8
1272	5
1272	6
1272	3
1272	4
1272	1
1272	2
804	6
804	5
804	8
804	7
804	1
342	8
804	4
342	7
804	3
342	6
342	5
342	4
342	3
1729	6
1729	7
1729	4
1729	5
1729	8
805	8
1729	3
1729	1
805	3
805	2
805	1
805	7
805	6
805	4
806	3
806	4
806	5
806	6
806	7
806	8
1271	6
1271	7
2570	7
1271	8
2570	8
806	2
806	1
2570	1
2570	2
1271	1
2570	5
1271	2
2570	6
1271	3
1271	4
2570	4
1271	5
2557	7
2557	6
331	1
2557	5
2557	4
2557	3
1282	8
2557	2
1282	7
2557	1
331	8
331	6
331	7
331	4
331	5
331	2
2557	8
807	3
807	2
807	5
807	4
1283	1
807	7
807	6
807	8
1738	5
1283	8
1738	6
2558	2
1283	7
1738	3
2558	1
1283	6
1738	4
1283	5
1738	1
1283	4
1283	2
2558	8
332	1
2558	7
332	2
332	3
332	4
2558	4
2558	6
1738	7
2558	5
1738	8
332	6
332	5
332	8
332	7
808	8
808	7
808	6
808	4
808	3
808	2
808	1
329	6
329	7
329	4
329	5
329	8
1739	1
2559	1
1739	3
1739	4
1739	5
2559	5
1739	6
1739	7
2559	3
1739	8
2559	2
2559	8
2559	6
2559	7
1281	1
1281	2
1281	3
1281	4
1281	5
1281	6
809	1
1281	8
809	2
809	6
809	7
330	1
809	4
809	5
330	3
330	4
330	5
809	8
330	6
330	7
330	8
1740	3
2150	2
1740	4
2150	1
1740	1
1740	2
2560	1
1740	8
2150	5
2560	2
1740	7
2150	6
2560	3
1740	6
2150	3
1740	5
2150	4
2560	5
2560	6
2560	7
2150	7
2560	8
2150	8
1282	1
1282	2
1282	5
1282	6
1282	4
1279	2
1279	3
1279	4
1734	2
1279	5
1734	1
2154	7
2154	8
2154	3
2154	5
2154	6
2154	1
2154	2
2561	8
2561	7
2561	6
2561	5
2561	4
2561	3
1734	7
2561	2
1734	8
2561	1
1279	7
1734	3
1279	6
1734	4
1734	5
1279	8
1734	6
2155	8
811	8
811	7
2155	6
811	6
2155	7
811	5
2155	4
811	4
2155	5
811	3
2155	2
811	2
811	1
2155	1
2562	3
2562	6
2562	5
2562	2
2562	1
812	2
812	1
812	4
812	3
2562	7
2562	8
333	8
2563	1
2153	1
2153	3
333	2
812	5
333	3
812	6
812	7
333	1
812	8
333	6
333	7
333	4
333	5
2563	2
2153	6
2563	3
2153	7
2563	4
2153	4
2563	5
2153	5
2563	6
2563	7
2563	8
2153	8
813	8
813	2
813	3
813	1
813	6
813	7
813	4
813	5
2131	2
2131	3
2131	4
2131	5
353	3
2131	6
353	2
2131	7
353	1
2131	8
353	7
353	6
353	5
353	4
353	8
2551	1
1717	8
1290	2
1290	1
2551	5
1290	4
2551	4
2551	3
1290	6
2551	2
1290	5
1290	8
2551	8
1290	7
2551	7
2551	6
2131	1
352	2
352	1
352	4
352	3
352	6
814	2
352	5
814	1
352	8
352	7
814	6
1717	3
814	5
1717	2
814	4
1717	1
814	3
1717	7
1717	6
814	8
1717	5
814	7
1717	4
2550	4
2550	6
2550	5
2550	8
2550	7
1719	2
1719	3
1719	4
2129	3
1719	5
2129	2
1719	1
2129	8
1719	6
2129	5
1719	7
2129	4
1719	8
2129	7
2129	6
1288	7
1288	8
1288	5
1288	6
1288	3
1288	1
1288	2
2128	8
2128	7
2128	6
2128	5
2128	3
2128	2
2128	1
2552	6
2552	8
2552	7
2552	2
2552	1
2552	4
2552	3
2555	5
1287	7
2555	4
1287	6
2555	3
2555	2
1287	8
2555	8
2555	7
2555	6
1714	7
1714	8
1287	1
2555	1
1287	3
1287	2
1287	5
1287	4
1714	2
1714	1
1714	3
1714	6
1714	5
2134	3
2134	4
2134	5
2134	6
2134	7
2134	8
2554	8
2554	7
2134	1
1286	6
1286	5
2554	2
1286	4
2554	1
2554	4
2554	3
2554	6
1286	8
2554	5
1286	7
817	7
817	6
817	5
817	4
1286	1
1286	2
817	8
355	3
355	2
355	5
2133	8
355	4
355	7
355	6
817	2
817	1
355	8
2133	5
355	1
2133	4
2133	7
820	5
2133	1
820	6
820	7
2133	3
820	8
2133	2
820	2
820	3
820	4
1285	8
1285	4
1285	5
1285	6
1285	7
1285	1
1285	2
1285	3
2556	7
2556	8
2556	5
2556	6
2556	2
2556	1
2556	4
2556	3
1715	8
1715	6
1715	7
1715	5
1715	2
1715	3
1715	1
1284	7
1284	8
1284	5
1284	6
1284	4
1284	1
1284	2
2544	2
1724	7
2544	1
1724	8
2544	4
1724	5
2544	3
1724	6
2544	6
1297	3
2544	5
1297	2
2544	8
1297	1
2544	7
1297	6
1297	5
1297	4
1297	8
1296	2
2543	8
1296	1
2543	7
1296	4
2543	6
1296	3
1296	6
1296	5
1296	8
1296	7
345	2
345	3
345	1
345	7
345	6
345	5
345	4
345	8
1724	2
1724	1
1724	3
823	4
823	5
823	2
823	3
823	1
344	5
344	6
344	7
344	8
344	1
823	8
344	3
823	6
344	4
2545	3
343	4
1725	4
2135	3
2545	2
343	5
1725	5
2135	2
343	2
1725	6
2135	5
343	3
1725	7
2135	4
343	1
1725	1
1725	2
2135	1
2545	8
2545	7
343	8
1725	8
2135	7
2545	6
2135	6
2545	5
343	6
2545	4
343	7
2135	8
349	8
825	3
1721	3
825	2
1721	2
825	1
1721	1
349	1
349	3
349	2
349	5
349	4
349	7
349	6
825	6
1721	6
825	7
1721	7
825	4
1721	4
825	5
1721	5
825	8
1721	8
824	2
824	1
824	4
824	6
824	5
824	8
824	7
348	8
2140	5
348	7
2140	6
348	6
2140	7
348	5
2140	8
2549	8
348	1
2140	4
348	2
2140	3
2550	2
348	3
2140	2
2550	1
2140	1
2549	6
2549	5
2549	4
2549	3
1722	7
2549	2
1722	8
2549	1
1722	3
1722	4
1722	5
1722	1
1722	2
309	1
309	3
2170	7
309	2
2170	8
309	5
309	4
1705	2
1705	1
309	6
2170	1
2170	2
2170	5
2170	6
2170	3
2170	4
1246	6
1246	5
1246	4
1246	3
1246	8
1246	7
1246	2
1246	1
2171	3
2171	4
2171	5
2171	6
2171	7
2171	8
2171	1
1705	4
1705	5
309	8
1705	6
1705	7
1705	8
2537	1
2537	2
2537	3
1703	8
1703	6
1703	5
1703	4
1703	3
1703	2
1703	1
1249	8
1249	4
1249	5
1249	6
1249	7
1249	1
1249	2
1249	3
311	8
311	6
311	7
311	4
311	5
311	2
2537	8
2537	7
2537	6
311	1
2537	4
833	2
833	3
833	1
833	6
833	7
833	4
833	5
833	8
2173	2
2173	3
2173	1
2173	6
2173	7
2173	4
2173	5
2173	8
313	6
313	7
313	4
313	5
313	8
2543	1
834	1
834	2
2543	5
834	3
2543	4
834	4
2543	3
834	5
2543	2
834	6
2174	1
2174	3
2174	4
2174	5
2174	6
313	3
2174	7
313	2
2174	8
313	1
314	3
314	4
314	5
314	6
831	8
2540	5
2540	8
831	6
2540	7
314	2
831	7
314	7
314	8
1699	8
1699	7
1699	6
1699	5
1699	4
1699	3
1699	2
2540	1
831	5
2540	2
831	4
2540	3
831	3
2540	4
831	2
831	1
832	5
2176	6
315	1
832	6
2176	5
832	7
2176	8
832	8
2176	7
832	1
2176	2
832	2
2176	1
832	3
2176	4
832	4
2176	3
315	8
315	7
315	4
315	5
315	2
315	3
2531	5
1711	6
2531	4
1711	7
2531	3
1711	8
2531	2
2531	8
2531	7
2531	6
2177	4
2177	5
2177	6
2177	7
2177	8
2177	1
2177	2
2177	3
2532	6
837	2
2532	5
837	3
2532	8
2532	7
837	1
837	6
837	4
837	5
1712	3
1712	4
1712	1
1712	2
2532	2
1712	7
2532	1
1712	8
1712	5
2532	3
1712	6
2178	1
303	1
303	3
2178	5
303	2
2178	6
303	5
2178	3
303	4
2178	4
837	8
834	7
303	8
2178	8
834	8
2178	7
303	7
2179	1
1255	6
1255	7
1255	8
1255	2
1255	4
1255	5
1255	1
2179	8
2179	7
2179	6
2179	5
2179	4
2179	2
1711	5
1711	4
1711	3
2531	1
1711	2
1711	1
305	3
305	2
305	1
305	7
305	6
305	5
305	4
1708	2
1708	4
305	8
1708	3
1708	5
1708	6
1708	7
1708	8
840	1
840	2
840	3
1250	2
840	4
1250	1
840	5
1250	4
840	6
1250	3
840	7
1250	6
840	8
1250	5
1250	7
1250	8
1251	1
1251	6
1251	7
1251	8
1251	2
1251	3
1251	4
1251	5
2533	6
307	1
2533	7
2533	4
838	2
2533	5
838	1
2533	2
2533	3
2533	1
838	7
307	8
838	8
307	6
307	7
838	3
307	4
838	4
838	5
307	2
2533	8
307	3
308	1
308	2
308	3
308	4
308	5
308	6
308	7
308	8
1692	1
1692	4
1692	3
1261	8
2157	8
1261	4
2157	4
1261	5
2157	5
1261	6
2157	6
1261	7
844	6
844	5
1261	1
2157	1
844	8
1261	2
2157	2
844	7
1261	3
2157	3
844	1
844	2
844	3
844	4
2525	8
2525	7
2525	6
2525	5
2525	3
2525	2
2525	1
1691	8
1691	7
1691	6
1691	5
1691	4
1691	3
1691	1
2156	7
2156	8
2156	5
2156	6
2156	4
2156	2
2156	1
2524	6
2524	5
2524	8
2524	7
1690	8
1690	7
2159	1
2524	3
2159	2
2524	4
2159	3
2524	1
2159	4
2524	2
2159	5
1690	2
325	8
1690	1
1690	4
1690	3
1690	6
1690	5
325	2
325	3
325	1
325	6
325	7
325	5
2158	5
2158	6
2158	3
2158	4
2158	7
2158	8
2158	1
2158	2
2529	3
327	4
2529	2
327	5
2529	1
327	2
327	3
327	1
2529	8
2529	7
327	8
2529	6
2529	5
327	6
2529	4
327	7
1257	8
2160	5
2160	6
2160	7
2160	8
1257	4
2160	1
1257	5
2160	2
1257	6
2160	3
1257	7
2160	4
1688	6
1688	8
1688	7
1688	2
1688	1
1688	4
1688	3
326	7
326	8
326	3
326	5
326	6
1257	3
1257	2
1257	1
2159	8
2159	7
326	2
326	1
2162	8
2162	7
329	2
329	1
1686	4
1686	3
1686	6
1686	5
1686	8
1686	7
2162	1
2162	2
2162	3
2162	4
2162	5
2162	6
328	1
328	2
328	3
328	4
328	5
1686	1
328	6
1686	2
328	7
328	8
1258	1
1685	8
1258	5
1258	6
1258	3
1258	4
1258	7
1258	8
851	1
2518	8
2518	7
2518	4
316	5
316	6
2518	6
316	7
2518	5
316	8
1699	1
1268	7
1268	8
1268	5
1268	6
1268	3
851	8
1268	4
851	7
1268	1
851	6
1268	2
851	5
851	4
851	3
851	2
850	3
850	4
850	5
1267	1
850	6
850	1
850	2
2518	1
316	4
2518	2
316	2
316	1
1267	6
1267	7
1267	8
850	8
1267	2
850	7
1267	3
1267	4
1267	5
849	6
849	7
849	4
849	5
849	8
849	2
849	3
849	1
2166	1
2516	7
2516	8
2516	5
2516	6
2516	3
2516	4
2516	1
1264	7
2167	4
1264	8
2167	5
1264	5
2167	2
1264	6
2167	3
1264	3
1264	4
2167	1
1264	1
1264	2
1695	5
1695	4
1695	3
1695	2
1695	1
2167	8
2167	6
2167	7
1695	8
1695	6
1695	7
2166	7
2166	8
1694	2
1694	1
2166	3
2166	4
2166	5
2166	6
1694	8
1694	7
1694	4
1694	3
1694	6
1266	1
1266	2
1266	5
1266	6
1266	3
1266	4
1266	8
1266	7
1692	6
1692	5
1692	8
1692	7
1265	1
1265	2
1265	3
1265	4
1265	5
1265	6
1265	7
1265	8
1114	7
1114	8
1114	5
1114	6
1114	3
1114	4
1114	1
1114	2
1988	6
644	5
1988	5
644	6
1988	8
644	7
1988	7
644	8
1988	2
1988	1
644	2
1988	4
644	3
1988	3
644	4
2508	5
2508	6
2508	7
2508	8
2508	2
2508	1
2508	4
1570	7
1570	8
1570	2
1570	1
1570	4
1570	3
1570	6
1570	5
646	3
646	6
646	5
646	8
646	7
2507	5
1111	7
1111	6
2507	3
2507	2
1111	8
2507	8
2507	7
646	1
2507	6
646	2
1986	8
1986	7
1111	1
2507	1
1111	3
1111	2
1111	5
1111	4
2503	3
2503	2
2503	5
2503	4
2503	1
1986	6
1986	5
1986	4
1986	3
1986	2
2503	7
1986	1
2503	6
2503	8
1572	4
1572	3
1572	2
1572	1
1572	8
1572	7
1572	6
1572	5
276	3
276	1
276	2
276	7
276	8
276	5
276	6
274	7
274	8
274	1
274	6
274	5
274	4
274	3
1982	8
287	4
638	7
1982	7
287	5
638	8
287	2
1107	1
287	3
1982	4
638	3
287	1
638	4
1982	6
638	5
1982	5
638	6
1982	2
638	1
1982	1
638	2
1562	8
1107	6
1562	4
1107	7
1562	3
1107	8
1562	6
1562	5
1107	2
287	8
1107	3
287	7
1107	4
1562	2
1107	5
1562	1
1561	2
1561	3
1561	1
1981	8
2512	6
1981	7
2512	5
1981	6
2512	8
1981	5
1981	4
2512	2
1981	3
2512	1
2512	4
1981	1
2512	3
1561	8
1561	7
1561	6
1561	5
1561	4
1105	5
1105	4
285	8
1105	7
1105	6
2515	1
1105	8
1980	6
285	2
1980	5
285	3
1980	8
1980	7
285	1
285	6
1105	1
285	7
285	4
1105	3
285	5
1105	2
1564	2
1564	1
1564	4
1564	3
2515	4
640	2
2515	5
640	1
2515	2
2515	3
640	3
2515	8
640	6
640	5
2515	6
640	8
2515	7
640	7
2514	2
2514	1
2514	4
2514	6
2514	5
284	5
1104	4
284	6
284	7
1104	2
284	8
1104	1
1104	8
1104	7
1104	6
1104	5
1980	3
1980	4
1980	1
1980	2
2514	7
2514	8
1110	8
1110	3
1110	4
1110	5
1110	6
2510	2
2510	1
284	4
2510	8
284	1
2510	7
284	2
2510	6
2510	5
2510	4
2510	3
1564	8
1564	7
1109	8
1564	6
1564	5
2509	5
634	5
2509	4
634	6
634	3
2509	6
283	1
634	4
2509	1
634	1
634	2
2509	3
2509	2
283	6
1110	2
283	7
1110	1
283	8
283	2
2509	8
283	3
283	4
634	7
283	5
634	8
1567	1
1567	3
1567	2
1567	5
1567	4
282	1
1567	6
282	2
1567	7
1567	8
282	5
282	6
282	3
282	4
1109	1
282	7
1109	3
282	8
1109	2
1109	5
1109	7
1109	6
1127	6
1127	7
1127	8
658	8
658	7
1127	1
1127	2
1127	3
1127	4
1127	5
658	1
658	2
658	3
658	4
658	5
658	6
1974	4
1974	3
1974	6
1974	5
1974	8
1974	7
294	4
1555	5
1555	4
294	6
1555	3
294	5
1555	2
294	8
294	7
1555	8
1555	7
1555	6
1555	1
294	1
294	2
1125	8
1125	5
1125	4
1125	7
1125	6
1125	1
1125	3
1125	2
291	8
291	6
291	7
291	4
291	5
291	2
291	3
1974	1
1974	2
661	6
661	5
661	4
661	3
661	2
661	1
1126	7
1126	8
1126	5
1126	6
1126	3
1126	4
2494	8
1126	2
2494	7
1126	1
2494	4
292	5
2494	3
292	6
2494	6
292	7
2494	5
292	8
292	1
292	2
2494	2
2494	1
292	4
1971	2
1971	5
1971	4
1971	7
1971	6
1971	8
290	1
290	2
655	1
290	5
655	2
290	6
655	3
290	3
655	4
290	4
655	5
1130	1
1130	2
1130	4
1130	5
1130	6
2488	3
1130	7
2488	4
1130	8
2488	1
2488	2
2488	8
2488	5
1971	1
2488	6
2489	5
2489	7
2489	6
2489	8
291	1
290	8
290	7
655	8
655	7
2489	1
2489	2
2489	3
288	8
288	5
288	6
288	3
288	4
288	1
288	2
656	6
1969	1
656	5
1969	2
656	8
1969	3
656	7
656	2
656	1
656	4
656	3
1969	8
1969	4
1969	5
1969	6
1969	7
289	1
2491	1
289	2
289	3
1970	8
1970	7
2491	7
289	8
2491	6
2491	8
2491	3
289	4
289	5
2491	5
289	6
2491	4
289	7
657	3
657	2
657	1
1970	5
1560	8
1970	6
1560	7
1970	3
1560	6
1970	4
657	8
1560	5
1970	1
657	7
1560	4
1970	2
657	6
1560	3
1560	2
657	4
1560	1
1547	4
1547	5
1547	2
1547	3
1547	8
1547	6
1547	7
2498	8
2498	7
1967	8
1967	7
1967	6
1547	1
652	1
652	2
652	4
1121	4
1121	5
1121	6
301	8
1121	7
1121	8
301	3
652	6
301	2
652	5
652	8
652	7
301	7
301	6
1121	1
301	5
1121	2
301	4
1118	8
1118	7
2500	6
1118	6
2500	5
1118	5
2500	8
1118	4
2500	7
1118	3
2500	2
2500	1
1118	1
2500	4
2500	3
1966	7
1966	8
1966	5
1966	6
1966	3
1966	4
653	8
1966	1
653	7
1966	2
653	5
653	4
653	3
653	2
653	1
1119	2
1119	5
1119	4
1119	1
1550	8
1967	2
1550	7
1967	3
1967	4
1967	5
1550	3
1550	6
1550	5
1967	1
1550	2
1550	1
1119	6
1119	7
1119	8
1964	3
1964	4
1964	1
1964	2
1964	8
1964	7
1964	6
1964	5
1124	1
1124	2
1124	3
1124	4
1124	5
1124	6
1124	7
1124	8
649	1
649	2
649	3
1552	8
1552	7
1552	6
1552	5
649	8
1552	4
649	7
1552	3
649	6
1552	2
649	5
1552	1
649	4
295	2
295	3
295	4
295	5
295	1
1122	6
1122	5
1122	4
1122	3
295	6
1122	2
295	7
295	8
650	4
650	3
650	6
1963	1
650	5
1122	7
1122	8
650	2
650	1
1963	6
1963	7
1963	8
1963	2
650	8
1963	3
650	7
1963	4
1963	5
2498	6
296	7
2498	5
296	8
2498	4
296	6
2498	2
296	3
2498	1
296	4
296	1
296	2
251	1
251	3
251	2
251	5
251	4
251	7
675	1
251	6
251	8
1084	8
1084	7
674	7
1084	6
674	8
1084	5
1542	4
250	2
1542	3
250	1
1542	6
1542	5
1542	8
1542	7
250	5
250	4
250	3
250	8
674	2
250	7
674	1
674	4
1084	1
674	3
1084	2
674	6
1084	3
674	5
2479	8
2479	7
2479	6
2014	2
2014	1
2014	4
2014	3
2014	6
2014	5
2014	8
2014	7
1542	1
2017	2
673	3
2017	3
673	2
673	1
2017	1
1541	8
2479	2
2479	3
2017	8
2479	4
2479	5
673	8
2017	6
673	7
2017	7
673	6
673	5
2017	5
2479	1
673	4
1086	2
1086	1
252	5
252	6
252	8
1541	6
1541	7
1541	4
1086	8
1541	5
1086	7
1541	2
1086	6
1541	3
1086	5
1086	4
1541	1
1086	3
672	6
672	8
672	7
672	2
672	1
672	4
672	3
252	4
252	3
252	2
252	1
1085	5
1085	4
1085	7
1085	6
1085	3
1085	2
1085	8
671	8
671	6
671	7
671	1
671	5
671	4
671	3
671	2
1545	5
246	6
1545	4
246	5
1545	7
246	4
1545	6
246	3
1545	8
246	8
246	7
1545	2
1090	6
1545	3
1090	5
1090	4
1545	1
1090	3
1090	2
1090	1
249	8
249	5
249	6
249	7
2475	6
249	1
2475	7
2475	8
249	3
249	2
2475	2
2475	3
2013	8
2475	5
2013	6
2013	4
2013	5
2475	1
2013	2
2013	3
2013	1
1089	8
1089	5
1089	4
1089	7
1089	6
1089	1
1089	2
248	8
248	7
248	6
248	5
248	4
248	3
2474	7
248	2
2474	8
248	1
2474	5
2474	6
2474	3
2474	4
2474	1
668	6
2474	2
668	5
668	8
668	7
2487	1
2487	5
2487	4
2487	3
2487	2
2008	2
2008	1
2487	8
2008	4
2487	7
2008	3
2487	6
2008	6
2008	8
2008	7
1536	2
1536	1
1536	4
1536	3
1536	6
1536	5
1536	8
1536	7
668	2
668	1
668	4
2486	4
2486	3
2486	6
2486	8
2486	7
667	1
667	5
667	4
667	2
667	8
667	7
667	6
259	8
1079	3
1079	2
259	6
1079	5
259	7
259	4
259	5
259	2
1079	1
2485	8
1079	7
1079	6
1079	8
666	4
666	3
666	6
666	5
666	2
666	1
2486	1
2486	2
666	8
666	7
1533	6
1533	7
1533	4
1533	5
1533	2
1533	3
1533	1
1533	8
2485	4
2485	5
2485	6
259	1
2485	7
2485	2
2485	3
1539	2
1539	5
1539	4
1539	7
1539	6
1539	8
2005	1
2005	3
2005	2
2005	5
2005	4
2005	7
2005	6
1080	3
253	8
1080	4
1080	1
1080	2
1080	7
1080	8
1080	5
1080	6
253	1
253	3
253	2
253	4
253	7
253	6
1539	1
2482	5
2482	6
2482	3
2482	4
2482	1
2482	2
662	8
662	7
662	4
662	3
662	6
662	5
1083	7
1083	6
1083	8
1083	3
1083	2
1083	5
1083	4
1083	1
2482	8
2482	7
2481	8
2481	4
2481	6
2481	7
2481	1
2481	2
2481	3
2005	8
661	8
662	1
662	2
1537	8
1537	6
1537	7
1537	4
1082	8
1537	5
1082	7
1537	2
1537	3
1082	5
1082	4
1537	1
1082	3
1082	2
1082	1
2466	5
264	8
2466	6
264	7
2466	3
264	6
2466	4
264	5
264	4
2466	2
264	2
264	1
2000	6
2000	5
2000	8
2000	7
2000	1
2000	4
2000	3
1528	5
1528	6
1528	7
1528	8
1528	1
1528	2
1528	3
2467	1
1098	6
1098	5
1098	4
1098	3
2466	8
1098	2
2466	7
1098	1
1098	8
1098	7
2002	7
2464	3
2002	8
2464	4
2464	1
2464	2
2464	7
2464	8
2464	5
686	2
2464	6
686	1
686	4
686	3
686	6
686	5
686	8
686	7
1526	3
1526	5
1526	6
1526	7
1526	8
1099	1
1099	3
2002	2
1099	5
2002	1
1099	4
2002	4
1099	7
2002	3
1099	6
2002	6
2002	5
1099	8
1100	7
2003	5
1100	8
2003	2
1100	5
2003	3
1100	6
2003	8
2003	6
2003	7
2003	1
1100	4
1100	3
1100	1
1101	8
1101	5
1101	4
1101	7
1101	6
1101	1
1101	2
1998	8
1998	7
1998	6
1998	5
1998	4
1998	2
1998	1
2463	7
261	8
2463	6
2463	8
2463	2
261	5
2463	3
261	7
2463	5
261	6
261	1
261	3
2463	1
261	2
1999	1
1999	3
1999	2
1999	5
1999	4
262	5
262	6
262	3
262	4
262	7
262	8
262	2
262	1
1531	4
263	6
1531	5
263	7
1531	2
263	8
1531	3
1531	8
1531	6
1531	7
263	1
263	2
1531	1
263	3
263	4
263	5
2461	8
1999	8
2461	1
1999	6
2461	2
1999	7
2461	3
2461	5
2461	6
2461	7
1521	2
1521	1
1090	8
1090	7
1521	8
1521	6
1521	7
1521	4
1521	5
271	3
2473	1
271	2
681	2
2473	2
271	5
681	1
2473	3
271	4
271	1
1994	4
681	8
1994	3
1994	6
1994	5
2473	8
2473	7
271	8
681	4
2473	6
681	5
1994	2
2473	5
271	6
681	6
1994	1
2473	4
271	7
681	7
1522	3
1522	4
1522	5
1522	6
1994	8
1994	7
1522	1
1522	2
1522	8
1522	7
1519	8
272	1
272	2
1519	6
1519	7
272	4
272	5
272	6
272	7
272	8
2471	1
2471	3
2471	4
2471	5
2471	6
2471	7
2471	8
1996	2
1996	1
1996	3
1996	5
1996	6
1996	7
1996	8
680	2
680	1
680	4
680	3
680	6
680	5
680	8
680	7
267	7
1094	1
1990	2
267	6
1094	2
267	8
267	3
267	2
267	5
267	4
1525	6
1525	7
1525	4
1525	5
1525	2
1525	3
1525	1
1990	8
1094	8
1990	7
1094	7
1990	6
1094	6
1990	5
1094	5
1990	4
1094	4
1990	3
268	4
268	3
268	2
268	1
1525	8
1526	1
1526	2
268	8
268	5
268	6
2467	2
675	5
2467	3
675	4
2467	4
675	3
2467	5
675	2
2467	6
2467	7
675	8
2467	8
675	7
675	6
1096	4
1096	3
1096	2
1096	1
1096	8
1096	7
1096	6
1096	5
676	5
676	8
676	7
676	2
676	1
676	4
676	3
270	5
270	6
270	3
270	4
270	7
270	8
270	1
270	2
2447	6
2447	7
2447	8
2041	2
2041	3
2041	1
2041	8
2041	7
2041	6
2041	5
2041	4
1173	7
1628	3
1173	6
1628	4
1173	5
1628	1
1173	4
1628	2
1173	3
1173	2
1173	1
220	8
220	7
220	6
220	5
2040	5
2040	6
2040	7
2040	8
2040	1
2040	3
2040	4
1172	2
1172	1
1172	4
1627	1
2447	5
1627	6
2447	4
1627	7
2447	3
1627	8
2447	2
2447	1
1172	6
1627	2
1172	5
1627	3
1172	8
1627	4
1172	7
1627	5
1629	3
1629	2
1629	1
1629	7
1629	6
1629	5
1629	4
1629	8
1171	1
1171	5
1171	4
1171	3
1171	2
1171	8
1171	7
1171	6
220	1
220	3
220	4
2038	3
2038	4
1628	5
2038	5
1628	8
2038	6
1628	7
2038	7
2038	8
1624	7
1624	8
2451	1
1624	5
1624	6
1624	3
1624	4
1624	1
1624	2
2044	8
700	7
2044	7
700	8
2044	6
2044	5
700	6
2451	7
2451	8
2451	2
2451	3
2451	4
2451	5
2450	5
2450	4
2450	3
2450	2
2450	1
1623	7
1623	8
1623	2
1623	3
1623	4
1623	5
1623	1
2044	1
700	2
2044	2
700	1
2044	3
700	4
2044	4
700	3
2450	7
2450	8
223	2
223	3
223	4
223	5
1626	8
1626	7
223	7
1626	2
223	6
1626	1
223	8
1626	6
1626	5
1626	4
1626	3
222	5
701	8
222	6
222	3
222	4
222	7
222	8
701	1
701	2
701	3
222	1
701	4
222	2
701	5
701	6
701	7
2452	7
2452	8
2452	5
2452	6
2452	3
2452	4
2452	1
1166	2
1166	1
2034	8
690	7
2034	7
690	8
1166	8
1621	4
1166	7
1621	5
1621	7
1166	4
1166	3
1621	1
1621	2
1166	5
1621	3
2454	7
2454	8
2454	5
2454	6
2454	3
2454	4
690	4
2034	4
690	3
2034	5
690	6
2034	6
690	5
2034	1
690	2
2034	2
690	1
1620	3
1165	6
1620	4
1165	5
1620	1
1165	4
1620	2
1165	3
1165	2
1165	1
2454	2
2454	1
1620	7
1620	8
1620	5
1165	8
1620	6
227	7
227	6
227	8
227	3
227	2
227	5
227	4
692	1
692	2
692	3
692	4
692	6
692	7
692	8
227	1
2032	1
2032	2
2032	3
226	8
2032	4
226	7
2032	5
2032	6
2032	8
691	4
691	5
691	2
691	3
691	8
691	6
691	7
226	1
226	2
226	3
226	4
226	5
226	6
2031	8
2031	6
2031	7
2455	1
1621	8
2455	2
2455	4
2455	5
2455	6
2455	7
2455	8
2038	1
694	2
2038	2
694	1
2458	7
2458	8
2458	5
2458	6
2458	3
2458	4
2458	1
2458	2
1617	8
1162	8
1617	4
1162	7
1617	6
1617	7
1162	4
1162	3
1617	1
1162	6
1617	2
1162	5
1617	3
2037	8
1162	2
1162	1
2037	6
2037	7
2037	4
2037	5
2037	2
2037	3
2037	1
1616	7
1616	8
1616	5
1161	8
1616	6
1161	7
1616	3
1161	6
1616	4
1161	5
1616	1
1161	4
1616	2
1161	1
1161	2
1161	3
230	6
230	5
230	4
230	8
230	7
230	1
230	2
2459	2
2459	3
2459	5
2459	6
2459	7
2459	8
229	8
1618	8
1618	7
2459	1
229	1
1618	2
229	2
229	3
229	4
1618	5
229	5
1618	6
229	6
1618	3
229	7
1618	4
694	5
694	6
694	4
694	7
694	8
710	2
710	1
710	4
710	5
710	6
710	7
710	8
1186	2
1186	1
1186	4
1186	3
1186	6
1186	5
1186	8
2027	1
235	1
2027	4
235	3
2027	5
235	2
2027	2
235	5
235	4
2027	8
235	7
235	6
2027	6
2027	7
235	8
1187	1
2025	1
2435	1
233	2
712	5
233	3
712	6
712	7
2025	2
233	1
712	8
712	1
712	2
712	3
712	4
2435	6
2435	7
233	8
2025	8
2435	8
2025	6
2435	2
233	5
2025	7
2435	3
233	4
2025	4
233	7
2025	5
2435	5
233	6
2436	8
1182	4
2436	7
1182	3
2436	6
1182	6
2436	5
1182	5
1182	8
1609	4
1609	5
1609	6
1609	7
2436	4
1609	8
2436	2
1182	2
2436	1
1182	1
2437	1
2437	3
1610	7
2437	2
1610	8
2437	5
2437	4
2437	7
2437	6
1610	1
1610	2
1610	5
1610	6
1610	3
1610	4
2031	1
239	1
2031	4
2031	5
239	2
2031	2
239	5
2031	3
239	4
2437	8
2438	2
715	6
1611	6
2438	1
715	7
1611	7
715	8
1611	8
715	2
1611	2
715	3
715	4
1611	4
715	5
1611	5
715	1
1611	1
2438	7
2438	8
2438	5
2438	6
2438	3
2438	4
716	3
716	4
716	1
716	2
2029	8
2029	6
2029	4
2029	5
2029	2
716	8
2029	3
716	7
716	6
2029	1
716	5
703	8
1606	5
1606	6
703	6
1606	3
703	7
1606	4
1179	1
1606	7
1606	8
2440	2
1179	5
2440	1
1179	4
2440	4
1179	3
1179	2
2440	6
2440	5
1179	8
2440	8
1179	7
2440	7
1179	6
703	1
703	5
1606	2
703	4
1606	1
703	3
703	2
242	7
242	8
1607	1
1607	2
1607	3
1607	4
1607	5
1607	6
1607	7
1607	8
2020	1
2020	2
2020	3
2020	4
2020	5
242	2
2020	6
242	1
2020	7
2020	8
242	6
242	5
242	4
1177	8
1177	7
1177	6
1177	5
1177	4
1608	7
1608	8
1608	5
1608	6
1608	3
1608	4
1608	1
1608	2
239	7
239	6
239	8
1177	2
1177	1
1178	4
1178	3
1178	6
1178	5
1178	2
1178	1
706	4
1609	1
706	5
1609	2
706	6
1609	3
1178	8
1178	7
706	1
706	2
245	1
245	2
245	5
1603	1
245	4
245	7
245	6
2443	3
2443	2
1175	8
2443	5
2443	4
1175	6
2443	7
2443	6
2443	8
1175	1
706	7
706	8
1175	5
1175	4
2443	1
1175	3
1175	2
246	2
246	1
1603	2
1603	3
245	8
1603	5
1603	6
1603	7
1603	8
1174	1
1174	2
2021	8
2021	7
2021	6
2021	5
2021	4
2021	3
708	7
1604	7
2021	2
708	8
1604	8
2021	1
708	5
1604	5
708	6
1604	6
708	3
1604	3
708	4
1604	4
708	1
1604	1
708	2
1173	8
244	8
244	7
244	6
244	5
2022	7
244	4
2022	8
244	3
244	2
244	1
2022	3
2022	4
1605	8
2022	5
2022	6
1605	4
1605	5
2022	2
1605	6
2022	1
1605	7
1605	1
1605	2
1174	8
1174	7
1174	4
1174	3
1174	6
1174	5
2422	2
2422	1
2066	1
2066	2
2066	3
2066	4
2066	5
2066	6
1142	3
725	8
1142	4
1142	5
1142	6
1142	7
1142	8
1601	4
1601	5
1601	6
1601	7
1601	8
2066	8
2066	7
1601	1
1601	2
1601	3
725	6
725	7
194	4
725	4
194	5
725	5
194	6
2420	6
725	2
2420	5
725	3
2420	8
194	1
2420	7
725	1
194	2
2420	2
1600	7
2420	1
1600	8
2420	4
2420	3
1600	6
1600	3
1600	4
1600	1
1600	2
1599	3
1599	5
1599	4
1599	1
2068	6
724	5
2068	5
724	6
2068	8
724	7
2068	7
724	8
2068	2
724	1
2068	1
724	2
2068	4
724	3
2068	3
1599	6
1599	7
1599	8
2070	6
2070	5
2070	4
2070	3
2070	8
2070	7
1140	3
1140	4
1140	1
1140	7
1140	8
1140	5
1140	6
1597	1
194	7
1597	2
194	8
1597	3
1597	4
1597	5
1597	7
2424	4
1597	8
2424	3
2424	2
2424	1
2424	8
2424	7
729	1
2424	6
2424	5
729	3
729	5
729	4
729	7
729	6
729	8
2070	1
2070	2
2423	2
2423	5
2423	4
1596	7
1596	8
2423	1
1596	5
1596	6
2072	8
197	4
2072	7
197	5
2072	6
2072	5
197	7
2072	4
2423	7
2072	3
2423	6
197	1
2072	2
197	2
2072	1
2423	8
197	3
197	8
1142	1
1142	2
2071	3
727	2
2071	2
2071	5
2422	8
727	4
2071	4
2422	7
727	5
2422	6
2422	5
2071	1
2422	4
2422	3
727	1
2071	7
727	6
2071	6
727	7
727	8
2071	8
1596	2
1596	1
1596	4
1596	3
2428	7
2428	8
2428	5
2428	6
2428	2
2428	1
2428	4
2428	3
198	3
198	4
198	6
198	7
198	8
198	2
198	1
1135	8
1135	6
1135	7
2062	8
2062	7
2427	8
2427	7
2427	6
2062	4
2427	5
2062	3
2427	4
2062	6
2427	3
2062	5
2427	2
2427	1
1593	8
2062	2
2062	1
1138	8
1593	4
1138	7
1593	5
1593	6
1593	7
1138	3
1593	1
1138	4
1138	6
1593	2
1138	1
1138	2
200	5
200	6
200	8
2426	8
200	1
2426	7
200	2
200	3
200	4
2426	4
2426	3
2426	6
2426	5
2426	2
2426	1
1592	8
1592	7
1137	8
1592	6
1592	5
1137	6
1592	4
1137	7
1592	3
1137	4
1592	2
1137	5
1592	1
1137	2
1137	3
1137	1
723	3
723	2
1133	1
723	5
1133	2
723	4
1133	3
1133	4
723	6
1133	5
1133	6
723	8
1133	7
1133	8
2063	7
2063	6
2063	8
1591	1
1591	2
1591	3
1591	4
1591	5
1591	6
1591	7
1591	8
723	1
2431	6
2431	7
2431	8
2063	1
2063	4
2063	5
2063	2
2063	3
1590	5
1590	6
1590	3
1590	4
1590	7
1590	8
2431	1
2431	3
2431	2
2431	5
2431	4
204	8
204	7
204	6
204	5
1135	2
1135	3
1135	4
1590	2
1135	5
1590	1
1135	1
2065	1
2430	2
2430	1
2065	3
2065	2
2065	8
204	4
2430	8
204	1
2430	7
204	2
2065	5
2430	6
2430	5
2065	7
2430	4
2065	6
2430	3
2429	5
720	7
2429	4
720	8
2429	7
720	5
2429	6
203	1
720	6
2429	1
720	3
720	4
2429	3
720	1
2429	2
720	2
203	6
203	7
203	8
203	2
2429	8
203	3
203	4
203	5
1587	1
1156	5
1156	6
1156	7
1156	8
1156	2
1156	3
1156	4
2407	8
2407	7
2407	6
1587	6
2407	4
1587	7
2407	3
1587	8
2407	2
2407	1
1587	2
1587	3
1587	4
1587	5
2053	6
1157	6
2053	7
1157	7
2053	4
2053	5
1157	5
2053	2
740	8
1157	2
2053	3
740	7
1157	3
740	6
2053	1
1157	1
740	4
740	3
740	2
740	1
2408	6
2408	5
2408	8
2408	7
2408	2
2408	1
2408	4
2408	3
2053	8
1157	8
1158	1
1158	2
1158	4
1158	6
1158	5
1158	8
1158	7
2055	8
2055	7
2055	6
2055	1
2055	5
2055	4
2055	3
2055	2
2410	6
2410	5
2410	4
2410	2
1583	6
2410	1
1583	7
1583	8
2410	8
2410	7
743	3
743	2
743	5
1153	2
1153	3
743	1
2056	5
1153	8
2056	6
2056	7
2056	8
2056	1
743	7
1153	4
743	6
1153	5
2056	3
1153	6
2056	4
743	8
1153	7
209	1
209	2
209	3
209	8
209	4
209	5
209	6
2409	2
2409	3
2409	1
2409	4
2409	7
2409	6
2409	8
742	1
742	2
211	1
742	6
211	3
742	5
211	2
742	4
211	5
211	4
211	7
211	6
742	8
742	7
211	8
1583	1
1583	5
1583	4
1583	3
1583	2
1580	7
1580	8
1580	5
1580	6
1580	4
1580	2
1580	1
2045	8
2045	6
2045	7
2045	4
2045	5
2045	2
732	8
2045	3
732	7
732	6
2045	1
732	5
2415	5
2415	4
2415	2
2415	1
1581	8
1581	4
1581	5
1581	6
1581	7
1581	1
1581	3
1150	7
1150	8
1150	3
733	8
1150	4
1150	5
1150	6
733	5
733	4
1150	1
733	6
1150	2
733	1
733	3
733	2
214	1
214	2
2047	8
1151	8
2047	7
1151	7
2047	6
1151	6
2047	1
1151	1
1578	8
1578	7
2047	4
1151	4
2047	5
1151	5
2047	2
1151	2
1578	1
1578	6
1578	5
1578	4
1578	3
732	1
732	2
732	3
732	4
2048	2
1152	2
2048	1
1152	1
2048	4
1152	4
2048	3
1152	3
2048	6
2048	5
1152	5
2048	8
1152	8
2048	7
1152	7
1579	3
1579	2
1579	5
1579	4
1579	7
1579	6
1579	8
214	6
214	4
214	3
214	8
1579	1
214	7
2049	2
2049	3
1577	3
1577	2
2049	8
1577	1
2049	6
2049	7
2049	4
2049	5
2417	1
2417	3
2417	2
2417	8
2417	5
2417	7
2417	6
1147	1
1147	6
2050	4
1147	7
2050	5
1147	8
2050	6
1147	2
2050	1
1147	4
2050	2
1147	5
1577	8
1577	4
1577	5
1577	6
1577	7
216	7
216	8
216	5
216	6
216	3
216	4
216	2
217	5
217	4
217	7
217	8
1148	3
2051	1
1148	4
1148	1
1148	2
2415	7
2415	6
2050	8
2050	7
2415	8
734	1
734	2
734	5
734	6
734	3
734	4
217	1
217	2
734	7
217	3
734	8
735	7
735	6
735	8
1576	1
1576	4
1576	3
1576	6
1576	5
1576	8
1576	7
1148	6
2051	2
1148	5
2051	5
1148	8
2051	4
1148	7
2051	7
2051	6
2051	8
735	1
735	2
735	3
735	4
