748	3	1.0
2092	1	1.0
1451	3	1.0
2623	1	1.0
933	7	1.0
2246	1	1.0
631	3	1.0
513	3	1.0
1114	2	1.0
1038	3	1.0
1672	7	1.0
2564	2	1.0
1777	6	1.0
2041	7	1.0
1836	7	1.0
1173	4	1.0
159	6	1.0
985	1	1.0
514	4	1.0
1940	3	1.0
339	3	1.0
2145	4	1.0
1406	3	1.0
2040	2	1.0
882	3	1.0
1218	5	1.0
1172	3	1.0
1627	1	1.0
1276	6	1.0
455	1	1.0
2298	7	1.0
1837	2	1.0
749	4	1.0
644	1	1.0
1988	1	1.0
2447	2	1.0
1347	3	1.0
1880	3	1.0
1939	4	1.0
1629	2	1.0
1512	3	1.0
802	1	1.0
1274	7	1.0
2654	7	1.0
39	2	1.0
157	6	1.0
1407	3	1.0
2352	3	1.0
1732	4	1.0
1171	7	1.0
2508	3	1.0
574	4	1.0
1348	4	1.0
456	5	1.0
220	2	1.0
2142	7	1.0
2625	2	1.0
1628	6	1.0
2091	3	1.0
2197	2	1.0
2567	4	1.0
1452	3	1.0
1570	6	1.0
40	5	1.0
1275	2	1.0
646	4	1.0
1511	7	1.0
1835	2	1.0
2655	4	1.0
105	3	1.0
1349	1	1.0
1408	1	1.0
2507	4	1.0
573	3	1.0
337	3	1.0
2300	1	1.0
751	5	1.0
1216	1	1.0
1776	2	1.0
1111	2	1.0
2249	2	1.0
104	5	1.0
1220	2	1.0
2295	1	1.0
1624	3	1.0
1350	5	1.0
2503	1	1.0
1986	2	1.0
700	5	1.0
1833	2	1.0
1572	2	1.0
628	3	1.0
1272	6	1.0
2451	6	1.0
745	2	1.0
44	3	1.0
2620	3	1.0
1402	1	1.0
2450	6	1.0
276	4	1.0
394	3	1.0
1623	6	1.0
1351	1	1.0
1676	2	1.0
103	3	1.0
458	1	1.0
937	5	1.0
1221	3	1.0
1454	1	1.0
2044	3	1.0
2191	6	1.0
1403	3	1.0
804	2	1.0
162	4	1.0
2353	3	1.0
510	6	1.0
342	3	1.0
459	3	1.0
876	5	1.0
223	1	1.0
2251	2	1.0
1779	3	1.0
746	3	1.0
102	3	1.0
1352	2	1.0
1729	2	1.0
2297	2	1.0
1677	3	1.0
2192	3	1.0
1404	4	1.0
42	4	1.0
805	5	1.0
2087	2	1.0
1831	1	1.0
392	3	1.0
1508	4	1.0
1626	5	1.0
935	2	1.0
1219	2	1.0
877	7	1.0
806	3	1.0
747	3	1.0
2658	7	1.0
2622	3	1.0
222	1	1.0
1353	3	1.0
701	7	1.0
1271	7	1.0
160	7	1.0
1883	1	1.0
274	2	1.0
2088	2	1.0
43	2	1.0
2570	3	1.0
2452	2	1.0
100	4	1.0
2306	5	1.0
1224	7	1.0
2187	3	1.0
1982	3	1.0
638	4	1.0
2557	1	1.0
1621	6	1.0
1166	6	1.0
331	3	1.0
1770	2	1.0
2454	5	1.0
2616	3	1.0
1562	7	1.0
807	1	1.0
2034	3	1.0
1948	3	1.0
1107	2	1.0
690	2	1.0
287	6	1.0
99	7	1.0
1165	7	1.0
1620	4	1.0
2188	3	1.0
1738	2	1.0
1283	3	1.0
1771	3	1.0
2664	6	1.0
391	2	1.0
332	3	1.0
2512	7	1.0
462	3	1.0
1888	3	1.0
1340	7	1.0
1981	2	1.0
2558	3	1.0
521	3	1.0
227	3	1.0
1457	7	1.0
565	5	1.0
808	5	1.0
1679	7	1.0
1561	5	1.0
1947	2	1.0
1460	5	1.0
1105	7	1.0
2359	3	1.0
567	5	1.0
692	5	1.0
1739	2	1.0
1980	5	1.0
1341	3	1.0
285	1	1.0
2618	6	1.0
2559	4	1.0
1043	3	1.0
1946	4	1.0
1564	2	1.0
1887	3	1.0
873	3	1.0
2032	7	1.0
1222	2	1.0
626	3	1.0
2515	4	1.0
2307	3	1.0
1400	3	1.0
640	4	1.0
1281	7	1.0
1519	2	1.0
809	3	1.0
2662	4	1.0
1342	3	1.0
330	2	1.0
2358	3	1.0
2619	7	1.0
758	2	1.0
2514	3	1.0
1459	4	1.0
1104	3	1.0
226	1	1.0
1769	5	1.0
1223	3	1.0
1042	3	1.0
522	6	1.0
1740	7	1.0
2150	6	1.0
625	7	1.0
389	3	1.0
2560	4	1.0
1886	3	1.0
2455	3	1.0
47	3	1.0
2098	4	1.0
691	1	1.0
1282	3	1.0
930	4	1.0
516	4	1.0
1110	7	1.0
1826	3	1.0
2038	1	1.0
621	3	1.0
1279	1	1.0
156	4	1.0
51	1	1.0
2154	4	1.0
2458	3	1.0
1513	4	1.0
989	5	1.0
1892	3	1.0
871	5	1.0
2561	7	1.0
1617	5	1.0
1162	7	1.0
284	3	1.0
2184	5	1.0
2510	7	1.0
1774	3	1.0
1734	4	1.0
2361	7	1.0
2037	7	1.0
1683	4	1.0
811	3	1.0
2360	1	1.0
2155	3	1.0
1943	4	1.0
2614	2	1.0
2562	4	1.0
634	5	1.0
1344	7	1.0
2301	6	1.0
2509	7	1.0
752	3	1.0
465	4	1.0
2667	5	1.0
1891	2	1.0
1775	3	1.0
1616	3	1.0
1161	7	1.0
283	3	1.0
1397	2	1.0
2665	2	1.0
812	2	1.0
1684	7	1.0
230	3	1.0
1046	5	1.0
869	5	1.0
623	3	1.0
1824	7	1.0
1567	7	1.0
571	3	1.0
282	5	1.0
2153	2	1.0
1109	4	1.0
333	4	1.0
2244	3	1.0
94	4	1.0
2459	4	1.0
2563	3	1.0
1685	6	1.0
929	1	1.0
386	5	1.0
1618	1	1.0
1226	2	1.0
1773	3	1.0
229	2	1.0
2245	1	1.0
870	4	1.0
1462	3	1.0
2362	2	1.0
813	3	1.0
519	7	1.0
694	3	1.0
153	3	1.0
2209	4	1.0
2131	2	1.0
1392	2	1.0
2610	6	1.0
2079	4	1.0
1334	2	1.0
558	4	1.0
353	4	1.0
1127	1	1.0
500	4	1.0
1954	3	1.0
710	3	1.0
412	3	1.0
1290	3	1.0
617	3	1.0
658	5	1.0
1851	2	1.0
2261	3	1.0
2551	6	1.0
868	3	1.0
1186	7	1.0
352	3	1.0
1391	7	1.0
814	2	1.0
919	3	1.0
235	3	1.0
294	3	1.0
2027	3	1.0
2208	5	1.0
1437	4	1.0
2609	3	1.0
1717	4	1.0
2550	3	1.0
93	5	1.0
1850	6	1.0
1555	1	1.0
2260	2	1.0
1791	2	1.0
2670	4	1.0
1496	2	1.0
918	4	1.0
1438	4	1.0
2077	4	1.0
2313	6	1.0
1021	4	1.0
2129	1	1.0
2669	6	1.0
1719	3	1.0
143	3	1.0
1125	7	1.0
1790	3	1.0
1230	3	1.0
1497	1	1.0
233	3	1.0
1335	2	1.0
2612	3	1.0
410	3	1.0
2025	3	1.0
866	7	1.0
291	2	1.0
712	4	1.0
2210	5	1.0
661	7	1.0
501	5	1.0
1953	3	1.0
1974	2	1.0
1439	5	1.0
409	3	1.0
1498	1	1.0
2435	4	1.0
2668	2	1.0
92	3	1.0
970	4	1.0
2314	4	1.0
1288	4	1.0
25	5	1.0
1660	3	1.0
764	3	1.0
1126	1	1.0
2128	4	1.0
2494	6	1.0
2262	2	1.0
2552	5	1.0
292	3	1.0
1229	5	1.0
2611	3	1.0
1789	3	1.0
1894	3	1.0
1971	3	1.0
2264	3	1.0
2555	2	1.0
1492	7	1.0
1182	7	1.0
865	3	1.0
290	1	1.0
1609	4	1.0
1898	7	1.0
613	1	1.0
1287	2	1.0
2436	3	1.0
1440	2	1.0
2205	2	1.0
1130	3	1.0
1714	4	1.0
1235	6	1.0
148	1	1.0
31	1	1.0
2488	7	1.0
2489	4	1.0
2134	2	1.0
407	3	1.0
1388	3	1.0
1661	4	1.0
2437	6	1.0
2309	1	1.0
1286	3	1.0
1610	6	1.0
2368	7	1.0
2554	3	1.0
2673	3	1.0
655	6	1.0
239	3	1.0
562	3	1.0
2606	1	1.0
2031	2	1.0
444	3	1.0
355	3	1.0
1336	4	1.0
1441	5	1.0
817	3	1.0
149	5	1.0
288	7	1.0
2133	6	1.0
2369	5	1.0
715	2	1.0
1611	3	1.0
1025	7	1.0
2608	1	1.0
820	1	1.0
1794	3	1.0
446	1	1.0
966	2	1.0
1339	4	1.0
1969	3	1.0
1664	2	1.0
29	3	1.0
1285	3	1.0
656	3	1.0
2207	2	1.0
2438	5	1.0
2556	7	1.0
615	7	1.0
863	1	1.0
2266	2	1.0
1442	2	1.0
289	1	1.0
921	3	1.0
716	4	1.0
1232	2	1.0
2073	3	1.0
1715	4	1.0
2491	2	1.0
1338	7	1.0
2206	2	1.0
88	6	1.0
497	3	1.0
1845	5	1.0
147	3	1.0
2311	1	1.0
1284	3	1.0
1970	5	1.0
2029	7	1.0
616	7	1.0
862	7	1.0
1560	3	1.0
657	5	1.0
1494	3	1.0
1547	5	1.0
2544	4	1.0
610	3	1.0
2319	4	1.0
1606	7	1.0
1844	1	1.0
1297	7	1.0
2440	3	1.0
1179	2	1.0
2086	3	1.0
1327	4	1.0
913	3	1.0
551	7	1.0
1961	3	1.0
1443	6	1.0
703	3	1.0
2371	3	1.0
86	5	1.0
1843	4	1.0
1784	4	1.0
1296	3	1.0
1607	3	1.0
652	3	1.0
1385	3	1.0
1665	3	1.0
1503	4	1.0
345	6	1.0
2020	3	1.0
912	7	1.0
301	1	1.0
447	5	1.0
1724	4	1.0
552	5	1.0
1326	2	1.0
1121	3	1.0
242	3	1.0
506	3	1.0
136	6	1.0
1608	7	1.0
1118	2	1.0
2500	3	1.0
403	2	1.0
344	2	1.0
450	1	1.0
823	7	1.0
1445	7	1.0
84	3	1.0
1959	2	1.0
1504	4	1.0
2084	3	1.0
653	6	1.0
1842	5	1.0
1177	3	1.0
1966	2	1.0
611	3	1.0
1667	4	1.0
976	3	1.0
2320	1	1.0
771	3	1.0
343	4	1.0
1119	3	1.0
2545	1	1.0
1178	6	1.0
1725	3	1.0
1236	7	1.0
1901	4	1.0
706	3	1.0
2135	7	1.0
2373	1	1.0
1446	6	1.0
1782	6	1.0
1967	3	1.0
402	4	1.0
1550	4	1.0
977	4	1.0
1386	1	1.0
2321	7	1.0
612	3	1.0
85	4	1.0
32	3	1.0
1505	4	1.0
1960	2	1.0
245	3	1.0
82	4	1.0
1957	6	1.0
825	1	1.0
2198	7	1.0
503	5	1.0
141	7	1.0
1447	3	1.0
1242	4	1.0
1382	4	1.0
554	3	1.0
349	6	1.0
858	1	1.0
2443	5	1.0
1175	7	1.0
1964	6	1.0
766	2	1.0
2681	3	1.0
1905	1	1.0
1721	6	1.0
2315	3	1.0
2374	3	1.0
1840	2	1.0
2257	3	1.0
1499	1	1.0
555	5	1.0
1241	4	1.0
2316	7	1.0
824	3	1.0
1124	1	1.0
246	1	1.0
1329	3	1.0
916	4	1.0
857	2	1.0
400	3	1.0
2680	4	1.0
2256	2	1.0
1603	4	1.0
607	2	1.0
1788	3	1.0
649	3	1.0
1839	4	1.0
768	7	1.0
1552	3	1.0
973	2	1.0
608	3	1.0
505	3	1.0
856	4	1.0
1955	5	1.0
915	3	1.0
2200	2	1.0
453	4	1.0
2140	2	1.0
295	5	1.0
348	4	1.0
2376	4	1.0
2021	3	1.0
708	6	1.0
2679	3	1.0
1604	2	1.0
1787	7	1.0
1122	1	1.0
1240	3	1.0
556	7	1.0
2080	6	1.0
855	2	1.0
1838	6	1.0
650	1	1.0
1963	7	1.0
244	2	1.0
974	4	1.0
2022	3	1.0
2199	7	1.0
2549	7	1.0
2258	2	1.0
452	5	1.0
1904	3	1.0
1605	3	1.0
1786	2	1.0
557	7	1.0
1174	7	1.0
296	5	1.0
1722	6	1.0
2498	3	1.0
1239	7	1.0
1187	4	1.0
1064	2	1.0
777	4	1.0
1748	4	1.0
1705	3	1.0
1425	2	1.0
309	7	1.0
959	2	1.0
428	3	1.0
1379	5	1.0
2275	2	1.0
251	4	1.0
2597	4	1.0
1321	3	1.0
2170	4	1.0
2118	3	1.0
1246	3	1.0
15	3	1.0
2380	2	1.0
2627	1	1.0
1484	1	1.0
1807	3	1.0
1911	4	1.0
2171	2	1.0
2066	2	1.0
250	6	1.0
546	3	1.0
1142	4	1.0
1188	7	1.0
184	1	1.0
2598	1	1.0
674	3	1.0
2276	3	1.0
1084	4	1.0
2379	3	1.0
2224	3	1.0
2014	3	1.0
429	6	1.0
1647	2	1.0
908	3	1.0
1542	2	1.0
1601	3	1.0
369	3	1.0
1319	3	1.0
2326	3	1.0
1703	7	1.0
2479	2	1.0
426	5	1.0
673	7	1.0
2017	4	1.0
194	3	1.0
1913	3	1.0
68	4	1.0
725	3	1.0
1378	1	1.0
252	7	1.0
604	1	1.0
2687	3	1.0
1600	5	1.0
776	5	1.0
2420	4	1.0
1541	5	1.0
1086	6	1.0
1482	2	1.0
2120	3	1.0
1599	2	1.0
672	5	1.0
1853	4	1.0
2688	5	1.0
427	6	1.0
2629	5	1.0
486	4	1.0
17	5	1.0
1249	1	1.0
2274	7	1.0
1320	2	1.0
544	1	1.0
1085	1	1.0
1750	4	1.0
1912	2	1.0
2068	7	1.0
2121	3	1.0
724	4	1.0
311	3	1.0
2537	5	1.0
603	2	1.0
2070	4	1.0
550	7	1.0
833	3	1.0
364	3	1.0
1803	4	1.0
130	2	1.0
2682	3	1.0
671	1	1.0
1376	4	1.0
2594	1	1.0
1751	6	1.0
1324	3	1.0
1429	6	1.0
2325	7	1.0
2173	7	1.0
2279	3	1.0
1140	2	1.0
774	5	1.0
1067	3	1.0
1856	1	1.0
71	7	1.0
313	4	1.0
1855	1	1.0
432	7	1.0
1597	6	1.0
2115	4	1.0
834	2	1.0
2383	3	1.0
1325	4	1.0
2424	7	1.0
2543	3	1.0
729	2	1.0
1804	4	1.0
484	5	1.0
1192	7	1.0
2631	2	1.0
2174	2	1.0
365	3	1.0
775	3	1.0
2324	4	1.0
1545	2	1.0
2423	3	1.0
1427	1	1.0
1479	4	1.0
2540	6	1.0
1596	7	1.0
1090	1	1.0
72	4	1.0
314	1	1.0
2116	4	1.0
772	3	1.0
197	6	1.0
249	4	1.0
2072	1	1.0
2382	3	1.0
131	7	1.0
366	3	1.0
2475	4	1.0
2013	7	1.0
2592	6	1.0
2218	6	1.0
1322	3	1.0
831	3	1.0
430	4	1.0
2632	3	1.0
2323	3	1.0
1426	4	1.0
2322	3	1.0
727	3	1.0
2176	2	1.0
832	1	1.0
1009	6	1.0
599	6	1.0
2422	4	1.0
2117	2	1.0
1375	3	1.0
1089	3	1.0
2278	2	1.0
315	6	1.0
1193	5	1.0
2071	6	1.0
189	2	1.0
965	2	1.0
14	1	1.0
1323	7	1.0
367	3	1.0
1806	1	1.0
248	5	1.0
1857	4	1.0
906	4	1.0
2474	1	1.0
1800	2	1.0
2125	3	1.0
178	7	1.0
2692	3	1.0
2487	3	1.0
900	3	1.0
2531	3	1.0
2008	5	1.0
598	6	1.0
952	1	1.0
1536	1	1.0
494	2	1.0
1071	2	1.0
1194	5	1.0
540	1	1.0
2590	6	1.0
2335	2	1.0
2217	2	1.0
668	3	1.0
2177	3	1.0
2486	5	1.0
837	7	1.0
74	5	1.0
2428	3	1.0
2693	1	1.0
901	2	1.0
1917	3	1.0
953	4	1.0
198	5	1.0
125	3	1.0
2126	3	1.0
2532	4	1.0
1712	5	1.0
2634	7	1.0
539	2	1.0
2178	2	1.0
785	3	1.0
1195	1	1.0
1431	3	1.0
1742	5	1.0
2269	3	1.0
22	5	1.0
667	3	1.0
177	6	1.0
495	3	1.0
2334	7	1.0
2591	4	1.0
1373	4	1.0
1371	6	1.0
1079	4	1.0
2427	6	1.0
2385	4	1.0
2267	4	1.0
259	3	1.0
492	4	1.0
902	1	1.0
2062	1	1.0
75	4	1.0
303	6	1.0
666	3	1.0
1138	5	1.0
1593	3	1.0
433	6	1.0
2694	4	1.0
1255	3	1.0
23	2	1.0
1196	3	1.0
1743	4	1.0
1861	1	1.0
538	2	1.0
128	3	1.0
1801	4	1.0
179	6	1.0
2268	2	1.0
1533	4	1.0
200	7	1.0
596	3	1.0
537	3	1.0
955	4	1.0
1197	3	1.0
2426	4	1.0
76	1	1.0
2179	3	1.0
1711	3	1.0
903	2	1.0
1592	3	1.0
2127	6	1.0
1137	2	1.0
1802	3	1.0
363	3	1.0
1313	6	1.0
2485	1	1.0
1919	7	1.0
2216	1	1.0
1860	5	1.0
1863	7	1.0
2272	2	1.0
2213	3	1.0
723	7	1.0
2637	6	1.0
305	3	1.0
1133	7	1.0
1744	2	1.0
1539	3	1.0
1708	1	1.0
490	3	1.0
1656	3	1.0
1591	2	1.0
595	1	1.0
2005	7	1.0
1796	3	1.0
1915	3	1.0
1250	2	1.0
840	3	1.0
1369	1	1.0
2689	2	1.0
1080	3	1.0
19	3	1.0
1370	2	1.0
491	5	1.0
181	3	1.0
2273	3	1.0
542	1	1.0
2638	2	1.0
2063	1	1.0
1745	3	1.0
782	2	1.0
253	5	1.0
1590	5	1.0
78	3	1.0
1797	2	1.0
439	7	1.0
1014	4	1.0
2431	5	1.0
2122	3	1.0
1251	3	1.0
1135	2	1.0
2211	7	1.0
359	4	1.0
2533	4	1.0
2639	2	1.0
662	4	1.0
2585	3	1.0
2430	2	1.0
1367	3	1.0
1083	6	1.0
1076	3	1.0
307	5	1.0
838	6	1.0
204	3	1.0
593	3	1.0
2123	1	1.0
1798	2	1.0
1199	7	1.0
2065	4	1.0
2389	3	1.0
2482	7	1.0
1799	3	1.0
2481	5	1.0
360	3	1.0
1316	3	1.0
21	7	1.0
79	7	1.0
489	7	1.0
2586	1	1.0
1485	7	1.0
780	3	1.0
2388	3	1.0
2429	4	1.0
2124	1	1.0
720	3	1.0
1082	6	1.0
1537	2	1.0
1655	4	1.0
1916	3	1.0
1200	7	1.0
958	7	1.0
2271	3	1.0
203	3	1.0
308	6	1.0
1692	2	1.0
474	5	1.0
1156	1	1.0
1202	4	1.0
997	4	1.0
54	2	1.0
1261	7	1.0
792	7	1.0
382	7	1.0
2157	7	1.0
2466	1	1.0
1366	3	1.0
264	3	1.0
844	5	1.0
1821	3	1.0
2	6	1.0
2393	2	1.0
2000	2	1.0
2407	5	1.0
2700	4	1.0
1587	7	1.0
1469	7	1.0
2525	4	1.0
591	3	1.0
1528	4	1.0
894	6	1.0
1201	3	1.0
533	4	1.0
1157	4	1.0
414	3	1.0
1411	2	1.0
2289	4	1.0
740	5	1.0
2053	1	1.0
381	2	1.0
1691	2	1.0
1762	4	1.0
2467	1	1.0
53	7	1.0
791	7	1.0
171	4	1.0
2156	3	1.0
893	4	1.0
1098	4	1.0
1470	7	1.0
2408	2	1.0
2237	3	1.0
998	6	1.0
119	5	1.0
2699	4	1.0
2464	4	1.0
896	4	1.0
1306	2	1.0
2524	3	1.0
686	3	1.0
3	5	1.0
1690	2	1.0
1631	3	1.0
413	5	1.0
1526	4	1.0
172	7	1.0
999	4	1.0
530	3	1.0
325	4	1.0
120	6	1.0
1764	3	1.0
1365	7	1.0
1926	2	1.0
1158	3	1.0
1099	2	1.0
2002	2	1.0
2643	3	1.0
2003	4	1.0
2642	2	1.0
1822	3	1.0
2340	6	1.0
2158	1	1.0
1927	4	1.0
1203	5	1.0
383	7	1.0
2055	7	1.0
471	1	1.0
2392	7	1.0
590	3	1.0
1000	4	1.0
947	3	1.0
895	4	1.0
1305	1	1.0
1100	2	1.0
327	4	1.0
2410	3	1.0
1414	1	1.0
1636	1	1.0
2529	7	1.0
57	7	1.0
1766	4	1.0
1101	3	1.0
2338	3	1.0
1153	1	1.0
789	4	1.0
379	7	1.0
1206	2	1.0
743	4	1.0
2102	2	1.0
535	1	1.0
1363	2	1.0
1257	6	1.0
2160	4	1.0
2645	7	1.0
1688	5	1.0
2056	2	1.0
588	3	1.0
326	4	1.0
1998	3	1.0
209	7	1.0
2101	6	1.0
2339	1	1.0
2644	2	1.0
261	4	1.0
175	3	1.0
2463	4	1.0
2397	2	1.0
1205	2	1.0
2159	6	1.0
1362	7	1.0
788	4	1.0
536	7	1.0
949	3	1.0
1999	3	1.0
1768	5	1.0
951	4	1.0
2395	3	1.0
262	3	1.0
1361	7	1.0
380	6	1.0
1207	2	1.0
329	3	1.0
1412	3	1.0
787	7	1.0
1309	4	1.0
2162	4	1.0
2409	5	1.0
1531	2	1.0
2578	4	1.0
263	1	1.0
328	4	1.0
176	3	1.0
1686	2	1.0
468	4	1.0
996	2	1.0
586	6	1.0
1767	3	1.0
416	2	1.0
1923	4	1.0
1258	2	1.0
211	5	1.0
742	3	1.0
1819	3	1.0
2697	7	1.0
2461	4	1.0
1583	4	1.0
1055	2	1.0
1521	3	1.0
1004	7	1.0
1209	6	1.0
1931	2	1.0
2112	2	1.0
799	7	1.0
584	1	1.0
2518	3	1.0
2648	5	1.0
1699	1	1.0
1580	3	1.0
481	3	1.0
1268	7	1.0
681	3	1.0
271	4	1.0
2348	2	1.0
1056	3	1.0
2045	3	1.0
851	4	1.0
1301	3	1.0
2400	1	1.0
525	3	1.0
886	7	1.0
1994	4	1.0
1639	2	1.0
2415	3	1.0
1005	7	1.0
850	6	1.0
8	3	1.0
2473	5	1.0
2230	6	1.0
1477	2	1.0
1581	2	1.0
1418	3	1.0
316	3	1.0
1300	2	1.0
526	7	1.0
1150	3	1.0
374	6	1.0
1522	7	1.0
2282	3	1.0
733	7	1.0
1057	3	1.0
2401	3	1.0
1208	2	1.0
1267	3	1.0
798	3	1.0
377	4	1.0
849	7	1.0
272	3	1.0
1638	3	1.0
2398	3	1.0
1416	4	1.0
941	2	1.0
1006	3	1.0
479	1	1.0
113	3	1.0
1299	3	1.0
2471	2	1.0
2166	2	1.0
1151	3	1.0
1058	3	1.0
2047	3	1.0
1578	2	1.0
2346	7	1.0
165	7	1.0
1874	3	1.0
166	6	1.0
583	1	1.0
1210	1	1.0
732	3	1.0
2113	3	1.0
2281	2	1.0
478	5	1.0
2048	2	1.0
1417	1	1.0
1152	6	1.0
888	7	1.0
1996	4	1.0
1298	6	1.0
1934	4	1.0
2649	3	1.0
1579	6	1.0
940	3	1.0
680	1	1.0
214	5	1.0
1815	3	1.0
2516	2	1.0
1990	1	1.0
2167	4	1.0
1759	5	1.0
2345	3	1.0
2049	1	1.0
1811	3	1.0
1264	1	1.0
1059	3	1.0
1304	2	1.0
267	1	1.0
2287	2	1.0
943	2	1.0
1695	2	1.0
108	4	1.0
167	1	1.0
1473	3	1.0
1525	3	1.0
425	7	1.0
5	4	1.0
64	5	1.0
1643	1	1.0
1356	1	1.0
1928	3	1.0
2417	4	1.0
1094	3	1.0
2404	1	1.0
63	4	1.0
1877	4	1.0
1060	3	1.0
2050	3	1.0
1147	3	1.0
2573	3	1.0
1303	1	1.0
1694	5	1.0
2703	2	1.0
109	4	1.0
1577	7	1.0
268	7	1.0
1810	1	1.0
216	1	1.0
1001	7	1.0
4	5	1.0
2343	7	1.0
217	6	1.0
169	2	1.0
7	7	1.0
1061	2	1.0
424	4	1.0
675	3	1.0
1148	4	1.0
1266	3	1.0
2705	2	1.0
2653	1	1.0
66	2	1.0
944	2	1.0
1096	7	1.0
1002	1	1.0
734	5	1.0
527	3	1.0
2402	4	1.0
676	6	1.0
373	2	1.0
1265	2	1.0
1576	2	1.0
793	7	1.0
2051	3	1.0
270	3	1.0
475	3	1.0
1062	6	1.0
1420	4	1.0
885	7	1.0
1760	4	1.0
2109	4	1.0
65	1	1.0
735	5	1.0
