159	6	1.0
985	1	1.0
1880	3	1.0
157	6	1.0
1452	3	1.0
1454	1	1.0
162	4	1.0
1457	7	1.0
1460	5	1.0
626	3	1.0
2307	3	1.0
1459	4	1.0
625	7	1.0
621	3	1.0
1892	3	1.0
2301	6	1.0
1891	2	1.0
623	3	1.0
1462	3	1.0
1437	4	1.0
143	3	1.0
1439	5	1.0
2314	4	1.0
1894	3	1.0
1898	7	1.0
1440	2	1.0
148	1	1.0
2309	1	1.0
966	2	1.0
610	3	1.0
1443	6	1.0
1445	7	1.0
611	3	1.0
612	3	1.0
1905	1	1.0
2315	3	1.0
607	2	1.0
973	2	1.0
608	3	1.0
1904	3	1.0
2326	3	1.0
604	1	1.0
1853	4	1.0
1855	1	1.0
1427	1	1.0
2323	3	1.0
1426	4	1.0
189	2	1.0
598	6	1.0
1431	3	1.0
2334	7	1.0
596	3	1.0
1860	5	1.0
1863	7	1.0
595	1	1.0
593	3	1.0
1411	2	1.0
171	4	1.0
172	7	1.0
999	4	1.0
2340	6	1.0
1000	4	1.0
586	6	1.0
2348	2	1.0
1418	3	1.0
1416	4	1.0
166	6	1.0
1417	1	1.0
167	1	1.0
1877	4	1.0
1001	7	1.0
169	2	1.0
1420	4	1.0
1940	3	1.0
1939	4	1.0
1512	3	1.0
2352	3	1.0
574	4	1.0
105	3	1.0
573	3	1.0
102	3	1.0
1948	3	1.0
99	7	1.0
565	5	1.0
2359	3	1.0
1043	3	1.0
1946	4	1.0
1519	2	1.0
2358	3	1.0
1513	4	1.0
2361	7	1.0
2360	1	1.0
1943	4	1.0
1046	5	1.0
558	4	1.0
1954	3	1.0
93	5	1.0
1021	4	1.0
1953	3	1.0
92	3	1.0
1492	7	1.0
2368	7	1.0
562	3	1.0
1494	3	1.0
551	7	1.0
1961	3	1.0
2371	3	1.0
86	5	1.0
1503	4	1.0
84	3	1.0
1505	4	1.0
1960	2	1.0
1957	6	1.0
82	4	1.0
2374	3	1.0
555	5	1.0
556	7	1.0
557	7	1.0
1064	2	1.0
2380	2	1.0
1911	4	1.0
2379	3	1.0
1913	3	1.0
544	1	1.0
550	7	1.0
1479	4	1.0
2382	3	1.0
1917	3	1.0
125	3	1.0
539	2	1.0
128	3	1.0
1919	7	1.0
1915	3	1.0
2388	3	1.0
1469	7	1.0
533	4	1.0
1470	7	1.0
120	6	1.0
2392	7	1.0
535	1	1.0
536	7	1.0
1923	4	1.0
1055	2	1.0
1056	3	1.0
525	3	1.0
1477	2	1.0
2398	3	1.0
113	3	1.0
1934	4	1.0
108	4	1.0
1473	3	1.0
109	4	1.0
527	3	1.0
2402	4	1.0
1777	6	1.0
39	2	1.0
1348	4	1.0
2197	2	1.0
40	5	1.0
1349	1	1.0
876	5	1.0
1352	2	1.0
42	4	1.0
877	7	1.0
1353	3	1.0
43	2	1.0
2187	3	1.0
2188	3	1.0
1340	7	1.0
521	3	1.0
1769	5	1.0
522	6	1.0
1344	7	1.0
1775	3	1.0
870	4	1.0
2209	4	1.0
1334	2	1.0
500	4	1.0
866	7	1.0
501	5	1.0
1789	3	1.0
1336	4	1.0
863	1	1.0
2206	2	1.0
862	7	1.0
1784	4	1.0
1326	2	1.0
2198	7	1.0
503	5	1.0
857	2	1.0
856	4	1.0
1787	7	1.0
855	2	1.0
1786	2	1.0
1748	4	1.0
1321	3	1.0
2224	3	1.0
908	3	1.0
1319	3	1.0
2687	3	1.0
1320	2	1.0
2682	3	1.0
1751	6	1.0
1324	3	1.0
71	7	1.0
1325	4	1.0
484	5	1.0
72	4	1.0
2218	6	1.0
1323	7	1.0
906	4	1.0
2692	3	1.0
494	2	1.0
2217	2	1.0
901	2	1.0
2693	1	1.0
495	3	1.0
492	4	1.0
2694	4	1.0
903	2	1.0
2213	3	1.0
2689	2	1.0
491	5	1.0
78	3	1.0
1316	3	1.0
79	7	1.0
54	2	1.0
2700	4	1.0
1762	4	1.0
2237	3	1.0
2699	4	1.0
896	4	1.0
1306	2	1.0
471	1	1.0
895	4	1.0
1305	1	1.0
1768	5	1.0
1309	4	1.0
2697	7	1.0
1301	3	1.0
886	7	1.0
1300	2	1.0
888	7	1.0
1298	6	1.0
1759	5	1.0
1304	2	1.0
63	4	1.0
1303	1	1.0
2703	2	1.0
66	2	1.0
475	3	1.0
885	7	1.0
933	7	1.0
2246	1	1.0
1836	7	1.0
1406	3	1.0
455	1	1.0
2654	7	1.0
2655	4	1.0
1402	1	1.0
1403	3	1.0
459	3	1.0
2251	2	1.0
1404	4	1.0
1831	1	1.0
935	2	1.0
2664	6	1.0
462	3	1.0
930	4	1.0
1826	3	1.0
465	4	1.0
2667	5	1.0
929	1	1.0
2245	1	1.0
1391	7	1.0
1850	6	1.0
918	4	1.0
2668	2	1.0
1388	3	1.0
2673	3	1.0
446	1	1.0
1845	5	1.0
1844	1	1.0
913	3	1.0
447	5	1.0
450	1	1.0
1842	5	1.0
2681	3	1.0
1840	2	1.0
2257	3	1.0
2680	4	1.0
2256	2	1.0
915	3	1.0
2679	3	1.0
1838	6	1.0
452	5	1.0
959	2	1.0
428	3	1.0
2627	1	1.0
2276	3	1.0
426	5	1.0
427	6	1.0
17	5	1.0
2274	7	1.0
1803	4	1.0
432	7	1.0
2631	2	1.0
430	4	1.0
2278	2	1.0
14	1	1.0
953	4	1.0
2634	7	1.0
2267	4	1.0
1801	4	1.0
955	4	1.0
1796	3	1.0
1370	2	1.0
2273	3	1.0
1797	2	1.0
1366	3	1.0
2	6	1.0
2289	4	1.0
2642	2	1.0
416	2	1.0
1819	3	1.0
8	3	1.0
2281	2	1.0
2649	3	1.0
1811	3	1.0
425	7	1.0
5	4	1.0
1356	1	1.0
2653	1	1.0
2092	1	1.0
1218	5	1.0
2625	2	1.0
751	5	1.0
1216	1	1.0
2620	3	1.0
394	3	1.0
1221	3	1.0
746	3	1.0
1677	3	1.0
2087	2	1.0
392	3	1.0
1219	2	1.0
2622	3	1.0
2088	2	1.0
1224	7	1.0
2616	3	1.0
391	2	1.0
2618	6	1.0
1222	2	1.0
2619	7	1.0
758	2	1.0
389	3	1.0
2098	4	1.0
1683	4	1.0
752	3	1.0
386	5	1.0
2610	6	1.0
412	3	1.0
2609	3	1.0
1230	3	1.0
410	3	1.0
764	3	1.0
1229	5	1.0
2611	3	1.0
1232	2	1.0
2086	3	1.0
1667	4	1.0
771	3	1.0
1242	4	1.0
1241	4	1.0
400	3	1.0
768	7	1.0
1240	3	1.0
2080	6	1.0
1239	7	1.0
1187	4	1.0
2597	4	1.0
2598	1	1.0
1647	2	1.0
369	3	1.0
2115	4	1.0
365	3	1.0
2592	6	1.0
367	3	1.0
2127	6	1.0
1656	3	1.0
782	2	1.0
2122	3	1.0
359	4	1.0
2123	1	1.0
1199	7	1.0
360	3	1.0
780	3	1.0
1200	7	1.0
1202	4	1.0
382	7	1.0
1201	3	1.0
381	2	1.0
1636	1	1.0
1206	2	1.0
2102	2	1.0
2101	6	1.0
1205	2	1.0
788	4	1.0
380	6	1.0
1207	2	1.0
2578	4	1.0
1209	6	1.0
2112	2	1.0
799	7	1.0
1639	2	1.0
798	3	1.0
377	4	1.0
1210	1	1.0
1643	1	1.0
339	3	1.0
1276	6	1.0
802	1	1.0
2142	7	1.0
1275	2	1.0
804	2	1.0
1729	2	1.0
805	5	1.0
2570	3	1.0
331	3	1.0
807	1	1.0
1738	2	1.0
1283	3	1.0
2558	3	1.0
808	5	1.0
1739	2	1.0
2559	4	1.0
1281	7	1.0
809	3	1.0
330	2	1.0
2560	4	1.0
1282	3	1.0
1279	1	1.0
2154	4	1.0
2155	3	1.0
2562	4	1.0
2153	2	1.0
1290	3	1.0
2550	3	1.0
2129	1	1.0
1288	4	1.0
2128	4	1.0
2552	5	1.0
1714	4	1.0
2134	2	1.0
1286	3	1.0
817	3	1.0
2133	6	1.0
820	1	1.0
1715	4	1.0
1284	3	1.0
1297	7	1.0
1724	4	1.0
344	2	1.0
823	7	1.0
2545	1	1.0
1725	3	1.0
824	3	1.0
348	4	1.0
2549	7	1.0
1722	6	1.0
1705	3	1.0
309	7	1.0
2171	2	1.0
1703	7	1.0
311	3	1.0
2537	5	1.0
2174	2	1.0
2540	6	1.0
314	1	1.0
315	6	1.0
837	7	1.0
2532	4	1.0
2178	2	1.0
303	6	1.0
1255	3	1.0
2179	3	1.0
1708	1	1.0
307	5	1.0
838	6	1.0
1692	2	1.0
2157	7	1.0
2525	4	1.0
1691	2	1.0
2156	3	1.0
325	4	1.0
1688	5	1.0
326	4	1.0
2159	6	1.0
329	3	1.0
1258	2	1.0
2518	3	1.0
316	3	1.0
2166	2	1.0
2516	2	1.0
1694	5	1.0
644	1	1.0
2508	3	1.0
646	4	1.0
2507	4	1.0
276	4	1.0
274	2	1.0
1982	3	1.0
1562	7	1.0
287	6	1.0
2512	7	1.0
1981	2	1.0
640	4	1.0
2514	3	1.0
1104	3	1.0
1110	7	1.0
284	3	1.0
2509	7	1.0
1109	4	1.0
294	3	1.0
661	7	1.0
292	3	1.0
1971	3	1.0
1130	3	1.0
2488	7	1.0
2489	4	1.0
655	6	1.0
288	7	1.0
2491	2	1.0
657	5	1.0
652	3	1.0
301	1	1.0
1121	3	1.0
1118	2	1.0
653	6	1.0
1119	3	1.0
1550	4	1.0
1122	1	1.0
296	5	1.0
2498	3	1.0
250	6	1.0
1084	4	1.0
1542	2	1.0
2017	4	1.0
252	7	1.0
672	5	1.0
1085	1	1.0
249	4	1.0
2475	4	1.0
2013	7	1.0
1089	3	1.0
2008	5	1.0
668	3	1.0
2486	5	1.0
667	3	1.0
1079	4	1.0
259	3	1.0
2485	1	1.0
1539	3	1.0
253	5	1.0
2481	5	1.0
1082	6	1.0
2466	1	1.0
264	3	1.0
2000	2	1.0
1528	4	1.0
1526	4	1.0
1099	2	1.0
2003	4	1.0
1100	2	1.0
1101	3	1.0
1998	3	1.0
261	4	1.0
2463	4	1.0
2461	4	1.0
1521	3	1.0
681	3	1.0
272	3	1.0
2471	2	1.0
1996	4	1.0
1990	1	1.0
267	1	1.0
1094	3	1.0
268	7	1.0
676	6	1.0
2040	2	1.0
1172	3	1.0
220	2	1.0
1628	6	1.0
700	5	1.0
2451	6	1.0
2450	6	1.0
1623	6	1.0
223	1	1.0
2452	2	1.0
1621	6	1.0
1166	6	1.0
2034	3	1.0
1165	7	1.0
692	5	1.0
2032	7	1.0
2455	3	1.0
691	1	1.0
1617	5	1.0
230	3	1.0
2459	4	1.0
1618	1	1.0
694	3	1.0
710	3	1.0
1186	7	1.0
2027	3	1.0
2025	3	1.0
2435	4	1.0
1182	7	1.0
2436	3	1.0
239	3	1.0
1611	3	1.0
2029	7	1.0
2440	3	1.0
242	3	1.0
1177	3	1.0
706	3	1.0
245	3	1.0
1175	7	1.0
1603	4	1.0
1604	2	1.0
1605	3	1.0
194	3	1.0
1600	5	1.0
1599	2	1.0
724	4	1.0
1140	2	1.0
1597	6	1.0
729	2	1.0
2423	3	1.0
197	6	1.0
727	3	1.0
198	5	1.0
1138	5	1.0
1593	3	1.0
200	7	1.0
723	7	1.0
204	3	1.0
2065	4	1.0
1156	1	1.0
2407	5	1.0
1157	4	1.0
740	5	1.0
1158	3	1.0
2410	3	1.0
1153	1	1.0
743	4	1.0
2056	2	1.0
209	7	1.0
2409	5	1.0
742	3	1.0
1580	3	1.0
2415	3	1.0
1581	2	1.0
733	7	1.0
2047	3	1.0
1151	3	1.0
1578	2	1.0
1152	6	1.0
214	5	1.0
2049	1	1.0
2417	4	1.0
2050	3	1.0
1147	3	1.0
216	1	1.0
217	6	1.0
1576	2	1.0
2051	3	1.0
735	5	1.0
