251	1
3230	7
3230	5
3230	6
1674	7
3230	3
3230	4
1674	6
3230	2
1674	5
3230	1
1674	4
847	6
1674	2
847	7
1674	1
847	2
250	7
847	3
847	4
2139	6
847	5
2139	7
1319	7
2139	4
1319	6
2139	5
2139	2
2139	3
1319	4
250	2
1319	5
250	1
1319	2
2811	1
2139	1
1319	3
250	6
3231	6
1319	1
250	5
3231	7
250	4
250	3
3231	2
3231	3
3231	4
3231	1
1321	5
2141	2
1321	4
3228	7
2141	3
1321	7
1321	6
3228	5
2141	1
2141	6
2141	7
2141	4
2141	5
2811	4
2811	5
2811	2
2811	3
1321	1
3228	4
3228	3
2811	6
3228	2
1321	2
2811	7
3228	1
845	3
845	2
845	1
845	7
845	6
845	5
2812	5
2812	6
2812	7
1320	4
1320	3
1320	2
251	6
1320	1
251	7
251	4
2812	1
1320	7
251	5
1320	6
251	2
2812	3
1320	5
251	3
2812	4
2143	4
2143	5
2143	3
1316	6
2143	1
1316	7
3227	1
2143	6
2143	7
3226	7
1316	1
2813	7
1316	2
2813	6
1316	3
2813	5
1316	4
2813	4
2813	3
2813	2
2813	1
2142	7
2142	3
2142	4
2142	5
2142	6
3227	7
3227	2
3227	3
3227	4
3227	5
253	3
253	2
2142	2
2142	1
253	7
253	6
253	5
253	4
2815	1
3225	3
2815	5
3225	2
2815	2
3225	1
2815	3
3225	7
3225	6
2815	6
3225	5
2815	7
3225	4
2145	2
2145	3
2145	1
255	4
1668	6
255	5
1668	5
255	2
255	3
1668	7
255	1
2816	1
2144	1
2816	2
2144	2
2816	3
3226	2
2144	3
2816	4
3226	1
2144	4
2816	5
3226	4
2144	5
2816	6
3226	3
2144	6
255	6
2816	7
2144	7
255	7
3226	5
1668	1
1668	2
1668	3
1668	4
1681	1
1681	3
1681	2
2146	7
840	7
2146	3
2146	4
840	5
2146	5
840	6
2146	6
840	3
840	4
840	1
2146	1
840	2
2146	2
244	4
244	3
244	2
244	1
1681	4
1681	5
1681	6
1681	7
1680	7
1680	6
1680	5
1680	4
1680	3
1680	2
1680	1
2145	6
2145	7
2145	4
2145	5
1312	5
1312	6
1312	7
1312	1
1312	2
1312	3
1312	4
2148	1
2148	2
2148	3
2148	4
2148	6
2148	5
2148	7
3222	6
2147	5
3222	4
2147	2
3222	3
2147	3
2147	6
3222	7
2147	7
244	5
3222	2
244	6
3222	1
2147	1
244	7
838	4
838	3
838	6
838	5
838	7
838	2
2807	5
2807	4
843	1
2807	3
2807	1
843	6
843	7
843	2
843	3
843	4
2807	6
843	5
2807	7
2151	7
2151	6
842	2
842	1
842	6
842	5
842	4
842	3
2808	1
842	7
2808	3
3218	2
2808	4
3218	1
2808	5
1676	2
2808	6
1676	1
3218	3
2808	7
1676	4
3218	6
1676	3
3218	5
1676	6
1676	5
3218	7
1676	7
841	3
841	2
841	5
841	4
841	7
841	6
1675	1
248	5
1675	5
248	6
1675	4
248	7
1675	3
1675	2
248	1
3219	1
248	2
248	3
1675	7
248	4
1675	6
3219	4
2151	1
3219	3
3219	2
2151	4
2151	5
3219	7
2151	2
3219	6
2151	3
2125	1
2125	3
2125	2
2125	5
2125	4
2125	7
2125	6
1659	3
1659	2
1659	5
1659	4
1659	7
1659	6
263	6
263	7
2796	7
2796	6
2796	5
2126	2
2126	1
2796	4
2796	3
2796	2
2796	1
3216	4
1660	7
1660	6
3216	2
1660	5
3216	1
3216	7
3216	6
3216	5
1660	4
1660	3
1660	2
1660	1
1658	3
1658	4
1658	6
1658	1
1658	2
3215	7
3215	6
3215	3
2126	7
3215	2
3215	4
2126	4
3215	1
2126	5
2126	6
1659	1
266	7
266	1
266	2
266	3
266	5
2127	6
266	6
2127	7
2127	4
2127	5
2127	2
3214	7
2127	3
3214	6
3214	5
2127	1
3214	4
1658	7
3214	3
836	7
1656	2
1656	1
836	5
267	6
1656	4
836	6
267	7
1656	3
267	4
267	5
1656	5
267	2
267	3
1656	7
3214	2
3214	1
267	1
2128	2
2128	1
2128	4
2128	3
836	4
2128	6
836	3
2128	5
836	2
836	1
2128	7
2129	6
2129	7
2129	4
2129	5
3213	3
3213	1
3213	7
3213	6
3213	5
3213	4
2129	3
2129	2
2129	1
2802	3
2130	3
2802	4
2130	4
2802	5
2130	5
2130	6
2802	1
2130	1
2802	2
269	2
269	3
269	1
269	6
2802	7
2130	7
269	7
269	4
834	6
834	5
834	4
1654	1
834	3
1654	2
834	2
834	1
1654	7
1654	3
1654	4
834	7
1654	6
2131	1
3211	7
3211	6
2801	6
3211	5
2801	7
3211	4
2801	4
1655	7
3211	3
2801	5
1655	6
3211	2
2131	6
2131	7
2131	4
2131	5
270	1
2131	2
270	2
2131	3
2801	3
1655	4
2801	2
1655	5
3211	1
2801	1
1655	2
1655	3
1655	1
3210	2
3210	1
1666	7
3210	5
3210	4
3210	3
1666	2
1666	1
1666	6
1666	5
1666	4
1666	3
257	1
1298	7
826	2
257	3
826	1
257	2
2132	4
826	3
2132	3
826	6
2132	2
826	5
2132	1
1298	1
3210	7
1298	3
1298	4
1298	5
1298	6
2132	5
2132	6
826	7
2132	7
257	6
257	7
257	5
2789	1
2789	3
2789	2
2789	5
2789	4
2789	7
2789	6
2133	6
2133	7
2133	4
2133	5
2133	2
2133	3
2133	1
1665	2
1665	3
1665	1
824	6
824	5
824	7
824	2
824	1
824	4
824	3
1665	5
3207	7
3207	6
1665	7
1665	6
1294	3
1294	4
1294	5
1294	6
1294	7
2135	1
2135	5
2135	4
2135	3
2135	2
2135	6
2135	7
3207	5
3207	4
3207	3
3207	2
1295	1
1295	4
1295	5
1295	2
1295	3
1295	6
1295	7
2136	1
2136	2
2136	3
2136	4
2136	6
3206	2
2136	7
3206	1
3206	4
3206	3
3206	6
3206	7
3205	7
2137	2
3205	6
3205	5
3205	4
2137	1
3205	3
3205	2
3205	1
2137	6
2137	7
2137	4
2137	5
263	1
263	4
263	5
263	2
263	3
3256	3
3256	4
3256	1
3256	2
3256	7
3256	5
3256	6
225	1
225	3
225	2
1294	1
1294	2
3257	1
3257	2
3257	3
1293	2
3257	4
1293	3
224	7
3257	5
224	6
3257	6
1293	1
224	5
3257	7
224	4
1293	7
224	3
1293	4
224	2
1293	5
224	1
875	7
875	6
2782	7
875	3
2782	6
875	2
875	5
2782	4
875	4
2782	3
3258	5
2112	7
3258	3
3258	4
2112	5
3258	1
2112	4
3258	2
2112	3
2112	2
2112	1
2782	1
2782	2
1701	4
1701	6
1701	7
1701	1
1701	2
874	7
1701	3
3259	1
3258	7
874	5
874	6
874	3
874	1
874	2
877	1
877	2
877	3
877	5
877	6
877	7
2117	2
2117	3
2117	1
228	5
2117	6
228	6
2117	7
228	7
2117	4
228	2
2787	5
228	1
2787	4
228	4
2787	3
228	3
2787	2
2787	7
2787	6
3252	7
3252	5
3252	6
2787	1
876	7
876	5
876	6
876	3
876	4
876	1
876	2
1289	6
1289	7
1289	4
227	7
227	6
227	5
227	4
227	3
227	2
227	1
3253	1
3253	2
3253	3
1289	2
3253	4
1289	3
3253	5
3253	6
1289	1
3253	7
226	7
3254	7
3254	5
3254	6
1698	7
3254	3
3254	4
1698	5
3254	1
1698	6
3254	2
226	2
1698	3
226	1
1698	4
226	4
1698	1
226	3
1698	2
226	5
2114	7
225	7
2114	4
225	6
2114	3
225	5
225	4
2114	5
1287	6
2114	2
1287	7
2114	1
3249	1
1707	1
3249	3
3249	2
1707	2
1707	3
3249	5
1707	4
3249	6
1707	5
3249	7
2777	1
1707	7
2777	3
2777	2
2777	5
1287	1
2777	4
2777	7
1287	4
1287	5
1287	2
2119	6
2119	7
217	1
3250	1
3250	2
217	3
217	2
3250	5
1286	1
3250	3
1286	2
3250	4
1286	3
2778	2
1286	4
2778	1
1286	5
3250	7
1286	7
217	5
2778	6
2778	5
217	7
2778	4
217	6
2778	3
1285	6
216	4
1285	7
216	3
216	2
1285	5
216	1
1285	2
1285	3
216	7
216	6
1285	1
216	5
1709	4
2119	3
1709	5
2119	2
2119	5
1709	7
2119	4
1709	1
1709	2
2119	1
1709	3
867	6
867	7
867	2
867	3
867	4
867	5
1708	3
2776	7
1708	4
1708	1
2776	5
1708	2
2776	4
2776	3
2776	2
2776	1
3252	3
3252	4
3252	1
3252	2
1708	7
1708	5
1708	6
221	7
2780	6
1283	5
221	6
2780	5
1283	2
221	5
1283	3
2780	7
221	3
221	2
1283	6
221	1
1283	7
2780	2
1283	1
2780	1
2780	3
870	5
2124	5
870	6
870	3
2124	7
870	4
870	7
3246	2
3246	1
2124	1
870	2
2124	2
2124	3
2124	4
1282	7
220	6
2123	1
220	5
220	7
220	2
220	1
3246	6
1282	1
3246	3
1282	2
220	3
3246	4
1282	3
1282	5
3246	7
1282	6
2123	4
2123	5
2123	2
2123	3
2123	7
2122	4
2122	3
2122	6
2122	5
1705	4
1705	5
2122	2
1705	7
2122	1
1705	1
1705	2
1705	3
2778	7
871	7
871	6
2779	1
2122	7
2121	7
2121	6
2121	5
2121	4
2121	3
2121	2
2779	7
2121	1
2779	6
2779	5
2779	3
2779	2
871	2
871	3
871	4
871	5
871	1
1279	4
3243	6
3243	7
1279	2
2099	1
1279	3
1279	1
3243	3
3243	4
3243	5
859	1
2099	7
2099	6
238	2
2099	3
2099	2
1279	6
2099	5
1279	7
2099	4
1685	5
1685	4
1685	7
1685	6
1685	1
858	7
1685	3
1685	2
3243	1
1280	5
2100	4
1280	6
2100	3
1280	7
2100	2
2100	1
1280	1
1280	2
1280	3
238	3
1686	2
859	7
238	4
1686	1
238	5
238	6
859	2
238	7
859	3
859	4
859	5
1686	7
1686	6
1686	5
1686	4
1686	3
2097	4
2097	7
2097	6
3245	1
3245	2
3245	3
3245	4
3245	5
3245	6
3245	7
1277	3
1277	2
1277	1
1277	7
1277	6
2097	1
1277	5
2097	2
1277	4
2097	3
1278	3
2098	2
1278	4
2098	1
1278	6
1278	7
2098	6
2098	5
2098	3
237	5
237	4
237	7
237	6
2098	7
237	1
237	3
237	2
861	2
861	3
861	4
861	5
861	6
1278	2
861	7
1278	1
1682	7
241	6
1682	4
241	7
1682	3
862	7
241	4
1682	6
241	5
1682	5
862	5
862	6
862	3
1682	2
862	4
1682	1
862	2
2774	7
2102	7
241	3
2102	4
241	2
2774	3
2774	6
2102	6
2774	5
2102	5
1275	6
2774	2
2102	2
1275	7
2774	1
2102	1
1275	4
1275	2
1275	3
1683	7
1683	6
863	6
1683	5
863	7
1683	4
1683	2
863	2
1683	1
863	3
863	4
2103	6
863	1
2103	7
2103	5
2103	4
2103	2
1276	5
2103	1
1276	6
1276	7
1276	1
1276	2
1276	3
1276	4
864	3
1274	2
864	4
1274	1
864	1
864	2
864	7
1274	6
1274	5
864	5
1274	4
864	6
1274	3
239	7
239	6
239	5
2100	6
239	4
2100	5
239	2
2100	7
239	1
1275	1
240	6
240	5
240	7
240	2
240	1
240	4
240	3
1274	7
3240	3
3240	4
3240	1
3240	2
3240	7
3240	5
3240	6
1692	4
1692	3
1692	2
1692	1
3236	4
3236	3
3236	2
3236	1
1692	7
1692	6
1692	5
2764	3
2764	2
2764	1
3236	7
3236	6
2106	6
2106	5
2106	4
2106	2
2764	7
2106	1
2764	6
2764	5
2106	7
1693	5
1693	4
1693	7
1693	6
1693	1
1693	3
1693	2
2107	1
2762	1
2762	2
2762	5
2762	6
2762	3
2762	4
2104	4
2104	3
2104	2
2762	7
2104	1
3238	1
3238	2
2104	7
2104	6
3238	5
3238	6
3238	3
3238	4
3238	7
2761	1
2761	2
1271	1
2761	4
2761	5
2761	6
2761	7
1271	5
1271	4
1271	3
1271	2
3237	1
3237	2
1271	7
1695	1
3237	3
3237	4
1695	3
3237	5
1695	4
3237	6
1695	5
3237	7
1695	6
1695	7
2767	7
2767	6
2767	5
2767	4
2767	3
2767	1
3233	3
3233	2
3233	1
235	1
1269	6
1269	7
2766	7
1269	4
1269	5
1269	2
2766	4
1269	3
2766	3
2766	6
1269	1
2766	5
3232	6
3232	5
3232	7
3232	2
3232	1
3232	4
856	7
235	4
235	5
856	5
235	2
856	6
235	3
856	3
856	4
235	6
856	2
235	7
2107	5
2107	4
2107	2
2107	7
2107	6
2766	1
2766	2
2108	6
2108	5
2108	7
233	7
233	6
233	5
233	4
233	3
3233	4
233	2
3233	5
233	1
3233	6
3233	7
2108	2
2108	1
2108	4
2108	3
858	1
858	2
2765	1
2765	2
2765	3
858	5
2765	4
2765	5
858	3
2765	6
858	4
2765	7
2198	1
2198	7
2198	6
2198	5
2198	4
2198	3
3282	6
3282	5
3282	4
3282	3
3282	2
3282	7
2869	5
2197	5
308	7
2869	4
2197	4
308	6
2869	7
2197	7
308	5
2869	6
2197	6
2869	1
2197	1
2869	3
2197	3
794	7
2869	2
3283	1
3283	7
3283	6
3283	3
3283	2
3283	5
3283	4
1262	3
1262	4
1262	5
1262	6
1262	7
311	3
311	2
3280	4
311	5
3280	1
3280	2
3280	7
311	1
3280	5
3280	6
311	6
311	7
794	1
794	2
794	3
794	4
794	6
310	2
310	1
2871	1
310	7
2871	3
310	5
2871	2
3281	1
310	4
2871	5
3281	2
310	3
2871	4
3281	3
2871	6
3281	5
2871	7
3281	7
3281	6
1262	2
1262	1
2865	2
2865	3
1264	5
2865	1
1264	7
1264	2
1264	1
1264	4
1264	3
1729	7
1729	6
1729	5
1729	4
306	7
792	6
792	5
306	2
306	1
792	7
306	4
792	2
2865	7
306	3
792	1
2865	6
306	6
792	4
2865	5
792	3
2865	4
791	4
791	5
791	2
791	3
305	2
305	3
791	1
305	1
1729	1
1729	2
1729	3
2194	7
305	7
2194	4
305	6
305	5
2194	6
2194	5
791	7
2194	2
791	6
2194	1
790	3
790	4
790	5
790	6
790	7
2196	7
2196	6
790	1
790	2
308	2
2867	5
1728	3
308	1
2867	4
1728	4
308	4
2867	3
1728	1
308	3
2867	2
1728	2
1728	7
3284	3
3284	4
2867	7
3284	1
2867	6
1728	6
3284	2
2867	1
1265	3
1265	2
1265	1
3284	6
3284	7
1727	6
1727	7
2196	2
2196	1
2196	4
2196	3
1265	6
1265	7
1265	4
1265	5
1727	1
1727	2
1727	3
1727	4
1733	5
1733	4
1733	7
1733	6
1733	1
1733	3
1733	2
2862	1
2862	2
2205	4
2205	7
2205	6
2205	1
2205	3
2205	2
3276	4
3276	3
3276	1
3276	7
3276	6
3276	5
2204	4
2204	2
2862	7
2204	1
2862	6
2862	5
2862	4
2862	3
2204	7
2204	6
2204	5
3273	1
3273	2
1731	1
1731	2
3273	4
1731	3
3273	5
1731	4
3273	6
1731	5
3273	7
1731	6
1731	7
303	3
1730	1
303	2
303	5
303	4
1730	5
1730	6
303	1
1730	3
1730	4
2864	4
2864	3
2864	2
1730	7
2864	1
303	7
303	6
2864	7
2864	6
2864	5
2858	7
2858	3
2858	4
2858	5
2858	6
2858	1
2858	2
2201	7
2201	6
2201	5
2201	4
2201	3
2201	2
2201	1
784	5
784	6
784	7
784	1
784	2
784	4
1256	6
1256	5
1256	7
1256	2
1256	1
1256	4
301	7
3277	1
301	5
3277	2
301	4
3277	3
301	3
3277	4
301	2
3277	5
301	1
3277	6
3277	7
1734	6
1734	3
1734	4
300	6
300	5
1734	7
300	7
300	2
1258	7
300	1
300	3
1734	1
1734	2
1258	2
1258	1
1258	3
1258	6
1258	5
322	6
2183	7
322	5
2183	6
322	3
322	2
322	1
322	7
2184	4
2184	3
2184	2
2184	1
2184	7
2184	6
2857	1
2857	3
2857	2
2857	5
2857	4
2857	7
2857	6
1710	2
1710	1
1710	7
1710	5
1710	6
1710	3
1710	4
2186	6
2186	5
2186	4
2186	3
2186	2
2186	7
1249	1
1249	3
1249	2
2852	1
2852	2
2852	3
2852	4
1249	7
1249	6
1249	5
1249	4
1715	2
1715	3
1715	4
1715	5
1715	6
1715	7
2852	6
2852	5
2852	7
1715	1
2851	4
2851	5
2851	2
2851	3
2851	6
2851	7
320	6
320	5
320	7
320	2
1716	3
1716	4
320	4
1716	1
320	3
1716	2
775	6
775	7
321	3
321	2
321	1
1252	2
1252	1
1252	4
1252	3
321	4
321	5
321	6
321	7
2183	5
2183	4
3270	7
2183	3
2183	2
3270	5
2183	1
3270	6
3270	3
3270	4
2853	7
3270	1
2853	6
3270	2
2853	5
2853	4
2853	3
1252	5
2853	2
1252	6
2853	1
1252	7
3262	6
3262	5
3262	4
774	1
774	2
3262	7
774	3
774	5
774	6
774	7
2849	2
2849	3
2849	1
2190	6
2190	5
2190	4
2190	3
1718	1
1718	2
2190	7
1718	5
1718	6
1718	3
1718	4
3262	1
3262	2
1718	7
775	1
775	4
775	5
775	2
2191	1
2191	3
2191	2
2191	5
2191	4
2191	7
3261	1
3261	2
3261	3
3261	4
3261	5
3261	6
3261	7
1716	7
1716	5
1716	6
317	1
2192	7
317	3
2192	6
317	2
2192	5
317	5
2192	4
317	4
2192	3
317	7
2192	2
317	6
2192	1
318	5
773	6
318	6
773	7
318	3
773	5
773	2
2193	4
773	3
318	7
2193	6
773	1
2193	7
3259	6
3259	7
2849	5
3259	2
2849	4
3259	3
2849	7
3259	4
2849	6
3259	5
2193	1
2193	3
2193	2
318	2
318	1
1722	1
1722	2
1722	6
1722	3
1722	4
2187	5
2187	4
2187	3
2187	7
2187	6
770	7
2187	1
3265	7
3265	6
770	1
3265	5
770	2
3265	4
770	3
770	4
770	5
770	6
2188	6
2188	5
2188	7
313	7
313	6
3265	1
313	5
3265	2
313	4
313	3
313	2
2188	2
2188	1
2188	4
2188	3
771	4
2844	5
771	5
2844	6
771	2
2844	7
771	3
771	6
771	7
1722	7
2844	1
771	1
2844	3
2844	4
769	1
3264	7
2189	7
2189	6
314	2
769	3
3264	5
2189	5
769	2
3264	6
314	4
3264	3
2189	3
314	3
3264	4
2189	2
314	6
2847	7
3264	1
2189	1
314	5
2847	6
3264	2
2847	5
1720	7
2847	4
2847	3
1720	5
2847	2
1720	6
2847	1
1720	3
1720	4
1720	1
1720	2
1244	6
1244	5
1244	7
1244	2
1244	1
1244	4
1244	3
2190	2
2190	1
1721	4
3263	6
1721	5
3263	7
1721	6
1721	7
3263	2
2846	7
1721	1
3263	3
1721	2
3263	4
3263	5
2846	4
2846	3
2846	6
2846	5
3263	1
1245	7
1245	6
2846	1
1245	5
2846	2
1245	3
1245	2
1245	1
314	7
769	6
769	7
769	5
821	1
821	3
821	2
821	5
821	4
821	7
1235	3
1235	2
1235	5
1235	4
1235	7
1235	6
1752	4
1752	3
1752	2
1752	1
1752	7
1235	1
1752	6
1752	5
2171	3
820	7
2171	2
820	6
2171	5
820	5
2171	4
2171	7
2171	6
1234	7
1234	2
1234	1
1234	6
1234	5
1234	4
1234	3
823	3
823	2
1233	1
823	5
1233	2
823	4
1233	3
823	1
2170	7
2171	1
823	6
1233	5
823	7
1233	4
1233	7
1233	6
1232	7
1232	5
822	7
1232	6
822	6
1232	3
822	5
1232	4
822	4
1232	1
822	3
1232	2
822	2
281	6
2170	3
281	7
2170	4
281	4
2170	5
281	5
2170	6
1753	5
1753	4
1753	7
2170	1
1753	6
2170	2
1753	1
1753	3
1753	2
281	3
281	1
3311	1
3311	5
3311	4
1238	2
1238	1
3311	2
1238	4
2839	1
1238	3
1238	6
3311	7
1238	5
3311	6
2839	4
2839	5
1238	7
2839	2
2839	3
2839	7
279	4
3312	2
279	5
3312	1
279	2
3312	4
279	3
3312	3
3312	6
279	1
3312	5
3312	7
2168	2
2168	1
2168	4
2168	6
2168	5
279	7
279	6
2168	7
1236	5
278	1
278	2
1236	7
278	3
1757	7
278	4
1757	6
278	5
1757	5
278	6
1757	4
278	7
1757	2
1757	1
820	2
820	1
820	3
277	2
277	3
2166	1
277	1
2166	2
277	6
277	7
277	5
2166	7
2166	4
2166	5
2166	6
819	1
1236	3
1236	4
819	7
1236	1
1236	2
819	5
819	4
819	3
819	2
1228	7
1228	6
1228	5
1228	4
1228	3
1228	2
1228	1
2179	3
2179	2
2179	5
2179	4
2179	7
2179	6
814	6
814	5
814	4
814	3
276	7
276	6
2179	1
814	7
276	5
276	1
276	2
276	3
276	4
814	1
814	2
1758	6
1227	3
1758	5
1227	2
1758	4
1227	5
1758	3
1227	7
1227	6
1758	7
2178	7
1758	1
1227	1
2178	2
2178	1
2178	6
2178	5
2178	4
2178	3
275	4
1761	1
275	5
3303	2
275	2
1761	3
3303	5
275	3
1761	2
3303	4
275	6
3303	1
275	7
275	1
816	7
816	6
816	5
816	4
816	3
816	2
816	1
2835	6
2835	7
2835	4
2835	5
2835	2
2835	3
2835	1
1225	4
1225	5
1225	7
1225	1
1225	2
1225	3
3303	6
3303	7
273	7
273	6
273	4
2176	2
2176	1
2176	4
2176	3
2176	5
2176	7
1231	1
1231	5
1231	3
1231	2
273	2
2832	1
273	3
2832	2
2832	3
1231	7
273	1
2832	4
1231	6
2832	5
2832	6
2832	7
2833	7
2833	6
2833	5
2833	4
1761	7
1761	6
1761	5
1761	4
272	5
272	6
272	7
2833	2
272	2
2833	3
272	3
272	4
2833	1
2174	7
3306	7
2174	4
2174	3
2174	6
2174	5
2830	7
271	1
271	4
2830	3
271	5
2830	4
271	2
2830	5
271	3
3306	4
271	6
3306	6
2174	1
271	7
3306	5
2174	2
3306	2
3306	1
812	2
812	4
812	3
1229	4
1229	5
1229	6
1229	7
812	6
812	5
1229	1
1229	2
812	7
1229	3
270	3
1763	1
270	4
270	5
270	6
270	7
2173	6
2173	7
1763	7
2173	4
1763	6
2173	5
1763	5
2173	2
1763	4
2173	3
1763	3
1763	2
2173	1
1220	3
1220	4
1220	1
1220	2
296	3
296	2
296	1
296	7
296	6
296	5
2830	1
2158	1
2830	2
2158	2
3295	7
3295	6
3295	3
3295	2
3295	4
1220	7
1220	6
3295	1
1220	5
297	5
1738	5
3294	1
297	4
1738	6
3294	2
297	7
1738	3
297	6
1738	4
1738	1
1738	2
2158	7
297	1
2158	6
2158	5
297	3
297	2
2158	3
2829	7
2829	4
2829	5
2829	2
2829	3
2829	1
1221	5
1221	4
1221	7
1221	6
3294	7
1221	1
3294	6
3294	5
1221	3
3294	4
1738	7
808	4
808	3
808	2
808	7
808	6
808	5
2828	5
2828	7
2828	1
2828	2
2828	3
2828	4
3298	4
803	1
3298	3
3298	6
3298	5
3298	2
3298	1
2826	3
2826	4
803	6
2826	5
803	7
2826	6
803	4
803	5
3298	7
803	2
2826	1
803	3
2826	2
293	3
293	2
293	1
293	7
293	6
2826	7
293	5
293	4
1741	4
1741	5
1741	6
1741	7
1741	1
1741	2
1741	3
2155	1
2155	7
2155	6
2155	5
2155	4
2155	3
2155	2
2824	1
2152	1
291	1
2824	2
2152	2
2824	3
2152	3
2824	4
2152	4
2824	5
2152	5
2824	6
2152	6
2824	7
2152	7
291	6
291	7
291	4
291	5
291	2
291	3
805	3
805	2
805	1
805	7
805	6
805	5
805	4
1743	1
2823	6
2823	7
1743	5
3299	1
1743	4
1743	3
1743	2
3299	4
1743	7
3299	3
1743	6
3299	2
3299	7
3299	6
800	5
2823	4
800	6
2823	5
800	7
2823	2
2823	3
800	1
800	2
800	3
800	4
3288	7
3288	6
3288	5
3288	4
3288	3
3288	2
3288	1
3287	7
1745	4
3287	6
1745	7
1745	6
3287	2
1745	1
3287	3
1745	2
3287	4
290	7
1745	3
3287	1
290	1
290	6
290	5
290	4
290	3
3290	2
3290	1
3290	6
3290	5
3290	3
3289	5
3289	4
3289	7
3289	6
3289	1
3289	3
3289	2
802	7
802	2
802	1
802	6
802	5
802	4
802	3
2161	7
2161	6
2161	5
2161	4
796	1
796	2
2819	1
796	3
796	4
2161	2
2161	3
2819	6
2819	7
2161	1
796	5
2819	4
796	6
2819	5
796	7
2819	2
3290	7
797	6
797	7
797	4
797	5
797	2
797	3
797	1
798	3
798	6
798	5
1215	1
1215	2
798	7
1215	3
1215	4
1215	5
1215	7
1749	3
1749	2
2159	1
1749	1
1749	7
2159	4
1749	6
2159	5
1749	5
2159	2
1749	4
2159	3
2159	6
2159	7
798	1
798	2
3292	2
3292	1
1750	2
3292	4
1750	1
3292	3
1750	4
3292	6
2160	1
1750	3
3292	5
2160	2
1750	6
2160	3
1750	5
3292	7
2160	4
1750	7
2160	6
2160	7
353	5
353	4
353	7
353	6
1569	6
1569	7
1569	4
1569	5
2693	6
2693	7
2693	4
2693	2
2693	3
2693	1
354	7
3112	5
354	2
3112	6
354	1
3112	7
3112	1
354	6
354	5
3112	3
354	4
3112	4
354	3
1203	3
1203	2
2695	1
1203	5
1203	4
1203	7
2695	4
1203	6
2695	5
2695	2
2695	3
1203	1
356	3
356	2
356	1
1569	1
1569	3
1569	2
356	7
356	5
356	6
2696	7
732	2
732	3
2696	5
732	4
2696	6
2696	3
2696	4
2696	1
2696	2
1566	2
1566	1
732	5
732	6
732	7
3110	1
357	1
3110	2
357	3
1566	7
357	2
357	5
1566	5
1566	6
357	7
1566	3
357	6
1566	4
3110	7
1198	1
1198	2
3110	6
3110	3
3110	4
1198	7
1198	6
2695	6
1198	5
2695	7
1198	4
1198	3
2039	2
733	6
2039	3
733	7
2039	4
733	4
2039	5
733	5
733	2
733	3
2039	1
733	1
3109	4
1567	2
3109	5
1567	3
3109	6
1567	4
3109	7
1567	5
2039	7
3109	1
2039	6
3109	2
3109	3
1567	1
1567	6
1567	7
1199	1
1199	3
1199	2
1199	5
1199	4
1199	7
359	3
359	2
359	5
359	4
359	1
359	6
359	7
1565	1
1200	3
1200	2
1565	3
1200	1
1565	2
1565	5
1200	7
1565	4
1200	6
1565	7
1200	5
1565	6
736	7
736	5
1563	1
736	6
736	3
2700	5
2028	6
736	4
2700	6
2028	7
736	1
2700	7
736	2
2028	1
2700	1
2028	2
1208	7
2700	2
2028	3
1208	6
2700	3
2028	4
1208	5
2700	4
1208	3
1208	2
1208	1
1562	7
2029	6
2029	7
2029	4
737	2
2029	5
737	3
2029	3
1209	4
1209	7
2029	1
1209	6
1209	1
1209	3
2699	6
1209	2
2699	7
2699	4
2699	5
2699	2
2699	3
1563	6
1563	7
1563	4
1563	5
1563	2
1563	3
1210	2
1561	5
1210	1
1561	4
1561	7
1561	6
1210	6
1210	5
1210	4
1210	3
1561	1
362	7
1561	3
1561	2
362	6
362	5
362	4
362	3
362	2
735	6
1562	2
735	7
1562	1
1562	6
1562	5
1562	4
1562	3
363	6
363	7
735	1
363	2
735	2
363	3
735	3
363	4
735	4
363	5
735	5
363	1
1210	7
364	4
1559	6
364	3
1559	7
364	2
364	1
3117	4
3117	5
364	7
3117	6
364	6
3117	7
364	5
3117	1
3117	2
3117	3
1559	3
1559	2
1559	4
1559	1
365	1
365	3
365	2
365	5
365	7
365	6
2032	7
2032	5
2032	6
2032	3
2032	4
2032	1
2032	2
3115	2
2033	5
2705	5
3115	3
2033	4
2705	4
3115	4
2033	7
2705	7
3115	5
2033	6
2705	6
3115	6
3115	7
366	2
366	1
737	6
737	7
737	4
737	5
2033	1
2705	1
3115	1
2033	2
2705	2
2033	3
2705	3
1207	6
1207	7
366	7
738	2
366	3
738	3
1558	2
738	4
1558	1
366	5
738	5
366	6
738	6
738	7
2704	3
1558	6
2704	4
1558	5
1207	1
1558	4
2704	2
1558	3
2704	7
1207	2
1207	5
2704	5
1207	4
2704	6
1558	7
2678	3
2678	6
2678	5
2678	7
3098	7
2678	2
2678	1
3099	1
1187	2
1187	3
1187	4
1187	5
1187	7
3099	4
3099	5
3099	2
3099	3
3099	6
3099	7
1187	1
2023	7
2023	6
370	7
370	1
370	2
370	5
370	6
370	3
370	4
369	1
369	3
369	2
2023	4
3098	5
2023	5
3098	4
2023	2
3098	3
2023	3
3098	2
3098	1
2023	1
369	4
1189	5
369	5
1189	4
369	6
1189	7
369	7
1189	6
1189	1
1189	3
1189	2
3095	1
3095	3
3095	2
3095	5
3095	4
3095	6
3095	7
2024	3
718	3
2024	4
2024	1
718	5
2024	2
718	6
2024	7
718	7
2024	5
1552	4
1552	2
1552	1
1552	7
1552	6
1552	5
3096	3
3096	4
3096	1
371	1
3096	2
3096	7
3096	5
371	7
371	3
2683	1
371	2
371	5
371	4
1551	3
373	2
2683	6
1551	2
373	3
1186	5
2683	7
1551	5
1186	4
1551	4
373	1
1186	3
373	6
1186	2
2683	2
373	7
1186	1
2683	3
1551	1
373	4
2683	4
373	5
2683	5
1551	7
1186	7
718	2
718	1
3094	2
3094	1
1550	7
1550	6
1550	5
1550	4
1550	3
3094	7
3094	6
3094	4
3094	3
723	2
723	3
2015	6
723	4
2015	7
723	5
1550	2
723	6
1550	1
723	7
1195	3
2015	1
1195	2
1195	4
2015	4
1195	7
2015	5
1195	6
2015	2
2015	3
723	1
1195	1
1549	1
1549	3
722	7
1549	2
1549	4
1549	7
1549	6
722	2
722	5
722	6
722	3
722	4
3106	7
3106	1
3106	2
3106	3
3106	4
3106	5
3106	6
2017	2
1197	5
2017	3
1197	4
1197	7
2017	1
1197	6
1197	1
1548	7
1548	6
1197	3
2687	6
1548	5
1197	2
2687	7
1548	4
2687	5
1548	2
2687	2
1548	1
2687	3
721	4
721	5
2687	1
721	6
721	7
721	3
721	2
2016	5
2688	5
2016	6
2688	6
2016	7
2688	7
2016	1
2688	1
2016	2
1196	7
2688	2
2016	3
1196	6
2688	3
2016	4
2688	4
1547	7
1196	4
1547	6
376	4
1196	3
376	1
1196	2
376	2
1196	1
1547	3
376	7
1547	2
1547	5
376	5
1547	4
376	6
1547	1
3102	5
1546	7
3102	3
3102	4
3102	7
726	1
726	2
1546	2
726	3
1546	1
726	4
726	5
726	6
1546	6
3102	2
726	7
1546	5
3102	1
1546	4
2017	5
2017	6
2017	7
1545	1
1545	2
1545	5
1545	4
1545	7
1545	6
2020	7
2020	6
3100	4
2690	5
1544	7
3100	3
2690	6
1544	6
3100	2
1544	5
3100	1
2690	4
1544	4
724	5
2690	1
1544	3
724	6
2690	2
1544	2
724	7
1544	1
2020	3
2020	4
2020	1
2020	2
3100	7
3100	6
2690	7
724	4
724	3
724	2
724	1
2019	1
2691	1
3101	5
2019	6
2691	6
3101	4
2019	7
2691	7
3101	7
3101	6
3101	1
2019	2
2691	2
2019	3
2691	3
3101	3
2019	4
2691	4
3101	2
2019	5
2691	5
1595	4
1595	2
1595	3
1595	6
1595	7
1175	1
1175	2
1175	4
1175	5
1175	7
1175	6
2009	2
2009	3
2009	1
755	1
2009	6
755	2
2009	7
755	3
2009	4
755	4
2009	5
755	5
755	6
755	7
328	7
328	6
328	5
328	4
328	2
328	1
2666	2
2666	1
2666	4
2666	3
2666	6
2666	5
1176	4
2666	7
1176	3
1176	2
1176	1
1176	7
1176	6
1176	5
756	3
756	1
756	2
2665	3
2665	2
2665	1
756	6
756	5
756	7
1597	6
1597	7
1597	4
2665	7
1597	2
2665	6
1597	3
2665	5
2665	4
1597	1
3141	7
3141	6
3141	5
3141	4
3141	2
326	1
3141	1
326	2
326	3
326	4
326	5
326	6
326	7
1598	1
1598	2
1598	7
1598	3
1598	6
1598	5
2012	7
758	3
758	4
2012	5
758	5
2012	6
331	1
758	6
758	7
2012	3
2012	4
2012	1
2012	2
758	2
1172	1
1172	2
1172	3
1172	4
331	7
1592	3
331	6
1592	4
1592	1
1592	2
331	3
1592	7
331	5
331	4
1592	6
2013	2
2013	3
2013	4
2013	5
2013	6
2013	7
1172	7
1172	6
1593	4
1593	5
1593	6
1593	7
1593	1
1593	2
1593	3
329	4
329	5
329	6
329	7
3137	7
3137	6
329	1
3137	5
3137	4
329	3
2011	1
2669	7
1594	5
2669	6
1594	6
2669	5
1594	3
2669	3
1594	1
2669	2
1594	2
2669	1
760	6
760	5
760	7
760	2
760	1
760	4
760	3
2011	6
2011	7
2011	2
1594	7
2011	4
2011	5
3137	1
3137	2
1171	6
3137	3
1171	7
1595	1
1171	4
1171	5
1171	2
1171	1
1182	6
1182	5
3146	7
1182	4
2674	1
1182	3
2674	2
2674	3
2674	4
2674	5
1182	7
2674	6
762	1
2674	7
762	2
762	5
762	6
762	3
762	4
1588	5
1588	6
1588	7
3146	1
3146	2
1182	1
3146	3
1182	2
3146	4
3146	5
3146	6
1183	1
1183	3
2003	1
1183	2
1183	5
1183	4
2003	4
1183	7
2003	5
2003	2
2003	3
2003	7
1589	2
762	7
1589	3
1589	1
1589	6
1589	7
1589	4
1589	5
333	2
333	3
333	1
333	6
333	7
333	5
2672	6
2672	5
2672	7
2672	2
2672	1
2672	4
2672	3
2001	7
2001	4
2001	5
2671	5
2671	3
2671	2
2671	1
2001	3
2001	2
2001	1
2671	7
2671	6
1179	1
1585	4
1585	6
1585	7
1585	1
1585	3
1585	2
2005	1
2005	2
2005	3
2005	4
2005	5
2005	6
2005	7
339	7
3142	5
339	6
3142	6
1586	7
3142	3
3142	4
339	3
339	2
339	5
3142	7
339	4
1586	1
1586	2
339	1
1586	5
3142	1
1586	6
3142	2
1586	3
1586	4
2006	5
2006	3
2006	4
2006	7
1179	3
1179	2
1179	5
1179	4
2006	1
1179	7
2006	2
1179	6
1587	6
1587	7
1177	6
1587	2
1177	7
1587	3
1177	4
1177	5
1587	5
1177	2
1177	1
1587	1
336	3
336	1
336	2
336	7
336	5
336	6
1588	3
1588	4
1588	1
1588	2
337	5
337	4
337	7
337	6
337	1
337	2
337	3
2652	2
2652	1
2652	4
2652	3
3124	5
3124	7
2652	6
2652	5
2652	7
1996	1
1996	2
1996	3
1996	4
1996	5
1996	6
1996	7
3125	6
341	1
3125	7
3125	4
341	3
3125	5
341	2
3125	2
341	5
3125	3
341	4
341	7
341	6
2653	7
2653	6
2653	5
2653	4
2653	2
2653	1
3126	1
3126	2
3126	3
1584	1
3126	4
1584	2
3126	5
1584	3
3126	6
1584	4
3126	7
1584	6
1584	7
1583	1
1993	3
1583	4
1583	5
1993	1
1583	2
1583	3
1993	7
1993	6
1993	5
1583	6
1993	4
1583	7
1999	6
1999	7
1999	2
1999	3
1999	5
1999	1
346	2
346	6
346	5
346	4
346	3
744	5
744	6
1998	7
744	7
744	1
1998	6
744	2
1998	3
744	3
1998	4
744	4
2657	3
2657	2
2657	1
747	1
3123	2
3123	3
1581	1
3123	4
1581	2
3123	5
1581	3
3123	6
1581	4
3123	7
1581	5
1998	2
1581	6
1998	1
1581	7
747	5
747	4
747	3
747	2
747	7
3123	1
747	6
343	2
343	3
343	5
343	1
2655	7
2655	6
3124	3
3124	4
3124	1
3124	2
2655	1
343	7
2655	5
343	6
2655	4
2655	2
1989	6
1989	7
1989	4
1989	5
1989	2
1989	3
1169	4
1169	7
1989	1
1169	6
2659	1
3131	7
3131	4
3131	5
3131	2
3131	3
1169	1
1169	2
2659	7
1169	3
2659	6
2659	5
2659	4
2659	2
3132	1
3132	2
3132	3
3132	4
1168	7
1168	5
1168	6
3132	5
1168	3
1168	4
3132	7
1168	1
1168	2
347	7
2657	7
347	6
750	3
2657	6
750	6
750	5
1167	1
2657	4
1987	1
347	3
1167	2
347	2
750	7
1167	3
347	5
1167	4
347	4
1167	5
3133	2
1987	5
1167	6
3133	3
1987	4
1167	7
1987	3
3133	1
1987	2
3133	6
3133	7
3133	4
1987	7
3133	5
1987	6
347	1
750	1
750	2
1576	1
1576	2
1986	2
1576	3
1986	1
1576	4
1986	4
1576	5
1986	3
1576	6
1986	6
1576	7
1986	5
346	7
1986	7
353	1
353	3
353	2
752	5
752	6
752	7
752	1
752	2
752	3
752	4
352	4
1165	6
352	3
1165	7
352	2
1165	4
1165	2
352	7
1165	3
352	6
352	5
1165	1
1571	7
1571	6
1571	3
1571	2
751	6
1571	5
751	7
1571	4
751	4
751	5
751	2
1571	1
751	3
1991	6
1991	7
3130	1
1991	1
1164	5
3130	2
754	7
1164	6
1164	7
3130	5
1991	5
3130	6
1991	4
3130	3
1991	3
1991	2
754	2
754	1
754	4
1164	1
754	3
1164	2
754	6
1164	3
754	5
1164	4
1990	4
2662	4
1990	3
1990	6
2662	6
1990	5
2662	5
1990	7
2662	7
3131	1
350	7
350	6
350	5
1990	2
350	4
2662	2
1990	1
350	3
2662	1
350	1
350	2
3130	7
677	5
677	4
677	7
677	6
677	3
677	2
2094	2
2094	1
412	1
412	2
412	3
412	4
412	5
412	6
412	7
1143	6
1143	7
2094	7
1622	2
1622	1
2094	4
2094	5
2094	6
1143	5
1143	4
1622	7
1143	3
1143	2
1143	1
1622	4
1622	3
1622	6
1622	5
1144	1
1144	2
1144	3
1144	4
1144	5
1144	6
1144	7
1620	3
1620	4
1620	1
1620	2
3163	5
3163	4
2095	1
3163	3
3163	2
2095	4
2095	5
3163	7
3163	6
2095	3
675	2
675	3
675	4
2095	6
675	5
2095	7
675	6
675	7
676	7
676	6
676	5
1145	2
1145	3
1145	1
1145	6
1145	7
1145	5
3163	1
1620	6
1620	5
3162	7
1620	7
676	3
676	4
676	1
676	2
3169	3
3169	2
3169	1
1625	7
1625	6
1625	5
1625	4
1625	3
1625	2
1625	1
2090	7
2090	6
2090	5
2090	4
2090	3
2090	2
2748	7
2748	6
2748	5
2748	4
2748	3
2748	2
2748	1
410	2
410	5
410	6
410	3
410	4
674	7
674	6
674	5
674	3
674	2
674	1
672	1
672	2
672	3
3167	7
672	4
3167	6
672	5
672	6
672	7
2750	5
3167	1
2750	6
2750	3
2750	4
3167	4
2750	7
3167	3
3167	2
2750	2
2750	1
410	7
2093	1
2093	2
2093	3
2093	4
2093	5
2093	7
2749	1
2749	3
2749	2
2749	5
2749	4
2749	7
411	7
411	6
411	5
411	4
411	3
411	2
1614	7
1614	4
419	1
1614	3
1614	6
1614	5
419	4
419	5
419	2
419	3
419	6
419	7
684	3
684	2
684	1
2087	3
2087	2
2087	5
2087	4
684	7
684	6
2087	1
684	5
1615	5
1615	4
1615	3
1615	2
1615	1
2087	6
2087	7
1615	7
1615	6
685	5
685	4
685	7
685	6
685	1
685	3
685	2
2760	1
2088	1
2760	2
2088	2
2760	3
2088	3
2760	4
2088	4
2760	5
2088	5
2760	6
2088	6
2760	7
2088	7
421	7
421	6
421	5
421	4
421	3
421	2
421	1
3169	7
3169	6
3169	5
3169	4
422	2
422	1
1152	1
422	7
1152	2
1152	3
1152	4
422	4
1152	5
1614	1
422	3
1614	2
422	6
1152	7
422	5
2083	7
2083	6
2083	3
2083	2
2083	5
2083	4
2083	1
3175	6
3175	7
416	3
416	4
1153	2
416	1
1153	1
416	2
416	7
416	5
2084	4
2084	3
2084	2
2084	1
1153	4
1153	5
1153	6
1153	7
3175	5
3175	3
3175	2
3175	1
2084	7
2084	5
2084	6
1616	1
1616	2
1616	4
1616	5
1616	6
1616	7
2085	1
2085	2
2085	3
2085	4
2085	6
2085	7
2756	4
1617	2
418	7
2756	3
2756	2
2756	1
1617	1
418	4
418	3
418	6
418	5
418	2
418	1
2756	7
1617	7
1617	6
2756	5
1617	5
2756	6
1617	4
664	4
2737	5
664	3
2737	4
664	2
2737	7
664	1
2737	6
664	7
664	6
664	5
2081	1
2081	3
2081	2
1608	2
3150	4
1608	1
3150	3
1608	4
3150	6
3150	5
1129	3
1608	6
1129	2
1608	5
3150	7
1129	1
1608	7
1129	7
1129	5
1129	4
2737	1
2737	2
2737	3
663	7
2738	2
2738	1
2738	6
426	7
2738	5
2738	4
2738	3
2738	7
1128	2
3151	1
1128	1
1128	4
1607	7
1607	6
1128	6
3151	5
1128	5
3151	4
3151	3
1128	7
3151	2
426	3
426	4
426	5
3151	7
426	6
663	1
3151	6
663	2
663	3
426	1
663	4
426	2
663	5
2739	1
429	3
2739	7
1607	2
3149	4
429	2
2739	6
1607	3
3149	5
429	1
1607	4
3149	6
1607	5
3149	7
429	7
2739	3
429	6
2739	2
429	5
2739	5
3149	2
429	4
1607	1
3149	3
2082	3
662	1
2082	4
662	2
2082	5
2082	6
2082	1
2082	2
662	7
2082	7
662	5
662	6
662	3
662	4
1606	1
1606	2
428	2
428	1
428	4
428	3
428	6
2740	4
428	5
2740	3
3150	2
2740	2
1606	7
428	7
2740	1
1606	5
1606	6
1606	3
1606	4
661	4
661	5
661	6
661	7
2081	6
2081	7
2081	4
661	2
2081	5
661	3
1133	3
1612	6
1133	2
1612	5
1133	1
1612	7
1133	7
1133	6
2734	1
1133	5
2734	2
1133	4
1612	2
1612	1
1612	4
2077	1
2077	3
2077	2
2077	4
2077	7
2077	6
423	7
423	6
423	2
1132	6
423	3
1132	5
423	5
1132	7
423	1
1132	2
1132	1
1132	3
2076	7
2076	5
2734	6
2734	5
2734	4
2734	3
2076	4
2076	3
2076	2
2076	1
2734	7
659	6
659	7
659	4
659	5
659	2
659	3
659	1
1610	7
1610	3
1610	4
1610	5
2735	7
2735	6
1610	1
1610	2
2735	3
2735	2
2735	5
1134	7
2735	4
1134	5
1134	6
2735	1
1134	3
1134	4
1134	2
1134	1
658	7
658	3
658	4
658	5
658	6
658	1
658	2
2736	7
2736	5
2736	4
1609	6
2736	3
1609	7
2736	2
1609	4
2736	1
1609	5
424	2
1609	2
424	1
424	4
424	3
1609	1
424	6
424	5
424	7
3157	2
3157	1
3157	7
3157	6
3157	5
3157	4
434	4
434	3
434	6
671	1
434	5
671	3
671	2
434	2
671	5
434	1
2074	2
671	7
2074	1
671	6
2074	6
2074	5
434	7
2074	3
1135	1
1135	5
1135	4
1135	3
433	2
433	3
1135	7
433	1
1135	6
2073	1
433	7
2073	3
433	5
2073	2
433	4
2073	5
2073	4
2073	7
2075	6
2075	7
2075	4
2075	5
2075	2
669	5
669	6
669	7
669	1
669	2
669	3
2746	6
2746	5
2746	4
2746	3
436	2
2746	2
2746	1
436	4
436	3
2074	7
2746	7
1599	2
1599	3
1599	4
1599	5
435	1
1599	1
435	5
435	4
2075	1
435	3
435	2
1599	6
1599	7
435	7
435	6
2070	6
2070	5
2070	3
2070	7
667	3
430	7
667	2
2740	7
667	5
2740	6
667	4
2740	5
2070	2
430	4
667	7
2070	1
430	3
667	6
430	6
1140	2
1140	1
1140	4
1140	3
1605	2
1605	1
1605	7
1605	6
1605	5
1605	4
1604	1
1604	2
1604	3
1604	4
2069	1
2069	3
2069	2
666	7
2069	5
2069	7
2069	6
430	1
430	2
3162	2
3162	1
3162	4
3162	3
3162	6
3162	5
1604	5
1604	7
3159	4
3159	5
1603	6
3159	2
1603	7
3159	3
1603	4
1603	5
3159	1
1603	2
1603	3
1141	4
1603	1
1141	6
1141	7
1141	1
1141	2
1141	3
666	3
666	5
666	6
666	1
666	2
3159	7
3159	6
431	7
431	6
431	1
1140	7
431	4
431	3
431	2
1140	6
3160	6
3160	5
3160	7
3160	2
3160	1
3160	4
3160	3
2726	6
2726	5
2726	4
2726	3
2726	7
2726	1
1647	7
1647	6
1647	1
1647	5
1647	4
1647	3
1647	2
3190	4
3190	3
387	6
3190	6
387	7
3190	5
387	4
387	5
3190	7
387	2
387	3
3190	2
3190	1
705	1
705	3
705	2
3193	6
3193	7
3193	4
3193	5
3193	2
3193	1
1649	6
1649	7
1649	4
1649	5
1649	3
1649	2
1649	1
2067	7
2067	6
2067	3
2067	2
2067	5
2067	1
2723	6
2723	7
2723	2
2723	3
2723	4
2723	5
2723	1
705	6
705	7
705	4
705	5
699	3
699	2
699	5
699	7
699	6
2064	4
2064	3
2064	2
2064	1
2064	7
2064	6
2064	5
384	7
384	5
384	6
384	3
384	4
384	1
384	2
700	4
700	3
700	2
700	1
700	7
700	6
700	5
2062	7
2062	6
2062	5
2062	4
2062	3
701	5
701	7
701	6
701	1
701	3
701	2
1653	4
1653	5
1653	6
1653	7
1653	1
1653	2
1653	3
1123	5
1123	4
1123	3
1123	2
1123	7
1123	6
1640	2
1640	1
1640	4
1123	1
1640	6
1640	5
1640	7
2733	1
2733	3
2733	2
2733	5
2733	7
2733	6
3197	3
3197	2
3197	1
1124	2
3197	7
1124	1
3197	6
1124	4
3197	5
1124	3
3197	4
711	1
2062	2
2062	1
711	2
711	5
711	4
1124	6
1124	7
2059	1
2731	1
711	6
711	7
2059	7
2731	7
2059	6
2059	3
2731	3
2059	2
2731	2
2059	5
2731	5
2059	4
2731	4
1643	1
3199	6
3199	7
3199	4
3199	5
1643	6
1643	7
3199	3
1643	4
1643	5
3199	1
1643	2
1643	3
2057	1
2057	3
2057	2
2057	5
2057	4
2057	7
390	1
390	2
1644	2
1644	1
1644	4
1644	3
1644	6
1644	5
390	7
1644	7
390	5
390	6
390	3
390	4
707	1
707	3
707	2
707	5
707	4
707	7
707	6
708	4
708	3
708	2
708	1
388	4
388	3
388	2
388	7
388	5
388	6
708	7
708	5
708	6
2056	7
2056	6
2056	5
2056	4
2056	3
2056	2
2056	1
709	5
389	2
709	6
1126	2
389	3
709	7
1126	1
389	4
389	5
709	1
389	6
709	2
389	7
709	3
1126	7
1126	4
1126	6
1126	5
401	7
401	6
401	5
401	4
2711	7
2711	6
2711	2
2711	3
2711	4
2711	5
401	2
401	3
1634	7
2711	1
1634	4
1634	6
1634	5
1634	2
1634	1
2054	7
2054	6
2054	5
2054	4
2054	2
2054	1
2712	7
2712	6
2712	5
689	5
2712	4
2712	3
689	7
2712	2
689	6
2712	1
689	1
689	2
689	3
1102	7
1102	4
1102	3
1102	6
1102	5
1102	1
1102	2
2053	1
3178	7
2053	3
2053	2
2053	5
2053	4
2053	7
3178	2
3178	1
3178	4
3178	3
3178	6
399	7
3178	5
399	4
399	5
399	2
399	3
399	1
691	3
691	2
1101	1
691	5
1101	2
691	4
691	7
1101	4
691	6
1101	5
1101	6
1101	7
3179	4
2052	7
3179	5
2052	6
3179	2
2052	5
3179	3
691	1
3179	6
3179	7
2052	3
3179	1
2052	4
2052	1
2052	2
1638	2
1638	1
2708	1
2708	2
1638	7
2708	3
2708	4
1638	4
1638	3
1638	6
1638	5
3181	7
3181	6
3181	5
3181	4
3181	3
3181	2
2708	7
2708	5
1105	7
1105	6
1105	5
2706	2
1105	4
2706	3
2706	4
2706	5
2706	6
2706	7
3182	2
3182	1
2049	5
2049	4
2049	7
688	4
688	3
688	2
688	1
1105	2
688	7
1105	3
688	6
688	5
1105	1
395	6
395	7
395	2
395	3
2707	1
395	4
395	5
2707	4
2707	5
2707	2
2707	3
2049	2
2049	3
2707	6
2049	1
2707	7
3182	5
3182	6
3182	3
3182	7
2718	2
3183	7
3183	6
3183	5
3183	4
3183	3
3183	2
3183	1
2048	7
2048	6
2048	5
2048	4
2048	2
2048	1
408	2
408	1
408	4
408	3
2718	7
408	6
2718	6
408	5
2718	5
2718	4
408	7
2718	3
407	1
407	5
407	2
407	3
1109	7
1109	6
1109	5
1109	4
1109	3
1109	2
1109	1
2719	7
2719	3
2719	2
407	7
2719	5
407	6
2719	4
2719	1
3185	3
3185	2
3185	1
698	7
699	1
3185	6
3185	7
3185	4
3185	5
2717	1
2717	2
2717	3
2717	4
2717	5
2717	6
2717	7
405	6
405	7
405	4
405	5
405	2
405	3
405	1
698	2
698	1
698	6
698	5
698	3
2044	4
404	6
2044	3
404	5
2044	2
2044	1
404	7
2044	7
2044	6
2044	5
1631	5
3187	1
1631	4
1631	2
1631	1
3187	7
3187	5
3187	4
1631	7
3187	3
1631	6
3187	2
1630	1
1630	2
1113	3
1113	2
1630	7
1113	1
1630	4
1630	3
1630	6
1630	5
3188	2
3188	1
3188	3
404	3
1113	7
404	4
1113	6
404	1
1113	5
404	2
1113	4
3188	7
3188	5
3188	6
695	1
695	3
695	2
695	5
695	6
1112	2
695	7
1112	1
1112	4
403	1
1112	3
1112	6
1112	5
1112	7
403	6
403	7
403	2
403	3
403	4
403	5
3189	1
3189	2
3189	3
3189	4
3189	6
3189	7
1111	1
1111	4
1111	5
1111	2
1111	3
1111	7
1111	6
2348	7
2348	5
1528	5
2348	4
1528	6
2348	3
1528	7
2348	2
2348	1
1528	1
1528	2
1528	3
1879	6
1528	4
1879	7
1879	5
1879	4
1879	3
1879	2
1879	1
1052	5
1052	7
1052	1
1052	2
1052	3
1052	4
2349	5
19	4
2349	4
19	5
2349	7
19	2
2349	6
19	3
2349	1
2349	3
19	6
2349	2
19	7
2993	4
2993	5
19	1
2993	6
2993	7
2576	5
2993	1
1053	6
2576	6
1053	7
2576	7
2993	3
1053	4
2993	2
2576	1
1053	2
2576	2
1053	3
2576	3
2576	4
1053	1
20	1
20	2
20	3
20	4
485	5
485	4
485	7
485	6
485	1
485	3
485	2
2575	6
2575	7
2575	1
2575	4
2575	5
2575	2
2575	3
2995	2
2995	3
2995	4
1882	1
486	7
2995	5
1882	2
486	6
2995	6
1882	3
486	5
2995	7
1882	4
1882	5
486	3
1882	6
486	2
2347	3
486	1
2347	2
1527	6
2347	5
1527	7
2347	4
2347	7
2347	6
2995	1
1527	1
1527	5
1527	3
1527	2
2347	1
2574	3
2574	4
2574	5
2574	6
2574	7
20	7
20	6
20	5
1876	4
1876	3
1876	2
1876	1
2351	5
2351	4
2990	7
2351	3
2351	2
2990	5
2351	1
1524	6
2990	6
1524	7
2990	3
2990	4
2351	7
2351	6
2990	2
2990	1
1525	6
1525	7
15	1
1525	4
1525	5
1525	2
1876	5
15	4
1525	3
1876	6
15	5
1876	7
15	2
1525	1
2352	6
2352	5
15	6
2352	7
15	7
2352	2
2352	4
2352	3
2350	1
2350	2
488	6
1877	2
488	5
1877	3
488	7
1877	1
488	2
1877	6
488	1
1877	7
488	4
1877	4
488	3
1877	5
1524	4
1524	3
1524	2
1524	1
2350	4
2350	3
2350	6
2991	1
2350	5
2991	2
2991	3
2350	7
2991	4
2991	5
2991	6
2991	7
1521	3
1521	2
1886	2
1886	1
480	4
480	3
480	2
480	1
480	7
480	6
1886	7
1521	6
1521	7
1886	4
1521	4
1886	5
1521	5
1886	6
1046	7
1046	3
1046	4
1046	5
1046	6
1046	1
1046	2
1522	7
1522	3
1522	4
1522	5
1522	6
1522	1
1522	2
1047	1
1047	4
1047	5
1047	2
1888	1
13	6
2989	1
1888	2
13	7
2989	2
1888	3
13	4
2989	3
1888	4
13	5
2989	4
1888	5
13	2
1888	6
2989	6
1888	7
2989	7
13	1
1047	7
1047	6
2988	7
2988	5
2988	6
2354	7
2354	2
1048	2
2354	1
1048	1
1048	4
2988	3
2354	6
1048	6
2988	4
2354	5
1048	5
2354	4
2988	2
2354	3
1048	7
2358	2
7	6
2358	1
7	7
483	1
1882	7
483	5
483	4
2358	7
483	3
483	2
2358	4
2358	3
483	7
2358	6
483	6
2358	5
1049	2
1049	3
1049	1
1518	2
1518	1
2574	1
1883	1
2574	2
1049	6
1049	7
1049	4
1049	5
1518	7
1883	6
1883	7
1518	3
1883	4
1883	5
1518	5
1883	2
1518	6
1883	3
484	2
484	1
484	4
484	3
484	5
484	6
484	7
1884	1
1884	2
2985	2
1884	3
2985	3
2985	4
1884	5
2985	5
1884	6
2985	6
1884	7
2985	7
2572	1
2572	2
2572	3
2572	4
2572	5
2572	6
2572	7
1051	1
2984	3
1051	3
2984	4
1051	2
2984	1
2984	2
1051	4
2984	7
1051	7
1051	6
2984	5
2984	6
1885	2
1885	3
1885	1
2571	1
1885	6
1885	7
1885	5
2571	4
2571	5
2571	2
2571	3
2571	6
2571	7
474	6
3007	6
474	5
3007	7
474	4
474	3
474	2
474	1
3007	1
3007	2
3007	3
3007	4
3007	5
2362	7
1542	3
3008	3
2362	2
1542	4
3008	4
2362	1
1542	5
3008	1
1542	6
3008	2
1542	7
3008	7
2362	6
2362	5
3008	5
3008	6
2362	3
1893	3
1893	1
1893	6
4	5
1893	7
4	6
1542	1
1893	4
4	7
1542	2
1893	5
4	2
4	1
4	4
4	3
7	1
7	4
7	5
7	2
7	3
2588	5
2588	6
2588	7
2588	1
2588	2
2588	3
2588	4
1895	7
1895	6
1895	4
6	3
1895	5
6	4
1895	2
6	5
6	6
6	7
1895	1
471	7
471	6
6	1
6	2
2589	6
2589	7
2589	5
471	1
2589	2
471	2
2589	3
471	3
2589	1
471	5
2366	3
2366	4
2366	5
2366	6
2366	7
3003	2
1070	6
3003	3
1070	5
3003	4
1890	1
1070	4
3003	5
1890	2
1070	3
3003	6
1890	3
1	6
1539	1
3003	7
1890	4
1	7
1890	5
1	4
1890	6
1070	7
1	5
1539	4
1890	7
1539	5
1539	2
1539	6
2366	2
1539	7
2366	1
1	1
1	3
1	2
1070	1
1070	2
2594	2
2594	1
1538	1
1538	2
2594	6
1538	4
1538	5
2594	4
1538	6
2594	3
1538	7
2594	7
2364	2
2364	1
2364	3
3	4
1072	7
3	5
1072	6
3	2
3	3
2364	6
1072	4
2364	5
1072	3
1072	2
3	6
2364	7
1072	1
3	7
474	7
1071	2
1071	5
1071	4
1071	1
1071	7
1071	6
2583	1
2583	4
2583	5
2583	2
2369	7
2369	4
2369	5
467	7
467	3
467	2
467	5
467	4
2583	7
467	1
2583	6
1059	4
1059	5
1059	2
1059	3
1059	6
1059	7
1059	1
1900	5
1900	6
1535	6
1900	7
1535	7
2369	1
2369	3
2369	2
2584	2
1535	1
2584	1
2584	4
2584	3
1535	4
2584	6
1900	1
1535	5
2584	5
1900	2
1900	3
1535	3
2584	7
1534	2
1534	1
3002	5
3002	6
1062	7
3002	4
3002	1
3002	2
1062	3
1062	6
1062	5
1534	7
1062	2
1062	1
1534	4
1534	5
1534	6
1533	7
464	3
1533	6
1533	5
464	1
1533	4
464	2
464	7
1533	2
1533	1
464	5
464	6
3002	7
3003	1
1061	7
1061	6
1061	5
1061	4
1061	3
1061	2
1061	1
1063	7
1063	6
1532	1
1532	2
1532	3
1532	4
1532	5
1532	6
1532	7
2373	2
2373	1
2373	6
2373	7
2373	4
2373	5
469	7
1896	1
469	6
1896	2
469	5
1896	3
469	4
469	3
1896	5
469	2
1896	6
469	1
1896	7
2372	2
2372	1
2372	4
2372	5
2372	6
2372	7
1063	1
1063	4
1063	5
1063	2
1063	3
468	6
1065	1
468	5
1065	3
468	7
1065	2
1065	5
1065	4
1065	7
2585	2
2585	1
2585	6
2585	7
2585	4
2585	5
2370	4
2370	3
1064	7
2370	6
1064	6
2370	5
1064	4
1064	3
2370	2
1064	2
2370	1
1064	1
1898	3
1898	5
1898	6
2370	7
1898	1
1898	2
1898	7
468	3
468	4
468	2
2548	4
2548	2
2548	1
3023	1
2318	5
457	1
1498	7
1908	7
2318	6
457	2
1908	6
2318	3
457	3
1908	5
2318	4
3023	5
3023	3
2318	7
3023	2
3023	7
3023	6
457	5
457	6
457	7
1083	1
3022	4
3022	6
3022	5
2319	1
2319	2
3022	7
2319	3
2319	4
2319	5
2319	6
2319	7
48	7
48	6
48	5
48	4
48	3
48	2
48	1
1080	6
1080	5
1080	7
1080	2
1080	1
1080	4
1080	3
3022	1
3022	2
46	2
1081	3
1081	2
1081	1
2321	4
2321	7
2321	6
3021	4
1908	1
3021	5
1908	2
3021	6
1908	3
3021	7
1081	7
1081	6
3021	2
3021	3
1081	4
46	6
46	5
46	4
46	3
2548	5
2548	6
2548	7
46	7
1501	7
1501	6
2321	1
1501	5
2321	2
1501	4
2321	3
1501	3
1501	2
1501	1
461	5
3020	7
461	6
3020	6
2322	7
461	7
3020	5
461	1
461	2
461	3
1495	7
1905	7
2322	1
1495	6
1905	6
2322	2
1905	5
1905	4
3020	4
2322	5
3020	3
3020	2
2322	3
3020	1
2322	4
1085	3
1495	1
1085	2
1495	2
1905	2
1085	5
1495	3
1905	3
1085	4
1495	4
1085	7
1495	5
1905	1
1085	6
2323	2
45	7
1906	7
2323	3
45	6
2323	4
45	5
45	4
2323	6
45	3
2323	7
45	2
45	1
1906	2
1906	1
1906	4
1906	3
1906	6
2323	1
2553	6
2553	7
2553	4
2553	5
2553	2
2553	3
42	7
2553	1
3018	7
3018	5
3018	6
3018	3
42	1
42	2
3018	1
42	3
3018	2
42	4
1903	6
42	5
1903	7
42	6
1903	4
1083	7
1903	5
1083	6
1903	2
1083	3
1903	1
1083	2
1083	4
1498	6
1498	5
1498	4
1498	2
1498	1
2552	5
2552	6
2552	7
2552	1
2552	2
2552	3
2552	4
3017	4
3017	5
3017	6
3017	7
3017	1
3017	3
450	5
450	6
1915	2
2325	1
450	3
1915	5
2325	2
450	4
1915	4
2325	3
450	1
1915	7
2325	4
450	2
1915	6
2325	5
2325	6
2325	7
450	7
2541	3
2541	2
1492	3
2541	5
1492	4
2541	4
1492	1
2541	7
1492	2
2541	6
1492	6
41	1
1492	5
3015	7
41	3
451	1
1492	7
3015	6
41	2
1916	4
1916	2
1916	1
451	6
451	7
1916	7
1916	6
1916	5
451	2
41	5
41	4
451	4
41	7
451	5
41	6
2540	4
2540	3
2540	1
2540	7
2540	6
2540	5
1076	2
1076	1
1076	4
1076	3
1493	7
2542	7
1493	6
1493	4
1493	3
2542	3
1493	2
1493	1
2542	5
2542	6
2327	2
2327	3
2327	4
2327	1
2327	7
2327	6
3015	2
3015	3
3015	4
3015	5
3015	1
2542	2
2542	1
1915	1
1488	3
2544	2
1488	4
1488	1
2544	4
1488	2
2544	3
1488	7
2544	6
2544	5
1488	5
2544	7
1079	1
1489	1
1079	2
1489	2
1079	5
1489	3
1079	4
455	2
1913	7
455	3
1913	6
455	4
1913	5
455	5
1913	4
1489	5
1079	6
1489	4
1079	7
1489	7
1913	2
1913	1
455	7
455	6
1076	7
1076	6
1076	5
2331	1
2546	7
1490	7
1490	6
2546	3
1490	5
2546	4
1490	4
2546	5
1490	3
2546	6
1490	2
1490	1
2546	1
2546	2
2545	3
1911	4
2545	2
1911	5
1911	2
1911	1
36	2
3010	7
36	3
36	4
3010	5
3010	6
3010	3
2331	7
3010	4
2331	6
3010	1
2331	5
3010	2
2331	4
2331	3
2331	2
36	6
36	5
36	7
2545	6
2545	7
2545	4
1911	7
2545	5
1911	6
2561	1
2561	3
2561	2
1096	7
34	2
1096	6
444	3
1096	3
34	6
444	4
1096	4
34	5
444	1
1096	1
34	4
444	2
1096	2
34	3
444	7
444	5
444	6
34	7
443	2
33	5
443	3
33	4
443	4
33	7
443	5
33	6
2561	6
443	6
1095	6
2561	7
443	7
1095	7
2561	4
2561	5
3037	7
3037	6
3037	5
3037	4
3037	3
3037	1
1515	4
1515	5
1515	3
1515	6
1515	7
1095	1
33	2
33	3
33	1
1095	5
1095	4
1095	3
3035	1
1095	2
2562	1
2562	2
2562	4
2562	5
2562	6
2562	7
1515	1
3035	5
3035	4
3035	3
3035	2
3035	7
3035	6
448	3
1920	6
1920	5
2337	1
448	1
2337	2
448	2
1920	7
2337	3
448	7
1920	2
1920	1
448	5
1920	4
448	6
1920	3
447	6
447	7
1919	7
1919	6
1509	5
1919	5
30	4
1509	4
1919	4
30	3
1509	7
1919	3
30	6
1509	6
447	1
1919	2
30	5
1509	1
447	2
1919	1
447	3
30	7
1509	3
447	4
1509	2
30	1
30	2
3031	7
3031	6
3031	1
3031	2
3031	4
3031	5
3032	4
3032	3
3032	2
3032	1
3032	7
3032	6
3032	5
1917	2
1917	3
1917	1
1917	6
28	5
1917	7
28	6
1917	4
28	7
1917	5
2337	7
28	1
28	2
2337	5
28	3
2337	4
28	4
1089	4
1089	5
1089	6
1089	7
1930	5
1930	4
1930	3
1930	2
1930	1
1930	7
436	7
1929	1
436	5
436	6
1929	2
26	7
1505	7
1505	6
1505	5
1505	4
1929	5
1929	4
1929	7
1929	6
1089	2
2555	1
1089	1
2555	4
1928	4
2555	5
2555	2
1928	2
2555	3
1928	1
1928	7
2555	6
1928	6
2555	7
1928	5
1088	2
26	3
1088	1
26	4
1088	4
1088	3
26	6
1088	6
3028	4
1088	5
3028	1
26	1
3028	2
1088	7
26	2
3028	6
3028	5
3028	7
25	2
25	3
25	1
25	6
25	7
25	5
2557	7
2557	6
2557	5
2557	4
2557	3
2557	2
2557	1
2343	7
2343	6
441	4
441	5
441	6
441	7
441	1
441	2
441	3
1092	4
1092	3
23	1
2558	2
1092	2
2558	1
1092	1
23	5
23	2
23	3
2343	2
2343	3
2343	5
2343	1
2558	7
23	7
23	6
2558	3
1092	7
2558	4
2558	5
1092	5
2558	6
1092	6
3024	3
2345	7
1091	3
22	7
3024	4
2345	6
1091	2
3024	1
2345	5
1091	5
3024	2
2345	4
1091	4
3024	7
1091	7
22	3
1091	6
3024	5
22	5
3024	6
22	6
22	1
22	2
442	7
2345	2
2345	1
1091	1
2559	6
2559	7
443	1
1505	1
1505	3
1505	2
1925	3
2559	1
1925	2
1925	1
2559	4
1925	7
2559	5
1925	6
2559	2
1925	5
2559	3
1925	4
21	6
21	7
21	4
21	5
21	2
21	3
21	1
1504	4
2560	1
442	5
1504	3
2560	2
442	6
1504	2
2560	3
442	3
1504	1
2560	4
442	4
2560	5
442	1
1504	7
2560	6
442	2
1504	6
2560	7
1504	5
545	5
545	4
545	7
545	6
1469	4
1469	5
1469	6
1469	7
1469	1
1469	2
3046	2
2636	3
3046	1
2636	4
2636	1
2407	4
2407	5
2407	2
3046	7
2407	3
3046	6
2636	7
3046	5
2407	1
3046	4
2636	5
3046	3
2636	6
546	2
546	1
2407	7
546	6
2407	6
546	5
546	4
546	3
2635	1
546	7
3045	5
1932	2
2635	6
3045	4
1932	1
2635	7
3045	7
1932	4
3045	6
1932	3
3045	1
2635	2
2635	3
2635	4
3045	2
2635	5
1932	6
1932	7
2634	2
2634	1
2634	6
2634	5
2634	4
2634	3
2405	2
2405	3
2634	7
2405	1
2405	6
2405	7
2405	4
1468	3
2633	1
1468	1
1468	2
2633	2
1468	7
2633	5
2633	4
1468	5
2633	7
1468	6
2633	6
1003	4
1003	5
1003	2
1003	3
1003	6
1003	7
545	3
545	1
73	5
73	4
73	7
73	6
73	1
73	3
73	2
74	2
74	1
74	6
74	5
74	4
74	3
74	7
75	1
75	6
75	7
75	2
75	3
75	4
75	5
2402	7
541	6
541	7
3050	2
541	4
541	5
3050	4
1937	1
3050	3
541	3
3050	6
1937	3
3050	5
1937	2
541	1
2402	1
2402	2
2402	3
2402	4
2402	5
2402	6
1472	3
1472	1
1472	2
1472	7
76	7
1472	5
76	5
1472	6
76	6
3050	7
1937	4
76	3
1937	5
76	4
1937	6
1937	7
76	2
2629	4
2629	5
2629	6
2629	7
2629	1
2629	2
2629	3
1462	1
1462	2
1462	7
1462	5
1462	6
1462	3
1462	4
1463	7
1463	6
64	1
64	4
64	3
64	6
64	5
64	7
994	4
994	3
994	6
994	2
994	1
1463	2
1463	3
1463	4
1463	5
994	7
1463	1
2412	1
2412	2
2412	3
2412	4
2412	5
2412	6
2412	7
1940	2
1940	1
1940	4
1460	7
1460	5
1460	6
996	5
996	6
996	7
2413	2
2413	3
2413	1
2413	7
2413	4
2413	5
1940	7
1461	1
1461	2
1940	5
1461	3
1940	6
1461	4
1461	5
1461	6
1461	7
996	2
996	4
996	3
2410	7
2410	3
2410	4
2410	5
2410	6
2410	1
2410	2
991	7
991	6
991	3
991	2
991	5
2411	7
991	4
2411	6
2411	5
2411	4
2411	3
2411	2
67	3
2411	1
67	2
67	5
67	7
67	6
67	1
3044	5
1943	6
3044	6
1943	7
3044	7
68	7
68	5
68	6
68	4
68	3
1943	1
68	2
68	1
1943	3
3044	1
1943	2
3044	4
3044	3
1943	4
2408	1
2408	2
2408	4
2408	5
2408	6
2408	7
1465	5
1465	6
1465	7
69	4
69	5
69	6
69	7
1465	1
69	1
1465	2
69	2
1465	3
2409	6
534	7
2409	7
2409	4
2409	5
534	3
534	4
534	6
534	1
534	2
2409	2
2409	3
2409	1
2421	1
2421	3
2421	2
2421	5
2421	4
2421	7
2421	6
1484	4
1484	3
1484	2
2649	2
1484	1
2649	3
2649	4
1484	7
2649	5
1484	6
1946	2
2649	6
1484	5
1946	1
2649	7
1946	4
1946	3
1946	6
1946	5
1014	2
1014	1
1014	4
1014	3
1014	6
1014	5
1014	7
1483	1
1483	3
56	6
1483	2
56	5
1483	5
1483	4
56	7
1483	7
56	2
1483	6
56	1
56	4
3060	4
3060	3
3060	2
3060	1
3060	5
3060	7
1017	2
1017	3
1017	1
531	4
531	5
531	2
531	3
1017	6
59	1
1017	7
1017	4
531	6
1017	5
531	7
3061	6
3061	7
3061	4
3061	5
3061	3
1946	7
3061	1
1016	5
2648	7
1016	6
1016	7
2648	5
2648	6
1016	1
2648	3
1016	2
2648	4
2648	1
1016	4
2648	2
3062	4
1949	1
3062	3
1487	7
3062	6
1949	3
1487	6
3062	5
1949	2
1949	5
3062	7
1949	4
60	7
1949	7
60	6
1949	6
60	5
1487	1
60	4
60	3
2645	1
60	2
2645	2
60	1
2645	3
2645	4
1487	4
1487	3
3062	2
2645	6
1487	2
3062	1
2645	7
2418	7
1012	4
1012	3
1012	2
1012	1
2418	2
2418	1
2418	4
2418	3
2418	6
2418	5
3063	1
528	5
1948	7
528	6
1948	6
528	7
1948	5
3063	5
2417	2
3063	4
2417	3
528	2
3063	3
528	3
2417	1
528	4
1486	4
59	7
59	6
1486	6
1486	5
1948	4
59	3
1486	7
1948	3
59	2
1948	2
59	5
1948	1
1011	3
1011	2
1011	5
1011	4
1011	7
1011	6
2417	7
2417	6
3063	6
2417	5
3063	7
2417	4
2416	5
2416	6
2416	7
2416	1
62	2
2416	2
62	1
2416	4
1013	6
1013	7
1013	4
1013	5
1013	2
1013	3
1013	1
1486	1
1486	2
3064	5
62	5
3064	6
62	6
3064	7
62	3
62	4
3064	1
3064	2
3064	3
62	7
3064	4
2415	6
2415	7
2415	4
526	3
2415	5
526	4
2415	2
526	5
2415	3
526	6
1012	5
526	7
1012	6
2415	1
1012	7
3065	6
3065	7
3065	4
3065	5
3065	2
3065	3
3065	1
50	4
50	3
50	6
50	5
3052	4
3052	3
3052	2
50	2
3052	1
50	1
3052	7
3052	6
526	1
3052	5
526	2
1953	3
50	7
1953	1
2428	4
2428	3
2428	2
2428	1
1008	2
1008	1
2428	7
1008	4
2428	6
1008	3
2428	5
1008	6
1008	5
1008	7
49	7
49	6
49	5
49	4
525	6
525	7
525	4
525	5
525	2
525	1
1007	1
1007	5
1007	3
1007	2
49	2
49	3
1007	7
1007	6
49	1
524	1
524	2
524	3
524	4
3054	2
524	5
3054	1
524	6
524	7
52	2
52	1
52	4
52	3
1475	1
2426	7
1475	6
1475	7
1475	2
1475	3
1475	5
523	4
523	5
523	2
523	3
523	6
523	7
2426	3
2426	4
2426	5
2426	1
2426	2
1474	5
3054	7
1474	6
1474	4
1474	1
1953	4
1474	2
3054	4
1953	5
3054	5
1953	6
3054	6
1953	7
523	1
1474	7
2425	7
2425	6
2425	5
2425	4
1956	7
1956	5
1956	6
2425	3
2425	2
2425	1
3055	7
3055	6
1956	4
1956	3
1956	2
1956	1
3055	1
53	5
2638	5
53	4
2638	6
53	7
2638	3
53	6
2638	4
3055	5
53	1
3055	4
53	3
2638	7
3055	2
53	2
1004	7
1004	6
1004	5
2424	2
2424	1
2424	4
1004	4
2424	6
1004	3
2424	5
1004	2
1004	1
2424	7
52	7
52	6
52	5
2637	7
2637	6
2637	5
2637	4
2637	3
2637	1
3057	7
3057	4
2423	7
3057	5
2423	6
3057	3
2423	4
3057	2
2423	5
3057	1
2423	2
2423	3
2423	1
1006	7
520	1
520	2
520	3
520	4
1006	3
520	5
520	6
1006	5
520	7
1006	6
1006	2
1006	1
2638	2
2638	1
3058	7
3058	3
3058	4
3058	5
3058	6
3058	1
3058	2
2422	7
2422	3
2422	4
2422	5
2422	6
2422	2
3075	4
2377	7
99	6
516	2
3075	5
99	7
3075	2
2377	5
516	4
3075	3
2377	4
516	3
99	2
99	3
3075	6
99	4
3075	7
99	5
2606	6
2606	5
2606	4
2606	3
99	1
2377	3
3075	1
2377	2
2377	1
2606	7
1030	3
1030	4
1030	5
1030	6
1030	7
516	5
516	6
516	7
1030	1
1030	2
1961	4
100	3
1961	5
100	4
1961	6
2378	2
1961	7
2378	1
100	2
2378	4
2378	6
2378	5
1961	1
1961	2
1961	3
1031	1
1031	4
1031	5
2606	2
1031	3
2378	7
517	6
517	7
517	5
517	2
100	7
517	3
100	6
100	5
517	1
2379	1
1028	2
2608	7
1028	1
2608	6
1028	4
2608	5
1028	3
2608	4
2608	3
2608	2
2608	1
518	3
518	4
518	5
518	6
518	7
2379	6
2379	7
2379	4
1028	5
2379	5
1028	6
2379	2
518	1
1028	7
2379	3
518	2
98	7
2607	7
2607	6
1442	7
2607	3
98	1
2607	2
1442	6
98	2
2607	5
1442	3
2607	4
1442	4
1442	1
98	5
1442	2
98	6
98	3
98	4
1029	6
1029	7
1029	4
1029	5
1029	2
1029	1
2603	1
2603	5
2603	4
2603	2
2603	7
2603	6
2602	1
2602	2
1444	4
2602	4
1444	3
2602	5
1444	2
2602	6
1444	1
1444	7
2602	7
1444	5
1444	6
1965	1
1965	2
1965	3
1965	4
1965	5
1965	6
1965	7
1962	6
1962	5
1962	4
1962	3
1962	2
1962	1
3077	6
1445	4
3077	7
1445	5
101	1
3077	4
1445	6
101	2
3077	5
1445	7
101	3
3077	2
3077	3
1445	1
101	5
1445	2
1962	7
101	6
3077	1
1445	3
101	7
1025	1
2605	7
2605	6
1025	3
1025	2
2605	4
2605	3
2605	2
2605	1
1025	6
1025	7
515	1
1025	4
1025	5
3076	2
515	4
515	5
3076	4
515	2
3076	3
515	3
515	6
515	7
3076	5
3076	6
3076	7
1433	7
1023	6
1433	5
1023	7
1433	4
1023	1
1023	4
1433	3
1023	5
1433	2
1023	2
1433	1
1023	3
3068	5
1967	6
2384	2
509	7
3068	6
1967	7
509	6
3068	7
2384	4
509	5
2384	3
2384	6
509	3
2384	5
509	2
509	1
2384	7
2599	7
2599	6
1967	1
3068	1
1967	2
3068	2
1967	3
3068	3
1967	4
3068	4
2599	1
1434	2
1434	1
2599	4
1434	4
2599	5
1434	3
2599	2
1434	5
510	7
510	3
510	4
510	5
510	6
1968	3
93	4
1968	4
93	5
1968	1
93	6
510	2
1968	2
93	7
1968	7
1968	5
93	2
1968	6
93	3
3067	4
3067	5
3067	3
3067	6
3067	7
1435	1
3067	1
1966	1
91	1
1021	7
1021	6
1021	5
1021	4
1021	3
1021	2
90	7
3066	7
1434	7
3066	6
3066	5
512	2
3066	4
512	3
3066	3
512	4
512	5
3066	1
512	6
512	7
1435	6
91	2
1435	7
91	3
1966	7
91	4
91	5
1966	5
1435	2
91	6
1966	6
1435	3
91	7
1966	3
1435	4
1966	4
1435	5
3072	1
2381	1
506	6
3072	2
3072	3
2381	3
506	4
3072	4
2381	2
506	3
3072	5
506	2
3072	6
2381	4
506	1
3072	7
2381	7
2381	6
3071	1
3071	4
3071	5
3071	2
3071	3
3071	7
506	7
2595	1
2595	4
1437	1
2595	5
2595	2
1437	3
1437	2
1437	5
1437	4
2595	6
1437	7
2595	7
1437	6
3070	7
94	5
94	6
94	3
94	4
3070	3
1969	4
3070	4
3070	5
1969	6
94	7
3070	6
1969	7
1969	1
3070	2
1969	3
3070	1
1969	2
94	2
94	1
2597	7
1970	5
1439	2
2597	6
1970	6
1439	3
2597	5
1970	3
1439	4
2597	4
95	1
1970	1
95	2
2597	2
1970	2
95	3
2597	1
95	4
1439	1
95	5
95	6
95	7
1439	6
1439	7
1970	7
2383	4
2383	5
2383	2
2383	3
2383	1
2383	7
3088	5
86	5
503	1
3088	6
86	6
3088	7
86	3
3088	1
503	5
3088	2
503	4
3088	3
86	7
503	3
3088	4
503	2
2619	7
2619	6
1454	7
1454	5
86	1
2619	3
1454	6
86	2
1044	7
2619	2
1454	3
1044	6
2619	5
1454	4
1044	5
2619	4
2392	5
2392	6
2392	7
503	6
503	7
2392	1
2392	2
2392	3
2392	4
3089	2
3089	3
3089	1
2620	7
2620	6
2620	5
2620	4
85	1
2620	3
85	2
2620	2
85	3
85	4
85	5
85	6
85	7
1044	1
1044	2
1454	2
1454	1
1044	4
3089	7
3089	6
3089	4
1456	3
2621	1
1456	4
1456	1
1456	2
2621	2
1456	7
2621	5
2621	4
1456	5
2621	7
2621	6
3086	3
3086	4
3086	6
3086	7
2394	1
2394	2
2394	3
505	6
2394	4
505	7
2394	5
505	4
2394	6
505	5
505	2
505	3
1455	6
1455	7
3087	6
3087	7
3087	1
1455	1
3087	4
1455	2
3087	5
1455	3
3087	2
1455	5
2393	6
2393	7
2393	4
2393	5
504	5
504	6
504	7
2393	2
504	1
2393	3
504	2
504	3
2393	1
504	4
1978	7
1041	2
1041	1
1458	5
1458	6
1458	3
1458	4
1458	1
1041	7
1458	2
1041	6
1041	5
1041	4
3092	1
90	1
3092	2
90	2
3092	4
90	5
90	6
1458	7
90	3
90	4
3092	7
3092	6
3092	5
1040	6
1040	7
1040	1
1040	2
1040	3
1040	4
2617	3
2617	2
89	1
89	2
89	3
1978	5
89	4
1978	6
89	5
1978	3
89	6
1978	4
89	7
1978	1
2617	7
2617	6
2617	5
2617	4
1039	1
1039	4
1039	5
1039	2
1039	3
1039	6
1039	7
88	7
3090	1
88	5
3090	2
88	6
3090	3
88	3
3090	4
88	4
3090	5
88	1
3090	6
3090	7
1460	3
1460	4
1460	1
1460	2
1038	3
1038	4
1038	5
1038	6
1038	7
87	2
87	5
87	4
87	1
87	6
87	7
2619	1
1038	1
1038	2
1982	7
1982	6
1982	5
1982	4
1982	3
1982	1
1982	2
3081	6
3081	7
3081	4
3081	5
3081	2
3081	1
1447	6
1447	7
1447	5
1447	4
1447	3
1447	2
1447	1
2398	7
2398	3
2398	4
2398	5
2398	6
2398	2
2398	1
2613	5
78	6
2613	4
78	3
2613	7
78	4
2613	6
2613	1
78	7
2613	3
2613	2
78	2
78	1
498	7
498	3
498	4
498	5
498	6
498	1
498	2
2614	6
2614	5
2614	4
2614	3
2614	7
2614	2
2614	1
2400	1
77	7
2400	2
77	6
2400	3
77	5
77	4
2400	5
77	3
2400	6
77	2
2400	7
1035	4
2615	6
1035	5
2615	7
1035	2
1035	3
1035	6
1035	7
2615	1
1035	1
2615	3
2615	2
2615	5
2615	4
1448	3
1448	4
1448	1
1448	2
1448	7
1448	5
2609	7
2609	6
1034	7
2609	5
2609	4
2395	6
2395	7
1985	7
2395	4
1985	6
1985	5
2395	2
1985	4
2395	3
2609	2
1034	3
2609	3
1034	4
1034	6
1034	1
1034	2
1450	7
1985	1
3086	1
1985	2
2395	1
3086	2
1033	2
1033	3
2394	7
1450	6
1450	5
1450	4
1450	2
1033	6
1450	1
1033	7
1033	4
1033	5
2611	1
81	4
81	5
81	6
81	7
2611	5
1984	3
2611	4
1984	4
1453	1
2611	3
1984	1
1453	2
2611	2
1984	2
1453	3
1984	7
1453	4
1453	5
2611	7
1984	5
1984	6
1453	7
494	7
494	3
494	4
494	5
494	6
81	1
81	3
81	2
1983	2
1452	3
1983	3
1452	4
1983	4
1452	1
1983	5
1452	2
494	2
1983	6
1452	7
1983	7
1452	5
1452	6
1031	6
1031	7
1411	6
1776	7
1411	7
1776	5
1776	6
1411	2
1776	3
1411	3
1776	4
1411	4
1776	1
1411	5
1776	2
1411	1
590	6
590	5
590	4
590	3
590	7
937	5
2877	2
2243	5
937	4
2877	3
937	7
2243	3
937	6
2877	1
2243	2
2877	6
124	5
2877	7
124	6
2877	4
2243	7
124	7
2877	5
2243	6
124	1
124	2
124	3
124	4
2243	1
937	3
937	2
2457	6
2457	7
2457	4
590	1
2457	5
1778	7
590	2
1778	2
1778	1
2457	2
1778	5
1778	4
2457	1
1778	3
589	6
589	7
589	4
589	5
589	2
589	3
589	1
1408	5
595	3
1408	6
595	2
1408	7
595	5
595	4
1408	1
595	7
1408	2
595	6
1408	3
1408	4
1407	4
2463	3
594	2
1407	5
2873	1
1772	2
1407	2
2463	5
2873	2
1772	3
1407	3
2463	4
2873	3
1772	4
594	6
1407	1
594	5
2463	1
594	4
594	3
594	7
2463	7
1772	5
2463	6
2873	5
1772	6
1407	6
2873	6
1772	7
1407	7
2873	7
1774	6
1774	5
1774	4
1774	3
2460	3
2460	4
2460	1
2460	2
1774	7
2460	7
2460	6
1406	2
1406	1
1406	3
1406	4
1406	5
1406	6
1406	7
592	7
2461	1
2461	2
592	5
2461	3
592	6
2461	4
592	3
2461	5
592	4
2461	6
592	1
2461	7
592	2
1774	1
1774	2
1418	7
1418	5
598	6
1418	6
598	5
1418	3
1418	4
598	3
1418	1
2882	7
1418	2
598	7
2882	3
2882	4
2882	5
2882	6
2465	5
598	2
2465	4
598	1
2465	7
2882	1
2465	6
2882	2
2237	7
2237	6
2237	5
2883	7
2237	4
2883	4
2883	5
2237	2
2883	2
2237	1
2466	7
2883	3
2466	6
1768	7
2466	5
2883	1
2466	4
597	3
2466	3
1768	6
597	2
2466	2
1768	3
597	5
2466	1
1768	4
597	4
1768	1
597	7
1768	2
597	6
2884	6
1771	3
2884	5
1771	2
1771	5
2884	7
1771	4
1771	7
1771	6
131	6
131	7
2884	1
131	4
2884	2
2884	3
131	2
2884	4
1771	1
131	3
1416	3
1416	4
131	1
1416	1
1416	2
1416	7
1416	5
1416	6
2465	2
2465	3
2465	1
2885	3
2885	2
2885	1
1770	7
2885	7
2885	6
2885	5
2885	4
1770	1
1770	2
1770	5
1770	6
1770	4
1415	6
1415	7
1766	1
1766	2
1415	4
1766	7
1415	5
1415	3
1766	3
1415	1
1766	4
1766	5
1766	6
2241	4
2241	5
2241	6
2241	7
2470	2
1765	6
2470	1
1765	7
1765	4
1765	5
1765	2
601	1
1765	3
601	3
1765	1
601	2
2880	7
2241	3
601	5
2241	2
601	4
2880	5
2241	1
601	7
2470	7
2880	6
601	6
2470	6
2880	3
2470	5
2880	4
2470	4
2880	1
2470	3
2880	2
128	7
2240	2
2240	1
128	5
2240	4
128	6
2240	3
128	3
2240	6
2881	1
2240	5
2881	2
128	1
2881	3
128	2
2240	7
1412	5
2239	1
1412	6
1412	7
2239	5
2239	4
947	1
2239	3
2239	2
947	3
947	2
947	5
2239	7
947	4
2239	6
947	7
947	6
2881	7
2881	6
2881	5
2881	4
1412	2
1412	1
1412	4
2890	1
2890	2
2890	3
2890	4
2890	5
108	7
108	6
108	5
2890	7
108	3
108	2
108	1
2889	7
2889	4
2889	5
1790	1
1425	1
1790	2
1425	2
1425	3
949	1
949	3
949	5
2889	2
949	4
2889	3
949	7
949	6
2889	1
2259	4
2259	5
2259	2
2259	3
2259	6
2259	7
1425	5
1790	6
1425	4
1425	7
1790	4
1425	6
1790	3
2259	1
1790	7
950	7
950	6
950	5
950	4
950	3
950	1
1422	7
1422	5
1422	6
1422	3
1422	4
575	6
575	7
2892	6
110	2
2892	5
110	1
2892	7
2892	2
2892	1
575	1
2892	4
575	4
575	5
575	2
575	3
2891	1
1423	7
1423	2
110	3
1423	3
110	4
1423	4
110	5
1423	5
110	6
110	7
1423	1
2891	7
2891	6
2891	5
2891	3
2891	2
104	7
104	6
104	5
104	4
104	3
104	2
104	1
952	4
952	3
952	2
952	1
952	7
952	6
952	5
1421	2
1421	3
1421	1
1421	6
1421	7
1421	4
1421	5
2262	1
2262	2
2262	5
2262	6
2262	4
2262	7
581	5
581	7
581	6
2476	4
581	1
2476	3
2476	2
581	3
2476	1
581	2
2476	7
2476	5
1422	1
1422	2
578	1
578	5
578	6
578	3
578	4
1419	1
106	2
106	1
578	7
2475	1
106	6
106	5
106	4
106	3
2475	7
2475	6
1419	6
106	7
1419	7
1419	4
2475	3
1419	5
2475	2
1419	2
2475	5
1419	3
2475	4
1788	4
1788	3
1788	2
1788	1
2474	5
2474	6
2474	3
2474	1
2474	2
1788	7
1788	6
107	1
1420	1
107	2
1420	2
107	3
1420	3
107	4
107	5
107	6
107	7
2474	7
1420	5
1420	6
1420	7
1431	7
2251	4
1431	6
2251	2
2251	3
2251	6
2251	7
1782	5
1782	6
1782	3
1431	1
1782	4
1431	2
2251	1
1431	3
1431	4
1782	7
1431	5
1782	1
583	7
1782	2
583	6
116	4
116	3
116	2
116	1
1783	7
1783	6
956	7
956	6
956	5
1783	2
1783	3
1783	4
1783	5
956	4
956	3
956	2
956	1
582	3
582	5
582	6
582	7
1784	7
1784	6
1784	5
1784	4
1784	3
1784	2
582	1
1784	1
582	2
957	5
957	7
957	6
957	1
2249	7
2249	6
957	3
2249	5
957	2
2249	4
1429	4
2249	3
116	5
2249	2
116	6
1429	6
2249	1
116	7
1429	7
2478	7
2478	6
1429	1
1429	2
2478	4
1429	3
2478	3
583	1
2478	1
2478	2
583	4
583	5
583	2
583	3
2250	7
2250	4
2250	3
2250	6
2250	5
2250	1
1428	1
2484	4
1428	2
2484	3
2484	2
1428	4
2484	1
2254	5
111	3
2254	6
111	2
2254	3
111	5
2254	4
111	4
2254	7
111	1
111	7
111	6
2483	1
2483	3
2483	2
2893	1
2483	5
2893	2
2483	4
2893	3
2483	7
1780	1
2483	6
2893	5
1780	2
2893	6
1780	3
2893	7
1428	7
1428	6
1428	5
2255	1
2255	2
2255	3
2255	4
2255	5
2255	6
2255	7
112	7
112	6
112	5
112	4
112	3
112	2
2482	6
1426	4
2482	5
1426	5
2482	4
1426	6
2482	3
2482	2
2482	1
1426	1
1426	2
1426	7
2482	7
1780	7
1780	6
585	2
1780	5
585	3
585	4
585	5
585	6
585	7
114	1
1427	1
114	5
114	6
114	3
114	4
1427	6
2254	2
114	7
1427	7
2254	1
1427	4
1427	5
1427	2
1781	4
1781	7
1781	6
1781	1
1781	3
1781	2
152	6
152	5
965	2
965	3
152	7
965	4
152	2
965	5
152	1
965	6
1382	2
152	4
965	7
1382	1
152	3
1382	4
1382	3
1382	6
1382	5
1382	7
151	4
561	3
151	5
561	2
151	2
561	1
151	1
2430	2
1381	3
2430	3
1381	2
2430	4
1381	1
2430	5
2430	6
1381	7
2430	7
561	6
1381	6
561	7
151	7
561	4
1381	4
151	6
561	5
2906	2
2906	1
2906	4
2906	3
2906	6
2906	5
1383	6
1383	7
2431	4
2431	5
2431	3
2431	1
564	1
564	2
2431	6
564	3
2431	7
564	4
1803	1
1803	7
1803	6
1803	2
1803	5
1803	4
1383	5
1383	4
1383	3
1383	2
1383	1
1802	2
1378	7
1802	1
1802	6
1802	5
2219	1
1802	4
1802	3
565	4
565	5
1378	2
565	6
1378	1
565	7
1378	4
148	6
1378	3
148	5
565	2
1378	5
148	7
565	3
2219	5
2219	4
1802	7
2219	2
2219	7
2219	6
1801	5
1801	4
1801	7
2218	1
1801	6
2218	2
2218	4
2218	5
2218	6
1801	1
564	7
1801	3
564	5
564	6
148	3
148	1
148	2
2218	7
567	1
567	2
567	3
2434	7
567	5
2434	5
2434	6
1800	7
2434	3
1800	6
2434	4
1800	5
2434	1
2434	2
1800	3
1800	2
1800	1
147	2
147	3
147	4
147	5
147	6
147	7
567	7
567	6
566	5
1379	7
566	3
1379	6
566	4
1379	5
1379	4
1379	3
566	7
1379	2
1379	1
566	1
566	2
146	7
146	1
146	2
146	5
146	6
146	3
146	4
2436	5
159	5
2436	6
159	4
2436	7
159	3
159	2
972	3
972	4
972	1
972	2
972	7
2912	2
2912	1
972	5
2912	4
972	6
2912	3
2912	6
2912	5
159	7
2912	7
159	6
2436	2
2436	1
2436	4
2436	3
2437	2
568	5
2437	3
568	6
568	7
2437	1
2437	6
568	1
2437	7
568	2
2437	4
568	3
2437	5
568	4
2208	3
2208	4
2208	1
2208	2
2208	7
2208	6
1797	5
1797	4
1797	7
1797	6
1797	1
970	7
1797	3
1797	2
571	1
2210	4
2210	3
2210	6
2210	2
2210	1
970	5
970	4
970	3
970	2
970	1
2210	7
2911	5
2911	4
2911	3
2911	2
2911	1
2439	4
2439	5
2439	2
2439	3
2439	1
2911	7
2911	6
156	1
156	2
156	3
156	4
156	5
156	6
156	7
2212	6
2212	5
2212	7
2212	1
572	7
2212	2
2212	3
572	5
2212	4
572	6
2439	6
572	3
2439	7
572	1
572	2
2211	4
2211	2
2211	3
2211	6
2211	7
974	3
2440	3
571	6
974	4
2440	4
571	7
974	5
2440	1
974	6
2440	2
974	7
2440	7
571	2
154	7
2211	1
571	3
2440	5
571	4
2440	6
571	5
974	2
154	1
154	2
2214	7
154	5
2214	4
154	6
154	3
2214	6
154	4
2214	5
1387	6
2214	2
1387	7
2214	1
1387	4
1387	5
1387	3
1387	1
2441	4
2441	5
2441	7
2441	1
2441	2
2441	3
2906	7
153	4
153	5
153	6
153	7
2213	7
2213	6
2213	5
2213	4
1386	7
153	1
2213	2
153	2
2213	1
153	3
1386	4
1386	3
573	1
1386	6
573	2
1386	5
573	3
573	5
1386	2
573	6
1386	1
573	7
137	2
137	3
137	1
137	6
137	7
137	4
137	5
978	5
1395	1
2444	1
978	6
2444	2
978	3
2444	3
978	4
2444	4
978	1
978	2
1395	7
1395	6
1395	5
2444	5
1395	4
2444	6
978	7
1395	3
2444	7
1395	2
2229	7
2229	6
2229	5
2229	4
2229	2
2229	1
2443	1
548	2
548	1
548	3
548	5
548	6
2443	6
548	7
2443	7
2443	4
2443	5
2443	2
2443	3
1396	2
1396	1
1396	4
1396	3
1396	7
1396	5
1396	6
135	6
135	7
1817	1
2918	2
1817	3
2918	1
1817	2
2918	4
1817	5
2918	3
1817	4
2918	6
1817	7
2918	5
1817	6
2918	7
2446	1
2446	2
136	5
1397	1
136	6
1397	2
136	7
1397	4
136	1
1397	5
136	2
1397	6
136	3
1397	7
136	4
550	1
550	2
2445	2
550	7
2445	3
2445	6
550	3
2445	7
2445	4
550	5
2445	5
550	6
1391	7
1391	6
1391	5
1391	4
1391	3
1391	2
1391	1
2232	6
2232	5
2232	7
2232	2
2232	1
2232	4
2232	3
982	7
2915	7
2915	6
982	3
2915	5
982	4
2915	4
982	5
2915	3
982	6
2915	2
2915	1
2446	7
982	2
2446	5
2446	6
2446	3
2446	4
135	1
2233	7
135	3
2233	6
135	4
2233	5
135	5
2233	4
1816	7
2233	3
2233	2
2233	1
1816	6
1816	3
1816	4
1816	1
1816	2
2449	1
2449	2
2449	3
2234	1
980	4
2234	4
980	3
2234	3
980	2
2234	6
2234	5
2449	5
2449	4
2449	7
2449	6
1814	6
1814	5
1814	4
1814	3
1814	7
980	5
980	6
980	7
2234	7
1814	2
1814	1
1394	7
133	4
133	5
1394	1
133	6
1394	2
133	7
1394	4
1394	5
133	2
1394	6
133	3
554	7
2451	1
2222	1
2222	2
2451	6
2451	7
2451	4
2451	5
2451	2
2451	3
554	2
554	1
554	4
554	3
554	6
2450	3
145	7
2450	4
145	6
555	5
2450	5
145	5
555	2
2450	6
145	4
555	3
2450	1
555	6
2450	2
555	7
1403	1
2450	7
2222	7
2222	4
2222	3
2222	6
2222	5
145	2
555	1
145	3
983	6
983	7
1403	2
2223	1
1403	3
1403	4
1403	5
1403	6
2223	5
1403	7
2223	4
2223	3
2223	2
983	1
2223	7
2223	6
983	3
983	2
983	5
983	4
984	3
984	4
984	1
984	2
984	7
984	5
1811	1
984	6
1811	3
557	6
1811	2
557	7
1811	5
557	4
1811	4
557	5
1811	7
557	2
1811	6
557	1
143	4
143	5
143	2
143	3
2224	2
2224	1
2224	4
2224	3
2224	6
2224	5
143	6
143	7
2224	7
141	1
141	2
141	3
141	4
141	5
141	6
141	7
2923	6
2923	7
2923	4
2225	7
2923	5
2225	6
2923	2
2225	5
2923	3
2923	1
2225	2
1398	7
1808	7
2225	3
1808	6
1808	5
2225	1
1398	3
1808	3
1398	6
1808	2
1398	5
1808	1
1398	2
1398	1
2226	7
2226	4
2226	3
2226	6
1809	4
1809	5
1399	6
1809	6
2226	2
1399	7
1809	7
2226	1
1399	5
1809	1
1399	4
1399	3
1399	2
1809	2
1399	1
2227	5
2227	4
2227	3
2227	2
2227	7
2227	6
2456	4
2456	3
2456	2
2456	1
2456	7
2456	6
2456	5
2921	7
2921	6
2921	5
2921	4
559	6
559	7
559	2
559	3
559	4
559	5
2921	3
2921	2
559	1
1401	6
1401	7
1401	4
1401	5
2455	7
2455	6
1401	3
1401	1
1807	7
560	7
1807	6
560	5
2455	2
560	3
2455	3
560	4
2455	4
560	1
2455	5
560	2
2920	2
2920	1
2920	4
1807	1
2920	3
2920	6
1807	3
1807	2
1807	5
2920	7
1807	4
650	7
2517	6
2517	7
2517	4
2517	5
2517	3
2517	1
650	1
650	2
650	3
650	4
650	5
650	6
2303	3
2303	2
2303	5
2303	4
2303	1
2303	7
2303	6
2518	1
2518	2
1351	7
1351	6
2518	7
2518	3
2518	4
2518	5
2518	6
2302	6
2302	5
2302	4
2302	3
2302	7
1351	1
1351	2
1351	3
1351	4
648	5
885	1
648	6
885	2
648	7
885	3
885	4
648	2
885	6
648	3
885	7
648	4
2302	1
2302	2
1829	1
2930	1
1829	2
2930	2
1829	3
1350	1
2930	3
1829	4
1350	2
2930	4
1829	5
2930	5
1829	6
2930	6
1829	7
1350	5
2930	7
1350	6
1350	3
1350	4
1350	7
175	5
175	4
175	3
175	2
647	6
647	7
175	7
175	6
2931	7
2931	6
647	1
2931	5
647	2
2931	4
647	3
2931	3
647	4
2931	2
647	5
2931	1
880	6
880	5
880	7
880	2
880	1
2300	7
880	4
2300	6
880	3
2300	5
2300	4
2300	3
2300	2
2300	1
2515	6
2932	2
2515	7
2932	1
2932	4
2932	3
2515	2
2515	3
2515	4
2515	5
2515	1
180	2
180	1
180	4
180	3
645	4
645	5
645	6
645	7
645	1
645	3
1833	6
1833	7
1833	5
2932	7
2932	6
2298	7
1833	2
1833	3
1833	1
2298	1
2298	2
2298	3
2298	4
2298	6
2933	1
2933	2
2933	3
2933	4
2933	5
2933	7
1359	5
181	3
1359	4
181	2
1359	3
2934	2
181	1
1359	2
2934	1
1359	1
181	7
181	6
890	7
181	5
181	4
1821	5
2934	7
1821	4
1821	7
2934	4
1821	1
657	2
2934	3
657	3
1359	7
1821	3
1359	6
2934	5
1821	2
657	7
657	6
657	5
657	4
891	1
180	6
180	7
2525	6
656	1
2525	7
656	2
2525	4
656	3
2525	5
656	4
656	5
2525	3
656	6
656	7
2525	1
890	4
890	3
890	6
890	5
890	2
890	1
2295	1
2295	2
2295	3
2295	4
2295	5
2295	7
2295	6
891	2
654	7
891	3
891	4
891	5
891	6
654	3
891	7
654	4
654	5
654	6
1357	1
1357	3
1357	4
1357	5
1357	6
1357	7
887	5
887	4
887	3
887	2
887	1
2293	5
2293	4
2293	7
2293	1
2293	3
2293	2
2938	4
2938	3
2938	6
2938	5
2521	4
654	1
2521	5
654	2
2521	6
2938	2
2521	7
2938	1
2521	1
2521	2
2521	3
887	6
887	7
886	7
886	4
886	3
886	6
886	5
886	2
2938	7
2939	1
1824	7
653	1
1824	6
1824	5
653	3
1824	4
653	4
1824	3
653	5
1824	2
653	6
1824	1
653	7
1826	7
2519	1
2519	3
2519	2
2519	5
2519	4
2939	2
2939	4
1826	1
2939	5
1826	2
2939	6
1826	3
2939	7
1826	4
1826	5
186	7
2519	7
2940	7
2940	5
2940	6
2940	4
2940	1
2940	2
186	4
2291	4
186	3
2291	5
186	6
2291	2
186	5
2291	3
186	2
2291	6
186	1
2291	7
888	1
651	6
888	2
651	7
888	3
888	4
651	2
888	6
651	3
888	7
651	4
651	5
2942	3
2942	4
2942	6
2942	7
160	7
160	5
160	6
160	3
160	4
160	1
160	2
635	6
635	7
635	4
635	5
635	2
635	3
2942	2
2942	1
161	2
161	3
2318	1
636	1
636	2
636	3
636	4
636	5
636	6
636	7
2315	7
2315	6
2315	2
2315	5
2315	4
1364	3
2944	5
1364	4
2944	6
1364	1
2944	7
1364	2
2944	1
2944	2
2944	3
2944	4
161	7
2530	4
161	6
2530	5
161	5
2530	6
161	4
2530	1
2530	2
2315	1
2530	7
2316	4
2316	3
2316	2
2316	1
2316	7
2316	6
635	1
162	2
162	1
1364	6
162	4
1364	5
162	3
162	6
1364	7
162	5
162	7
893	3
2313	5
893	2
2313	4
893	1
2313	7
2313	6
893	7
893	6
893	5
893	4
2313	3
2313	2
1370	2
1370	1
1370	4
1370	3
1370	6
1370	5
894	3
894	4
894	5
894	6
894	7
164	6
164	5
164	7
164	2
164	3
164	4
894	2
894	1
1845	2
1845	3
1845	6
1845	7
1845	4
1845	5
895	6
895	7
895	4
165	3
895	5
165	2
895	2
165	1
165	7
895	1
165	6
1367	7
165	5
1367	6
165	4
1367	4
1846	7
1367	2
1367	3
1846	3
1367	1
1846	4
1846	5
1846	6
1846	1
1846	2
896	5
896	6
896	7
896	1
896	2
896	3
896	4
631	6
631	7
2526	7
2526	5
2526	6
2526	3
2526	2
2526	1
631	3
631	2
631	5
631	4
2312	7
2312	6
2312	5
2312	4
2312	3
2312	2
2312	1
903	6
642	3
903	7
642	4
642	5
642	6
1372	2
1372	1
1372	4
642	1
642	2
1372	6
1372	5
1372	7
642	7
2539	1
2539	5
2539	4
2539	3
2539	2
2310	2
2310	1
2539	7
2539	6
2310	6
167	2
2310	5
167	3
2310	4
167	4
2310	3
167	5
2310	7
167	1
904	3
643	1
904	1
904	2
904	7
904	5
167	7
904	6
167	6
1373	3
1373	2
1373	1
643	6
643	7
1373	7
643	4
1373	6
643	5
1373	5
1835	1
643	2
1373	4
643	3
1835	2
1835	3
1835	4
1835	5
1835	7
2537	2
168	2
2537	3
168	1
2537	1
168	3
168	6
1370	7
168	5
168	7
2537	6
2537	7
2537	4
2537	5
641	1
641	3
641	2
641	6
641	7
641	5
906	5
906	6
906	3
906	4
906	1
906	2
2309	4
2309	7
2309	6
2309	1
2309	3
906	7
2309	2
1837	4
1837	5
1837	7
1837	1
1837	2
1837	3
170	3
170	4
170	5
170	6
900	2
900	1
170	1
900	3
170	2
2535	7
2535	6
1376	2
1376	1
1376	4
1376	3
1376	6
639	6
639	7
1376	7
900	5
639	2
900	6
900	7
639	4
639	5
170	7
639	1
2535	1
2535	2
2535	3
2535	4
2535	5
901	2
901	3
171	7
901	1
171	6
901	6
171	5
901	7
171	4
901	4
171	3
901	5
171	2
2954	6
1374	1
2954	3
1374	2
2954	4
2954	1
2954	2
1839	7
1839	4
1839	5
1839	2
1839	3
1839	1
902	7
2305	2
172	6
172	5
2534	7
2305	1
172	7
2534	5
902	3
2534	6
902	4
2534	3
902	5
2534	4
902	6
2534	2
1374	7
902	1
902	2
1374	4
172	2
172	1
1374	6
172	4
1374	5
2954	7
172	3
1840	5
1840	7
1840	1
638	2
1840	2
638	1
1840	3
1840	4
2305	5
2305	4
2305	7
2305	6
903	5
903	2
903	3
903	1
638	5
638	6
638	4
638	7
2957	2
2957	3
2957	1
2957	6
204	5
2957	7
204	6
2957	4
204	7
2957	5
2488	4
2488	3
204	2
2488	2
204	3
204	4
2488	7
2488	6
2488	5
2274	7
2274	1
2274	2
2274	5
2274	6
2274	3
2274	4
2489	4
2489	7
2489	6
2958	1
2958	2
1322	7
2489	1
2489	3
2489	2
1322	2
1322	1
1322	6
1322	5
1322	4
2490	6
1856	7
1325	4
2490	5
1325	5
2490	4
1856	5
1325	6
2490	3
1856	6
1325	7
2490	2
1856	3
2490	1
1856	4
1325	1
1856	1
1325	2
1856	2
1325	3
202	7
202	2
202	1
202	4
202	3
202	6
202	5
2491	1
1324	7
1855	7
1324	5
1324	6
1855	2
1324	3
1855	3
1324	4
1855	4
1324	1
1855	5
1324	2
1855	1
2275	6
2275	7
2275	2
2275	3
2275	4
910	7
2275	1
910	5
2490	7
910	6
910	3
910	4
2271	1
2271	4
2271	5
2271	2
2271	3
2271	6
2271	7
910	1
910	2
617	1
2484	7
2484	6
617	3
2484	5
617	2
617	5
617	4
617	7
617	6
2270	3
2961	4
2270	4
2961	7
2270	5
2961	6
2270	6
2270	7
616	7
206	7
616	6
616	5
206	5
616	4
206	6
616	3
206	3
206	4
616	1
2961	1
2961	2
2270	2
2961	3
2270	1
619	2
619	3
619	4
619	5
619	6
619	7
206	2
206	1
2486	2
2486	1
1859	1
2958	7
2958	5
2958	6
2958	4
1859	6
2486	7
1859	7
2486	6
1859	4
2486	5
1859	5
2486	4
1859	2
619	1
2486	3
1859	3
907	6
907	7
907	4
2487	6
907	5
2487	7
907	2
907	3
205	3
2272	5
205	2
2272	6
2272	7
205	7
2272	1
205	6
2272	2
205	5
2272	3
205	4
2272	4
1858	3
1327	4
1858	4
1327	5
1858	5
1327	2
1858	6
1327	3
1327	1
1858	1
1858	2
907	1
2487	2
2487	5
2487	4
1858	7
2487	1
1327	6
1327	7
2267	2
2267	3
2267	5
2267	6
2267	7
2495	7
2495	6
1330	7
1330	1
1330	2
2495	1
2495	3
2495	2
1330	6
2495	5
1330	3
2495	4
1330	4
627	7
627	6
2267	1
627	2
627	5
627	4
627	1
918	7
918	5
918	6
918	4
918	1
918	2
1332	3
1332	1
1332	2
2962	7
1849	4
1849	5
1849	6
1849	7
2962	3
2962	4
2962	5
1849	2
2962	6
1849	3
2962	1
2962	2
208	2
208	1
208	4
208	3
208	6
208	5
208	7
917	4
917	5
917	6
917	7
917	1
917	3
2963	6
2963	7
2963	4
2963	5
2963	3
1848	7
2963	1
1848	5
1848	6
1848	3
1848	4
1848	1
1848	2
2491	3
1333	2
916	7
2491	2
1333	3
916	6
2491	5
916	5
2491	4
1333	1
2491	7
2491	6
1333	7
1333	4
1333	5
624	7
624	6
2967	1
624	5
2967	2
624	4
2967	3
624	3
2967	4
624	2
2967	5
624	1
2967	7
2264	1
2264	2
2264	3
2264	4
2264	5
2264	6
2264	7
1332	5
1332	6
213	5
1332	7
213	6
213	7
2492	4
213	1
2492	2
213	2
2492	1
213	3
2492	7
2492	6
2492	5
916	1
916	2
916	3
916	4
2965	4
1852	1
2965	5
1852	2
2965	6
1852	3
2965	7
1852	4
2965	1
2965	2
1335	5
1335	2
1335	3
1852	5
1335	1
1852	6
1852	7
915	1
1335	7
1335	6
915	6
915	7
915	5
915	2
915	3
2966	1
2966	2
1334	1
1334	2
2494	2
1334	7
2494	1
2966	7
2966	5
1334	3
1334	4
2966	3
1334	5
2966	4
1334	6
2265	2
2494	7
2265	1
2494	5
2494	6
2494	3
2265	6
2265	7
2265	4
2265	5
606	6
606	5
606	4
926	7
606	3
926	6
926	5
926	4
926	3
606	7
189	3
926	2
189	2
189	7
606	1
189	6
606	2
189	5
189	4
2971	7
2971	6
1870	7
2971	3
1870	4
2971	2
1870	3
2971	5
1870	6
2971	4
1870	5
2971	1
2502	7
2502	6
2502	5
2502	4
2502	3
190	3
2502	1
190	4
190	5
190	6
190	7
2288	7
2288	5
2288	3
2288	4
190	2
2288	1
190	1
2288	2
1338	1
1338	2
608	7
608	6
608	5
1338	5
608	4
1338	6
608	3
1338	3
608	2
1338	4
2289	5
2289	4
2289	7
2289	6
2289	2
2289	3
187	7
187	6
187	5
187	4
187	3
187	2
2969	6
609	1
2969	7
2969	4
609	3
2969	5
609	2
1870	1
1870	2
2969	2
2969	3
2969	1
1338	7
2975	3
2975	2
2975	5
2975	4
2975	1
2975	7
2975	6
2285	6
2285	7
2285	4
2285	5
2285	3
2285	1
2498	6
2498	5
2498	4
2498	3
2498	2
2498	1
2498	7
191	5
2501	1
191	4
2501	2
191	3
2501	3
191	2
2501	4
191	1
2501	5
2501	6
2501	7
191	7
191	6
1872	1
1341	2
2973	1
1872	2
1341	3
1872	3
2973	3
1872	4
1341	1
2973	4
1872	5
1341	6
2973	5
1872	6
1341	7
2973	6
1872	7
1341	4
2973	7
1341	5
1873	7
1873	5
1873	4
192	6
192	5
192	7
192	2
192	1
192	4
192	3
2972	3
2972	4
2972	1
2972	2
2972	7
605	5
605	4
2972	5
605	7
2972	6
605	6
1873	2
605	1
1873	3
605	3
1873	1
605	2
196	2
196	1
196	4
2978	7
196	3
2978	6
2280	7
2978	5
2978	4
2280	5
2978	3
2280	6
2978	2
2280	3
2978	1
2280	4
2280	1
2280	2
2510	2
2510	1
1343	6
1343	7
1343	2
196	5
1343	3
1343	4
196	7
1343	5
1343	1
2281	4
2281	5
2281	6
2281	7
2281	1
2281	2
2281	3
1344	7
614	6
2509	4
614	5
2509	7
1344	5
614	4
2509	6
1344	6
614	3
2509	1
1344	3
1344	4
2509	3
1344	1
2509	2
1344	2
614	7
614	2
614	1
2282	1
2282	5
2282	6
2282	3
2282	4
1862	5
1862	6
1862	3
1862	4
1345	1
1345	2
1862	7
1345	3
2282	7
1862	1
1862	2
195	7
195	6
195	5
195	3
195	2
2283	1
2510	3
1345	7
195	1
2510	4
2510	5
1345	5
2510	6
1345	4
2510	7
2283	3
2283	2
2283	5
2283	4
2283	7
2283	6
1346	3
609	5
1346	4
1346	5
609	7
1346	6
609	6
1346	1
1346	2
2506	6
2506	5
1867	1
2506	4
2506	2
1346	7
2506	1
1867	7
1867	6
1867	5
1867	4
2506	7
1867	2
200	3
610	2
200	4
610	1
200	1
200	2
200	7
610	6
610	5
200	5
200	6
610	3
610	7
2981	5
1868	2
2981	4
1868	1
2981	7
1868	4
2278	1
2981	6
1868	3
2278	2
2981	1
2981	3
2981	2
2278	7
1868	6
2278	3
1868	5
2278	4
1868	7
2278	6
611	1
611	7
2980	3
611	3
2980	4
611	2
2980	1
611	5
2980	2
611	4
2980	7
2980	6
198	2
928	1
928	2
198	7
2279	1
928	3
928	4
928	5
198	4
2279	4
928	6
198	3
2279	5
928	7
198	6
2279	2
198	5
2279	7
2279	6
