1350	2032	1.0
2264	1814	1.0
1501	1418	1.0
87	263	1.0
515	384	1.0
1265	1285	1.0
573	550	1.0
647	2151	1.0
2136	2142	1.0
567	771	1.0
1012	2029	1.0
1780	1524	1.0
506	733	1.0
523	107	1.0
267	906	1.0
1729	1730	1.0
523	106	1.0
1489	1873	1.0
1906	1028	1.0
638	326	1.0
389	677	1.0
1741	1283	1.0
2001	1846	1.0
638	328	1.0
2492	2224	1.0
87	273	1.0
863	733	1.0
371	1338	1.0
617	3237	1.0
1025	1528	1.0
980	751	1.0
888	1999	1.0
461	2362	1.0
1852	3010	1.0
877	2402	1.0
2802	2801	1.0
1546	1428	1.0
1551	1236	1.0
1072	1745	1.0
25	407	1.0
277	581	1.0
2193	2489	1.0
1504	1286	1.0
3277	2451	1.0
805	747	1.0
1730	1718	1.0
2279	1199	1.0
3276	2411	1.0
1675	1483	1.0
523	154	1.0
802	755	1.0
339	656	1.0
277	464	1.0
1221	1076	1.0
1616	1038	1.0
1484	2117	1.0
575	550	1.0
1772	1771	1.0
2084	2083	1.0
875	2430	1.0
928	457	1.0
145	1003	1.0
518	311	1.0
2069	1346	1.0
856	3125	1.0
2811	2526	1.0
89	153	1.0
1884	1886	1.0
567	803	1.0
1879	2073	1.0
3254	3253	1.0
1374	1153	1.0
2315	3283	1.0
802	803	1.0
1771	1772	1.0
272	691	1.0
1031	1245	1.0
1207	1605	1.0
2954	2957	1.0
423	1900	1.0
1207	1607	1.0
2490	2392	1.0
700	311	1.0
276	698	1.0
754	228	1.0
2211	1708	1.0
339	464	1.0
277	656	1.0
3065	2638	1.0
1447	1378	1.0
3126	2535	1.0
585	241	1.0
451	711	1.0
2813	2540	1.0
1039	1175	1.0
1682	1408	1.0
573	698	1.0
36	93	1.0
275	736	1.0
1135	1423	1.0
100	724	1.0
2541	2470	1.0
2487	2584	1.0
2184	2678	1.0
1784	1472	1.0
2119	775	1.0
401	403	1.0
1876	1989	1.0
1350	2125	1.0
291	164	1.0
575	573	1.0
770	2158	1.0
572	698	1.0
3157	3160	1.0
2197	56	1.0
1004	248	1.0
1041	1079	1.0
2748	2749	1.0
2243	2666	1.0
1129	1589	1.0
994	606	1.0
1447	1448	1.0
277	582	1.0
3052	3055	1.0
1788	1289	1.0
1674	1640	1.0
1081	1196	1.0
3281	2331	1.0
1681	1379	1.0
2106	1145	1.0
3126	2484	1.0
3126	2486	1.0
2196	2210	1.0
1547	1548	1.0
1080	1228	1.0
1444	1535	1.0
590	135	1.0
64	950	1.0
3021	2534	1.0
2186	2540	1.0
2807	2808	1.0
1013	2032	1.0
1996	1998	1.0
823	147	1.0
339	582	1.0
823	146	1.0
823	145	1.0
1598	1599	1.0
339	581	1.0
42	2774	1.0
3072	2270	1.0
503	1008	1.0
2377	2966	1.0
1728	1515	1.0
1771	2124	1.0
1718	1888	1.0
3211	2971	1.0
263	798	1.0
353	354	1.0
510	341	1.0
957	1895	1.0
3261	3264	1.0
3228	2347	1.0
3261	3262	1.0
1198	1588	1.0
2143	2144	1.0
2143	2145	1.0
1501	1164	1.0
982	983	1.0
647	1896	1.0
2170	1134	1.0
2652	2575	1.0
1030	1101	1.0
2559	2225	1.0
2005	1462	1.0
738	737	1.0
1883	2102	1.0
3262	3264	1.0
339	903	1.0
339	902	1.0
736	814	1.0
1006	52	1.0
980	494	1.0
410	192	1.0
1607	1605	1.0
3086	2211	1.0
2170	1171	1.0
590	141	1.0
648	198	1.0
575	698	1.0
390	937	1.0
917	662	1.0
451	561	1.0
2049	1778	1.0
732	980	1.0
98	64	1.0
411	175	1.0
1357	2062	1.0
1439	1343	1.0
405	404	1.0
1081	1584	1.0
87	461	1.0
2345	2457	1.0
2961	2405	1.0
1437	1435	1.0
3062	3063	1.0
2553	2457	1.0
754	161	1.0
390	974	1.0
3062	3061	1.0
978	517	1.0
266	656	1.0
23	669	1.0
2289	2312	1.0
1620	1189	1.0
2812	2227	1.0
573	842	1.0
585	387	1.0
78	814	1.0
1439	1330	1.0
111	585	1.0
700	23	1.0
754	196	1.0
3023	2225	1.0
826	322	1.0
451	450	1.0
1030	1249	1.0
2746	2589	1.0
699	86	1.0
1550	1625	1.0
917	814	1.0
906	1235	1.0
823	418	1.0
823	419	1.0
906	1232	1.0
354	165	1.0
1681	1195	1.0
3151	3150	1.0
1968	1014	1.0
582	581	1.0
1367	1728	1.0
980	886	1.0
2090	2088	1.0
864	858	1.0
1710	2073	1.0
1565	1111	1.0
1091	1175	1.0
823	474	1.0
1885	1886	1.0
98	6	1.0
2082	666	1.0
3150	3151	1.0
3076	2450	1.0
3169	2445	1.0
700	86	1.0
1344	405	1.0
504	635	1.0
1186	1946	1.0
616	3206	1.0
442	775	1.0
700	99	1.0
700	106	1.0
2003	1453	1.0
1382	1269	1.0
735	752	1.0
616	3218	1.0
861	862	1.0
700	107	1.0
2006	1333	1.0
2325	3075	1.0
26	656	1.0
2746	2666	1.0
645	272	1.0
26	684	1.0
1501	1089	1.0
1932	2421	1.0
411	317	1.0
503	756	1.0
89	1282	1.0
98	950	1.0
555	1643	1.0
279	311	1.0
1501	1071	1.0
1772	2124	1.0
1903	1287	1.0
970	685	1.0
2088	2087	1.0
2015	1034	1.0
699	181	1.0
2395	2398	1.0
273	517	1.0
698	225	1.0
269	669	1.0
700	154	1.0
700	156	1.0
267	733	1.0
41	147	1.0
2234	2699	1.0
980	238	1.0
1035	1666	1.0
1668	1327	1.0
1518	1269	1.0
281	918	1.0
701	698	1.0
654	226	1.0
87	798	1.0
1421	2700	1.0
597	161	1.0
917	401	1.0
636	871	1.0
1943	1051	1.0
1176	2174	1.0
2005	1215	1.0
1	112	1.0
1495	2126	1.0
906	803	1.0
387	241	1.0
3219	2434	1.0
700	701	1.0
1534	711	1.0
2362	3256	1.0
87	770	1.0
856	2700	1.0
978	356	1.0
700	698	1.0
2614	2606	1.0
3141	2372	1.0
3081	2666	1.0
2259	2738	1.0
376	631	1.0
2054	1274	1.0
1876	1617	1.0
339	108	1.0
754	875	1.0
1080	1932	1.0
3044	186	1.0
1176	279	1.0
1731	1143	1.0
2212	2327	1.0
2740	2708	1.0
3068	3067	1.0
1518	1332	1.0
3068	3066	1.0
902	903	1.0
457	148	1.0
647	550	1.0
333	2343	1.0
1462	1244	1.0
800	366	1.0
1817	1728	1.0
1558	1559	1.0
389	250	1.0
1521	1234	1.0
1132	1886	1.0
116	672	1.0
657	167	1.0
1048	1128	1.0
906	733	1.0
1647	422	1.0
2265	2224	1.0
1231	2098	1.0
1	100	1.0
1563	1322	1.0
2107	1752	1.0
2615	2620	1.0
700	756	1.0
856	433	1.0
800	333	1.0
1658	1585	1.0
700	747	1.0
1658	1584	1.0
705	564	1.0
661	41	1.0
906	769	1.0
442	2666	1.0
858	346	1.0
918	326	1.0
23	900	1.0
918	328	1.0
1919	2024	1.0
3017	3018	1.0
760	721	1.0
1080	1824	1.0
85	744	1.0
1038	1680	1.0
2441	2426	1.0
448	297	1.0
1187	1649	1.0
384	515	1.0
290	733	1.0
3037	2502	1.0
124	311	1.0
3021	937	1.0
42	419	1.0
700	843	1.0
510	175	1.0
3066	3067	1.0
718	181	1.0
2617	2619	1.0
2439	2466	1.0
2064	1049	1.0
1039	1683	1.0
2617	2615	1.0
928	148	1.0
1999	1282	1.0
3163	2461	1.0
1919	2095	1.0
86	698	1.0
863	91	1.0
1761	1855	1.0
30	819	1.0
41	412	1.0
388	435	1.0
49	107	1.0
33	698	1.0
2321	2402	1.0
433	916	1.0
1047	1287	1.0
87	627	1.0
1634	775	1.0
2370	3071	1.0
605	60	1.0
30	794	1.0
33	688	1.0
755	803	1.0
88	598	1.0
1344	1882	1.0
700	907	1.0
2184	3157	1.0
1658	1738	1.0
1458	1551	1.0
1868	1867	1.0
33	666	1.0
434	916	1.0
1752	2107	1.0
442	2766	1.0
503	509	1.0
2379	2683	1.0
1569	1227	1.0
1051	1169	1.0
1919	2152	1.0
1616	1412	1.0
2669	2671	1.0
1080	1743	1.0
1919	2160	1.0
754	812	1.0
2652	915	1.0
1867	2168	1.0
89	1999	1.0
1990	1515	1.0
333	598	1.0
647	733	1.0
2313	3149	1.0
1919	2176	1.0
2313	3150	1.0
1177	1898	1.0
1890	1345	1.0
662	192	1.0
2129	1245	1.0
2234	3159	1.0
1615	1774	1.0
3031	2305	1.0
800	641	1.0
373	1008	1.0
662	204	1.0
699	457	1.0
705	240	1.0
3216	2288	1.0
1858	578	1.0
689	842	1.0
910	447	1.0
918	151	1.0
2607	2608	1.0
744	980	1.0
1893	1275	1.0
3086	2648	1.0
917	78	1.0
2608	2609	1.0
3132	3131	1.0
503	108	1.0
390	468	1.0
906	2671	1.0
2608	2607	1.0
291	253	1.0
2161	1969	1.0
87	1007	1.0
297	26	1.0
856	705	1.0
700	517	1.0
1179	1872	1.0
3189	3190	1.0
699	573	1.0
699	572	1.0
699	575	1.0
794	819	1.0
124	669	1.0
2672	2440	1.0
1546	81	1.0
273	888	1.0
1016	2094	1.0
2594	3167	1.0
699	550	1.0
1455	1274	1.0
906	2687	1.0
656	509	1.0
448	257	1.0
1656	1423	1.0
1049	1029	1.0
1879	1604	1.0
906	674	1.0
1461	1062	1.0
917	275	1.0
1460	1105	1.0
124	548	1.0
606	186	1.0
2160	2176	1.0
906	688	1.0
279	2465	1.0
1929	1928	1.0
2594	3188	1.0
662	64	1.0
617	1715	1.0
3142	2674	1.0
2605	2767	1.0
296	233	1.0
906	698	1.0
296	237	1.0
2833	3162	1.0
276	957	1.0
709	224	1.0
750	635	1.0
1991	1312	1.0
2652	2995	1.0
1616	1615	1.0
1816	1993	1.0
1372	1079	1.0
664	21	1.0
1458	1233	1.0
3210	2394	1.0
430	733	1.0
1565	1566	1.0
994	3086	1.0
2844	627	1.0
664	7	1.0
277	903	1.0
277	902	1.0
2687	1715	1.0
970	1708	1.0
1461	1141	1.0
578	3210	1.0
106	181	1.0
1544	2461	1.0
2323	2606	1.0
2778	3089	1.0
699	695	1.0
609	168	1.0
448	94	1.0
662	98	1.0
1293	1855	1.0
888	1282	1.0
1169	2107	1.0
2918	2302	1.0
699	701	1.0
2502	2862	1.0
1986	1585	1.0
505	160	1.0
1023	1908	1.0
1879	1685	1.0
699	698	1.0
1091	1609	1.0
1953	1113	1.0
2102	2103	1.0
2972	2418	1.0
431	733	1.0
1522	3256	1.0
2190	2635	1.0
700	669	1.0
1017	2139	1.0
202	1495	1.0
769	1877	1.0
800	709	1.0
388	650	1.0
800	708	1.0
754	560	1.0
1788	1053	1.0
2739	2409	1.0
1929	2023	1.0
180	647	1.0
699	669	1.0
1169	874	1.0
1647	1884	1.0
390	585	1.0
1647	1886	1.0
1169	2097	1.0
1781	1289	1.0
388	651	1.0
1858	1859	1.0
1925	1276	1.0
1692	1993	1.0
1383	1890	1.0
531	880	1.0
52	471	1.0
773	805	1.0
1654	1238	1.0
2765	3225	1.0
1398	2094	1.0
2659	1532	1.0
736	78	1.0
2659	1533	1.0
1658	1081	1.0
145	147	1.0
1044	1829	1.0
2559	3023	1.0
484	707	1.0
1048	1680	1.0
484	709	1.0
365	747	1.0
523	1461	1.0
2777	2776	1.0
1407	1733	1.0
1046	1705	1.0
1407	1734	1.0
994	1722	1.0
2204	2912	1.0
1407	1738	1.0
2362	2557	1.0
1421	433	1.0
2712	3245	1.0
2572	2571	1.0
1012	1035	1.0
3258	2415	1.0
1407	1716	1.0
52	517	1.0
1415	1416	1.0
3187	2962	1.0
46	752	1.0
2958	1814	1.0
498	146	1.0
2023	1928	1.0
1524	1168	1.0
1986	1351	1.0
1102	1610	1.0
483	698	1.0
534	733	1.0
365	674	1.0
601	672	1.0
2176	2123	1.0
6	64	1.0
675	77	1.0
675	73	1.0
1456	2073	1.0
617	68	1.0
887	1011	1.0
792	189	1.0
2734	2350	1.0
59	303	1.0
1525	1169	1.0
365	698	1.0
548	160	1.0
732	167	1.0
6	98	1.0
617	52	1.0
365	707	1.0
557	2267	1.0
890	891	1.0
1407	1659	1.0
545	546	1.0
89	2074	1.0
484	598	1.0
2696	2213	1.0
2053	2073	1.0
52	356	1.0
52	357	1.0
1102	1442	1.0
2136	1195	1.0
2737	2179	1.0
1412	1680	1.0
863	1970	1.0
863	1969	1.0
906	2279	1.0
2988	531	1.0
2988	2731	1.0
656	1008	1.0
1278	2044	1.0
1811	1316	1.0
555	107	1.0
2197	3280	1.0
56	3280	1.0
1695	1811	1.0
1461	1782	1.0
1638	1978	1.0
1407	1081	1.0
305	635	1.0
555	59	1.0
917	64	1.0
365	526	1.0
484	526	1.0
548	573	1.0
1231	1515	1.0
609	239	1.0
1469	1468	1.0
847	171	1.0
484	517	1.0
1800	1808	1.0
1047	1903	1.0
430	306	1.0
1144	2104	1.0
662	675	1.0
303	747	1.0
662	736	1.0
664	658	1.0
1	416	1.0
59	181	1.0
647	1283	1.0
856	2283	1.0
267	2082	1.0
523	1465	1.0
1006	1198	1.0
1085	2159	1.0
2056	2057	1.0
877	1490	1.0
1387	1758	1.0
611	136	1.0
320	136	1.0
917	6	1.0
1462	1649	1.0
617	2019	1.0
796	2383	1.0
1041	1680	1.0
2191	3146	1.0
2015	2016	1.0
3230	3231	1.0
2629	2381	1.0
609	707	1.0
838	836	1.0
3298	2880	1.0
888	688	1.0
2984	2455	1.0
1920	1722	1.0
645	1011	1.0
1707	1225	1.0
2932	2498	1.0
488	272	1.0
565	133	1.0
433	434	1.0
202	2126	1.0
2016	2015	1.0
2084	1370	1.0
1705	1286	1.0
2084	1357	1.0
2985	2455	1.0
1046	1454	1.0
1692	1816	1.0
1047	1522	1.0
180	1076	1.0
2405	2961	1.0
306	237	1.0
301	419	1.0
306	233	1.0
1707	1244	1.0
1	515	1.0
1274	1715	1.0
461	3160	1.0
461	3157	1.0
770	1235	1.0
376	516	1.0
906	89	1.0
770	1232	1.0
662	314	1.0
1152	1961	1.0
609	598	1.0
3290	3249	1.0
770	1274	1.0
3289	3288	1.0
1709	1215	1.0
2620	2619	1.0
3306	2655	1.0
888	698	1.0
2830	2934	1.0
296	635	1.0
1589	1236	1.0
1647	1322	1.0
1634	1802	1.0
1647	1321	1.0
548	698	1.0
484	356	1.0
662	329	1.0
800	168	1.0
1649	1244	1.0
947	707	1.0
1039	1770	1.0
2502	3181	1.0
619	241	1.0
847	605	1.0
2717	2718	1.0
545	15	1.0
555	423	1.0
373	656	1.0
300	469	1.0
1693	1594	1.0
3052	2271	1.0
2122	1965	1.0
1858	1967	1.0
1790	2364	1.0
52	598	1.0
3088	3110	1.0
658	657	1.0
3227	3228	1.0
429	674	1.0
708	709	1.0
2137	1395	1.0
1533	1287	1.0
1298	1014	1.0
1407	1381	1.0
2213	2475	1.0
554	674	1.0
2557	3256	1.0
3236	2846	1.0
1770	1175	1.0
2213	2424	1.0
363	972	1.0
525	972	1.0
2081	1334	1.0
310	162	1.0
3086	994	1.0
2208	2633	1.0
671	206	1.0
1034	2015	1.0
1986	1072	1.0
1269	2121	1.0
1034	2016	1.0
2423	2372	1.0
1047	1533	1.0
204	240	1.0
297	656	1.0
296	733	1.0
567	153	1.0
202	384	1.0
2782	2393	1.0
365	805	1.0
1048	1614	1.0
373	503	1.0
705	752	1.0
3178	3179	1.0
1061	1124	1.0
435	388	1.0
1407	1585	1.0
443	107	1.0
1461	1465	1.0
419	1003	1.0
523	957	1.0
442	1802	1.0
906	2082	1.0
1821	1271	1.0
68	106	1.0
2237	2194	1.0
1383	1345	1.0
1788	1781	1.0
2711	2762	1.0
275	204	1.0
689	181	1.0
1788	1790	1.0
1631	15	1.0
277	108	1.0
461	1007	1.0
19	60	1.0
276	154	1.0
273	263	1.0
1169	1545	1.0
2519	2847	1.0
2081	1705	1.0
1421	1771	1.0
180	1283	1.0
3245	2439	1.0
3115	2240	1.0
617	669	1.0
1638	1319	1.0
2707	2446	1.0
2574	2966	1.0
1733	1658	1.0
949	329	1.0
266	503	1.0
419	147	1.0
1	691	1.0
1587	1588	1.0
353	2584	1.0
2750	3265	1.0
276	107	1.0
484	190	1.0
2990	2989	1.0
365	235	1.0
3292	2319	1.0
1586	1630	1.0
2864	2865	1.0
617	573	1.0
770	2687	1.0
617	572	1.0
1668	2461	1.0
617	575	1.0
411	412	1.0
1014	1546	1.0
3109	2517	1.0
952	278	1.0
2213	3133	1.0
774	357	1.0
3044	2981	1.0
1	784	1.0
1102	2171	1.0
2136	1681	1.0
1126	1287	1.0
617	550	1.0
906	1970	1.0
1274	1455	1.0
1967	1549	1.0
856	1676	1.0
263	674	1.0
1102	2133	1.0
399	821	1.0
3109	2518	1.0
266	568	1.0
273	311	1.0
1807	1187	1.0
773	356	1.0
2084	1638	1.0
2300	2254	1.0
1638	1376	1.0
669	803	1.0
3263	1824	1.0
523	617	1.0
685	217	1.0
365	168	1.0
21	7	1.0
2023	1403	1.0
4	635	1.0
1381	1379	1.0
1797	1327	1.0
484	52	1.0
572	235	1.0
820	635	1.0
1788	1655	1.0
1538	1395	1.0
1052	2122	1.0
275	64	1.0
423	154	1.0
1643	1285	1.0
3226	2969	1.0
1647	1132	1.0
674	840	1.0
1367	2044	1.0
2456	862	1.0
2012	2013	1.0
411	571	1.0
1734	1745	1.0
1175	1426	1.0
1387	1359	1.0
1064	1708	1.0
1176	1386	1.0
2537	2281	1.0
2706	2865	1.0
273	104	1.0
365	104	1.0
2225	2780	1.0
3096	3098	1.0
523	698	1.0
2653	2272	1.0
2233	2541	1.0
1014	1428	1.0
276	106	1.0
674	803	1.0
2070	2069	1.0
2127	2128	1.0
773	517	1.0
1745	1379	1.0
423	107	1.0
2011	2013	1.0
1422	1766	1.0
1709	819	1.0
610	3163	1.0
423	106	1.0
2011	2012	1.0
365	52	1.0
1542	1183	1.0
3017	2239	1.0
442	1532	1.0
1014	1418	1.0
769	666	1.0
59	698	1.0
1539	1249	1.0
356	357	1.0
2938	2939	1.0
354	422	1.0
2303	2285	1.0
609	774	1.0
483	52	1.0
3287	2704	1.0
350	575	1.0
2214	3259	1.0
1750	1236	1.0
423	49	1.0
1839	1835	1.0
2456	2852	1.0
2456	2851	1.0
1839	1837	1.0
738	321	1.0
573	181	1.0
2760	2611	1.0
365	517	1.0
3096	3183	1.0
1210	1749	1.0
2884	2422	1.0
737	321	1.0
365	524	1.0
365	518	1.0
2984	2985	1.0
843	181	1.0
1595	1594	1.0
1046	1956	1.0
1595	1593	1.0
1802	1532	1.0
2362	131	1.0
2575	3218	1.0
303	805	1.0
2712	2466	1.0
770	688	1.0
2099	1277	1.0
365	484	1.0
365	483	1.0
2864	3132	1.0
13	509	1.0
1046	2003	1.0
1852	1802	1.0
373	195	1.0
270	81	1.0
1625	1550	1.0
2003	1956	1.0
297	1008	1.0
638	151	1.0
823	880	1.0
1728	2098	1.0
365	471	1.0
3100	3099	1.0
1006	1587	1.0
1381	1592	1.0
662	836	1.0
518	526	1.0
2539	2310	1.0
661	876	1.0
2106	1101	1.0
2106	3045	1.0
1593	1594	1.0
1581	2044	1.0
1373	1905	1.0
205	651	1.0
3287	2865	1.0
2535	2474	1.0
1919	1189	1.0
25	128	1.0
614	956	1.0
2712	2439	1.0
2687	688	1.0
2824	2611	1.0
407	790	1.0
1733	1986	1.0
373	108	1.0
723	722	1.0
423	195	1.0
1474	1571	1.0
1387	1567	1.0
1462	2006	1.0
2867	3182	1.0
2705	2603	1.0
267	89	1.0
2892	2254	1.0
1917	1423	1.0
773	707	1.0
3101	3102	1.0
1372	2141	1.0
1044	2166	1.0
2132	2130	1.0
784	291	1.0
888	263	1.0
365	366	1.0
1407	2136	1.0
266	108	1.0
3213	3214	1.0
371	136	1.0
770	797	1.0
365	356	1.0
1638	1182	1.0
56	972	1.0
2695	2506	1.0
2690	2688	1.0
1221	1200	1.0
2131	2130	1.0
877	726	1.0
3044	3112	1.0
877	733	1.0
267	153	1.0
2222	2666	1.0
2931	2981	1.0
2637	2636	1.0
266	195	1.0
2495	1199	1.0
1919	1277	1.0
2082	1877	1.0
617	695	1.0
430	1722	1.0
365	303	1.0
3123	195	1.0
575	311	1.0
2158	1232	1.0
2944	2483	1.0
895	74	1.0
518	674	1.0
6	950	1.0
2815	2816	1.0
774	707	1.0
2152	1433	1.0
1877	688	1.0
2152	1434	1.0
773	747	1.0
664	859	1.0
1707	611	1.0
23	336	1.0
1949	1826	1.0
2020	1399	1.0
2020	1401	1.0
1544	1327	1.0
2032	947	1.0
662	949	1.0
1852	1634	1.0
