848	0.2590510204081633
847	0.6070096153846155
850	0.41025925925925927
849	0.6903854166666666
852	0.5667019230769229
851	0.48147169811320734
854	0.5485185185185186
853	0.47232954545454536
856	0.6056354166666665
855	0.6177234042553191
858	0.491127450980392
857	0.3743043478260869
860	0.43701612903225806
859	0.4151228070175439
862	0.5959347826086957
861	0.7114166666666665
831	0.4768070175438591
832	0.6139915254237286
833	0.5725319148936171
834	0.6308958333333334
835	0.5721176470588235
836	0.6312457627118645
837	0.5957980769230767
838	0.541968085106383
839	0.4829893617021277
840	0.6211274509803922
841	0.21810416666666665
842	0.22025
843	0.6057400000000002
844	0.5441511627906976
845	0.6761555555555554
846	0.536277777777778
818	0.5194035087719299
817	0.6600699999999999
816	0.6461442307692309
815	0.547509090909091
822	0.49926415094339627
821	0.5078469387755102
820	0.5368200000000001
819	0.4516632653061223
826	0.44238181818181826
825	0.5221224489795919
824	0.73751
823	0.5499090909090909
830	0.70388
829	0.39611702127659587
828	0.41788000000000003
827	0.5937547169811319
801	0.7456470588235294
802	0.5364811320754717
799	0.5869999999999999
800	0.6189615384615383
805	0.5136346153846154
806	0.5875520833333332
803	0.5015581395348837
804	0.7821777777777776
809	0.6264824561403508
810	0.4225
807	0.4622448979591835
808	0.5619038461538461
813	0.4289659090909091
814	0.2968023255813954
811	0.5906862745098039
812	0.42203921568627445
916	0.594204081632653
915	0.4452708333333332
918	0.5157195121951219
917	0.5893518518518516
912	0.8144354838709679
911	0.5728879310344828
914	0.5161698113207547
913	0.643388888888889
924	0.3413773584905661
923	0.4766530612244898
926	0.4913163265306122
925	0.42395000000000005
920	0.41833653846153845
919	0.7018333333333334
922	0.557212962962963
921	0.47757692307692295
899	0.56576
900	0.5179204545454545
901	0.567875
902	0.736563829787234
895	0.6023265306122448
896	0.41157627118644075
897	0.4800377358490564
898	0.5138148148148146
907	0.7093362068965515
908	0.6248981481481484
909	0.41602586206896564
910	0.5260980392156862
903	0.46060638297872347
904	0.5137500000000003
905	0.3459607843137255
906	0.5985277777777779
886	0.6873557692307689
885	0.40740384615384617
884	0.7471929824561402
883	0.4288653846153848
882	0.5990333333333334
881	0.6416590909090908
880	0.6492500000000001
879	0.5453500000000001
894	0.57205
893	0.8298200000000004
892	0.5586170212765958
891	0.48053999999999986
890	0.6363412698412696
889	0.4138421052631577
888	0.5555416666666669
887	0.40366666666666673
869	0.4466375
870	0.7808090909090911
867	0.20802272727272728
868	0.4536315789473684
865	0.5014629629629629
866	0.5148125000000001
863	0.5632358490566038
864	0.7639750000000001
877	0.8777432432432435
878	0.5496754385964913
875	0.8168877551020409
876	0.7754545454545458
873	0.7294361702127662
874	0.5271632653061226
871	0.5378245614035088
872	0.4748699999999999
727	0.5818085106382976
728	0.6831099999999998
729	0.5107708333333332
730	0.8073137254901959
731	0.6772499999999999
732	0.3425833333333334
733	0.5878125
734	0.40314285714285725
719	0.6923301886792453
720	0.40727551020408165
721	0.4897872340425532
722	0.4928431372549019
723	0.45909183673469395
724	0.23863461538461533
725	0.5033962264150943
726	0.5329666666666666
712	0.5626206896551725
711	0.6367604166666666
714	0.5979183673469387
713	0.5646304347826087
716	0.6006442307692308
715	0.34289583333333323
718	0.7761530612244897
717	0.5663018867924529
704	0.45852830188679233
703	0.6690813953488371
706	0.5560319148936169
705	0.39686792452830194
708	0.4169074074074075
707	0.6230188679245283
710	0.3060102040816326
709	0.506642857142857
697	0.5752884615384615
698	0.6108545454545453
695	0.5969285714285715
696	0.3808796296296296
701	0.49789285714285725
702	0.4860847457627119
699	0.6593125000000001
700	0.41096226415094356
689	0.5622788461538462
690	0.4819574468085107
687	0.7188679245283016
688	0.5717641509433962
693	0.7720288461538467
694	0.47211
691	0.29278000000000004
692	0.48108333333333336
682	0.5080636363636365
681	0.5951
680	0.5215104166666668
679	0.4039347826086956
686	0.49046808510638296
685	0.6685188679245282
684	0.4777037037037036
683	0.6239166666666668
674	0.4404629629629629
673	0.5641599999999998
672	0.42485106382978716
671	0.6974032258064514
678	0.3713269230769229
677	0.5826333333333336
676	0.4996851851851852
675	0.618127659574468
795	0.6500999999999999
796	0.3863026315789473
797	0.33356382978723403
798	0.5465588235294118
791	0.7519454545454544
792	0.6556698113207545
793	0.6428000000000001
794	0.7785948275862068
787	0.4678508771929824
788	0.5995853658536586
789	0.7340444444444444
790	0.4665818181818182
783	0.70175
784	0.4055849056603772
785	0.37353000000000014
786	0.48115384615384615
780	0.5974444444444444
779	0.59577
782	0.4063555555555557
781	0.6285087719298247
776	0.3615952380952381
775	0.6273854166666669
778	0.4576136363636365
777	0.4650499999999999
772	0.609970588235294
771	0.491918367346939
774	0.1207065217391304
773	0.7188333333333334
768	0.3737666666666667
767	0.30471666666666675
770	0.49169672131147535
769	0.4861190476190475
765	0.5235882352941177
766	0.4354183673469389
763	0.5011634615384615
764	0.5572105263157895
761	0.6405326086956523
762	0.5211511627906977
759	0.6325377358490565
760	0.4385714285714285
757	0.7410961538461538
758	0.7325638297872342
755	0.4860080645161289
756	0.5084821428571429
753	0.39937500000000004
754	0.6507692307692307
751	0.6428333333333334
752	0.5141382978723406
750	0.6023958333333332
749	0.4533571428571428
748	0.587603448275862
747	0.5247452830188678
746	0.6531964285714286
745	0.6602672413793104
744	0.5618333333333332
743	0.594191489361702
742	0.6157686567164179
741	0.45382575757575766
740	0.5563888888888889
739	0.4784099999999999
738	0.5853222222222223
737	0.36804807692307684
736	0.30128888888888883
735	0.641625
69	0.6890975609756098
70	0.5635899999999999
67	0.34259090909090906
68	0.6320000000000001
65	0.4532735849056603
66	0.6497280701754385
63	0.5821951219512196
64	0.536674418604651
77	0.58821
78	0.46921186440677953
75	0.5194568965517239
76	0.6667596153846154
73	0.41222115384615393
74	0.5909444444444445
71	0.42489130434782596
72	0.6033796296296298
86	0.7106847826086956
85	0.5542340425531913
84	0.6139152542372879
83	0.6113723404255319
82	0.7824222222222221
81	0.5941037735849056
80	0.5510408163265307
79	0.6323829787234042
94	0.5691120689655176
93	0.44584
92	0.4199473684210526
91	0.6245204081632654
90	0.5695909090909089
89	0.4226509433962265
88	0.40828125
87	0.6704318181818181
35	0.5319361702127658
36	0.8121489361702128
37	0.4301428571428571
38	0.29802040816326536
31	0.48905932203389846
32	0.43767948717948724
33	0.5371545454545457
34	0.564141304347826
43	0.616276595744681
44	0.5975299999999999
45	0.7030333333333335
46	0.4267264150943398
39	0.6093653846153848
40	0.5378679245283018
41	0.5605128205128204
42	0.6537931034482759
52	0.6764148936170212
51	0.5262040816326531
54	0.6262403846153848
53	0.5302758620689656
48	0.5863775510204082
47	0.5559761904761902
50	0.7095566037735849
49	0.38306451612903236
60	0.691301886792453
59	0.5441727272727273
62	0.6043796296296294
61	0.5455104166666668
56	0.3235238095238095
55	0.623195652173913
58	0.5015094339622643
57	0.5343442622950818
129	0.4792727272727272
130	0.5061465517241379
127	0.608107843137255
128	0.5170416666666666
133	0.5217282608695653
134	0.5665853658536584
131	0.502
132	0.7208090909090912
137	0.5817105263157895
138	0.7571562499999999
135	0.591537037037037
136	0.529642857142857
141	0.5155673076923077
142	0.6362558139534884
139	0.4176730769230771
140	0.6117900000000001
146	0.6297450980392157
145	0.5185490196078433
144	0.4747818181818182
143	0.6731734693877548
150	0.46699999999999997
149	0.6671282051282053
148	0.29818181818181816
147	0.4765370370370371
154	0.46529069767441855
153	0.4382399999999999
152	0.5646538461538462
151	0.6882596153846156
158	0.6417888888888886
157	0.7970108695652174
156	0.46448888888888884
155	0.7391199999999998
95	0.5196145833333333
96	0.6111276595744684
97	0.7296630434782609
98	0.5293222222222224
99	0.5915196078431372
100	0.6089895833333335
101	0.56498
102	0.5450188679245281
103	0.43069230769230776
104	0.6386632653061226
105	0.5158804347826088
106	0.577204081632653
107	0.4924600000000001
108	0.7971799999999999
109	0.6112272727272727
110	0.3548245614035089
112	0.69225
111	0.6023541666666666
114	0.6308863636363637
113	0.6366792452830188
116	0.5922941176470585
115	0.6382843137254903
118	0.4618448275862069
117	0.7662884615384614
120	0.45966071428571437
119	0.3701595744680851
122	0.5919642857142856
121	0.6529693877551019
124	0.5206931818181818
123	0.7736545454545455
126	0.5943181818181819
125	0.42276315789473695
970	0.7139299999999998
969	0.5987187500000001
968	0.5937545454545456
967	0.5370851063829784
974	0.6150660377358491
973	0.6030714285714285
972	0.48995555555555553
971	0.7653636363636361
962	0.6249186046511627
961	0.430234375
960	0.6858409090909092
959	0.5557499999999999
966	0.5880104166666668
965	0.4602717391304349
964	0.5000416666666666
963	0.5970943396226416
985	0.603745283018868
986	0.7524456521739128
983	0.32907954545454543
984	0.36996226415094335
989	0.6636300000000002
990	0.5624833333333331
987	0.4418404255319149
988	0.6250425531914893
977	0.4318173076923077
978	0.7561341463414634
975	0.46068269230769227
976	0.5085816326530613
981	0.5530729166666667
982	0.5938837209302327
979	0.57796
980	0.5625999999999999
936	0.6730465116279069
935	0.469795918367347
938	0.571745283018868
937	0.4303467741935482
940	0.529169642857143
939	0.6272037037037037
942	0.8815217391304349
941	0.46987500000000004
928	0.3332142857142857
927	0.4823508771929827
930	0.4829215686274509
929	0.5418777777777777
932	0.6440363636363637
931	0.60602
934	0.7198571428571426
933	0.3836224489795919
951	0.45330999999999994
952	0.4369122807017545
953	0.6243936170212766
954	0.5884824561403508
955	0.5971274509803924
956	0.54771568627451
957	0.5199204545454547
958	0.7033706896551724
943	0.44429807692307677
944	0.6634791666666667
945	0.4736730769230769
946	0.7551818181818181
947	0.6042641509433965
948	0.5077916666666666
949	0.4560370370370369
950	0.34367346938775517
10	0.5479500000000002
9	0.6235603448275859
8	0.5995363636363635
7	0.4926181818181818
14	0.5118235294117648
13	0.5288706896551724
12	0.7475096153846154
11	0.5089528301886792
2	0.5385694444444444
1	0.5812173913043479
6	0.6959615384615384
5	0.49223863636363646
4	0.46545918367346917
3	0.5923717948717948
25	0.5031923076923076
26	0.580945652173913
23	0.32521818181818174
24	0.48535294117647043
29	0.4123720930232558
30	0.3344722222222223
27	0.5664339622641508
28	0.5535784313725488
17	0.5536250000000001
18	0.7927894736842106
15	0.5961875
16	0.5617272727272727
21	0.5306020408163267
22	0.5036964285714285
19	0.8543645833333335
20	0.7104886363636363
1000	0.3897435897435898
999	0.3789074074074073
996	0.5664807692307694
995	0.44525510204081625
998	0.5801022727272728
997	0.5712549019607845
992	0.5023163265306119
991	0.5729651162790699
994	0.48456756756756764
993	0.44615740740740734
306	0.5141276595744682
305	0.5041145833333333
304	0.8209148936170211
303	0.4988552631578948
310	0.5638653846153845
309	0.7740384615384615
308	0.2411444444444444
307	0.6122181818181817
314	0.448809090909091
313	0.5630444444444443
312	0.65745
311	0.34856730769230776
318	0.7131639344262296
317	0.5602075471698114
316	0.41332352941176476
315	0.6264069767441859
289	0.6265306122448981
290	0.3540918367346938
287	0.4937934782608696
288	0.4995666666666667
293	0.5763333333333334
294	0.6748823529411766
291	0.607971153846154
292	0.85177
297	0.5803673469387755
298	0.6283454545454545
295	0.5143979591836735
296	0.5655098039215687
301	0.6693725490196076
302	0.697938596491228
299	0.7286792452830191
300	0.4530978260869565
336	0.6701339285714286
335	0.6081538461538462
338	0.7820961538461538
337	0.49064893617021266
340	0.49409615384615385
339	0.7637924528301887
342	0.6046914893617021
341	0.6368076923076923
344	0.4489878048780487
343	0.5420425531914894
346	0.6633255813953489
345	0.4989761904761905
348	0.6396136363636362
347	0.5901694915254238
350	0.6899361702127661
349	0.47655769230769207
319	0.6313333333333333
320	0.4019222222222222
321	0.46124999999999994
322	0.4559038461538461
323	0.36407142857142843
324	0.6055454545454547
325	0.74291
326	0.5995392156862747
327	0.4455104166666666
328	0.6425249999999999
329	0.4318571428571429
330	0.6258
331	0.6257843137254901
332	0.33132291666666663
333	0.4561847826086956
334	0.3753879310344827
374	0.6074117647058824
373	0.51475
372	0.51603
371	0.4469599999999999
370	0.585453703703704
369	0.5014910714285714
368	0.4217954545454544
367	0.7040784313725489
382	0.7314915254237289
381	0.7111099999999999
380	0.513772727272727
379	0.38775
378	0.6972551020408161
377	0.458858695652174
376	0.6873829787234045
375	0.5171018518518518
357	0.563509433962264
358	0.5582916666666666
355	0.6773369565217391
356	0.6810370370370371
353	0.5787818181818182
354	0.5817857142857141
351	0.48908
352	0.9184891304347826
365	0.6333265306122449
366	0.5709886363636364
363	0.6488301886792454
364	0.531936170212766
361	0.5682446808510639
362	0.6991489361702128
359	0.5683673469387754
360	0.5701206896551724
404	0.5192596153846154
403	0.24861702127659563
406	0.3550392156862745
405	0.44313461538461557
400	0.46930769230769237
399	0.35922916666666665
402	0.39930000000000004
401	0.45982142857142866
412	0.7421416666666667
411	0.58415625
414	0.5007604166666666
413	0.646107142857143
408	0.4763103448275861
407	0.49734313725490187
410	0.7660999999999999
409	0.4560760869565218
387	0.6376415094339625
388	0.6709351851851851
389	0.7043706896551724
390	0.6783396226415095
383	0.35840909090909084
384	0.5786320754716981
385	0.7507604166666665
386	0.5047045454545455
395	0.5711372549019609
396	0.5229444444444445
397	0.49503773584905664
398	0.52716
391	0.5169811320754716
392	0.6244772727272727
393	0.48781632653061235
394	0.5767631578947369
185	0.38016037735849045
186	0.4841279069767442
183	0.47614130434782614
184	0.5276634615384614
189	0.5334411764705882
190	0.691688679245283
187	0.6137391304347827
188	0.49928431372549026
177	0.5155092592592593
178	0.4178018867924529
175	0.5528490566037736
176	0.40463559322033876
181	0.8505208333333333
182	0.44499074074074063
179	0.43004999999999993
180	0.4926949152542374
170	0.3712115384615384
169	0.31178431372549015
168	0.48652727272727275
167	0.5046666666666666
174	0.25057692307692303
173	0.5902641509433961
172	0.613343137254902
171	0.5533846153846154
162	0.525825
161	0.727027027027027
160	0.5065510204081632
159	0.6317058823529413
166	0.2529333333333333
165	0.48093396226415086
164	0.22403658536585364
163	0.4400609756097561
215	0.4431041666666667
216	0.4149255319148936
217	0.5007596153846153
218	0.6595535714285715
219	0.5335333333333333
220	0.39785714285714285
221	0.8396046511627904
222	0.4577755102040818
207	0.751322916666667
208	0.524232558139535
209	0.6132142857142856
210	0.5491320754716981
211	0.6921530612244899
212	0.463054347826087
213	0.6219791666666666
214	0.5032551020408162
200	0.779813953488372
199	0.5771491228070175
202	0.6864499999999998
201	0.14640740740740743
204	0.7409895833333335
203	0.7909799999999998
206	0.6693199999999999
205	0.5416545454545453
192	0.529911111111111
191	0.5140833333333333
194	0.6136574074074075
193	0.43499999999999983
196	0.5736020408163265
195	0.6004615384615384
198	0.6934166666666668
197	0.7949019607843139
253	0.5756274509803924
254	0.49603409090909095
251	0.3154574468085107
252	0.7679800000000001
249	0.7725930232558142
250	0.4623482142857144
247	0.704688679245283
248	0.7227840909090908
245	0.5446666666666665
246	0.5524134615384617
243	0.1703584905660377
244	0.7344183673469391
241	0.4269
242	0.590888888888889
239	0.6470568181818183
240	0.49647272727272734
238	0.7541491228070175
237	0.34527884615384613
236	0.7057700000000001
235	0.7799454545454546
234	0.8235
233	0.47369148936170197
232	0.47318749999999987
231	0.6869183673469388
230	0.5224479166666667
229	0.24595192307692304
228	0.5360545454545453
227	0.38676999999999995
226	0.4804107142857143
225	0.6160754716981129
224	0.6241699999999999
223	0.5582075471698112
283	0.27089622641509437
284	0.6470079365079365
285	0.38648039215686286
286	0.6276481481481482
279	0.3572452830188679
280	0.8089423076923079
281	0.6284574468085106
282	0.497135593220339
275	0.5214404761904762
276	0.495936170212766
277	0.5382553191489361
278	0.5398365384615385
271	0.4421727272727274
272	0.7482307692307691
273	0.5554112903225807
274	0.5150188679245284
268	0.6684285714285714
267	0.5266724137931034
270	0.5767692307692308
269	0.48404651162790696
264	0.6920106382978726
263	0.4783469387755102
266	0.46988372093023245
265	0.5694791666666664
260	0.5773604651162789
259	0.5476547619047618
262	0.5572954545454546
261	0.5905108695652174
256	0.6466111111111111
255	0.40434374999999995
258	0.2467169811320754
257	0.28869230769230775
543	0.6326250000000001
544	0.6033297872340424
545	0.4269903846153845
546	0.45347222222222217
547	0.7658725490196079
548	0.6898695652173913
549	0.7961272727272728
550	0.4849166666666667
551	0.7186847826086956
552	0.5666372549019609
553	0.7038660714285713
554	0.6304791666666666
555	0.5203240740740741
556	0.5048720930232558
557	0.5203240740740739
558	0.5903854166666668
560	0.3981935483870968
559	0.6279649122807017
562	0.32352830188679244
561	0.8830568181818182
564	0.7427439024390243
563	0.8083958333333334
566	0.6097142857142858
565	0.78024
568	0.4401296296296296
567	0.5999239130434783
570	0.41610204081632635
569	0.5140357142857143
572	0.4986249999999999
571	0.4336481481481482
574	0.5512788461538461
573	0.5940263157894737
577	0.5420111111111111
578	0.6355769230769229
575	0.45155172413793104
576	0.851423076923077
581	0.45228409090909094
582	0.5445833333333333
579	0.6138163265306122
580	0.7694285714285712
585	0.6145454545454546
586	0.32284375000000015
583	0.7858846153846156
584	0.5629285714285716
589	0.6021702127659574
590	0.5869741379310346
587	0.35151020408163264
588	0.6155096153846153
594	0.5507596153846153
593	0.47733333333333333
592	0.766009090909091
591	0.7405454545454546
598	0.7190333333333336
597	0.5010000000000002
596	0.4075263157894737
595	0.5295217391304348
602	0.5832499999999999
601	0.6370094339622645
600	0.3331100000000001
599	0.7214468085106381
606	0.41420000000000007
605	0.48033333333333345
604	0.6518200000000001
603	0.5186458333333334
611	0.5266599999999998
612	0.391475
613	0.7957843137254902
614	0.8813749999999999
607	0.6472500000000001
608	0.6473529411764706
609	0.6475181818181818
610	0.8051132075471698
619	0.5218909090909091
620	0.285375
621	0.5545789473684212
622	0.5820673076923077
615	0.6261346153846152
616	0.8420392156862744
617	0.5375851063829787
618	0.5678586956521741
628	0.5216296296296298
627	0.4982282608695651
630	0.5288888888888889
629	0.5658444444444445
624	0.4105444444444445
623	0.4907735849056604
626	0.6004818181818181
625	0.5064900000000001
636	0.39814912280701764
635	0.4956979166666668
638	0.538
637	0.6488478260869566
632	0.6285566037735849
631	0.4088421052631578
634	0.570890909090909
633	0.7101341463414634
645	0.7132129629629631
646	0.5497407407407409
643	0.39762037037037024
644	0.610891304347826
641	0.45278125000000014
642	0.5318750000000002
639	0.7612983870967743
640	0.743206896551724
653	0.6979607843137255
654	0.685808510638298
651	0.6907340425531915
652	0.3891219512195123
649	0.5406372549019606
650	0.7357368421052631
647	0.6397884615384615
648	0.6138499999999999
662	0.5293584905660376
661	0.5903191489361703
660	0.49548076923076917
659	0.5725490196078431
658	0.2399901960784314
657	0.6937735849056602
656	0.4990833333333333
655	0.5631388888888889
670	0.560372549019608
669	0.75779
668	0.6859565217391304
667	0.5342254901960785
666	0.5957735849056603
665	0.5287674418604652
664	0.6018936170212763
663	0.5997659574468083
424	0.5558500000000001
423	0.5185000000000001
426	0.6896296296296294
425	0.6109215686274512
428	0.4145102040816325
427	0.46386999999999995
430	0.6698369565217391
429	0.7192641509433964
416	0.44008163265306116
415	0.5852600000000001
418	0.5418301886792454
417	0.5131999999999999
420	0.546081395348837
419	0.35585849056603774
422	0.673096153846154
421	0.3361979166666667
439	0.5688020833333335
440	0.40164772727272724
441	0.5152592592592591
442	0.5642826086956522
443	0.5875652173913043
444	0.6583660714285714
445	0.48157317073170747
446	0.6241309523809523
431	0.4964537037037036
432	0.3468333333333333
433	0.5538333333333333
434	0.52064
435	0.7823222222222219
436	0.6029285714285713
437	0.20779999999999998
438	0.6389310344827582
458	0.7085625000000001
457	0.5986354166666668
456	0.6627818181818181
455	0.6404456521739129
462	0.23289215686274517
461	0.6602454545454545
460	0.5621777777777778
459	0.41998148148148123
450	0.6052818181818179
449	0.5559999999999999
448	0.6402282608695651
447	0.7365408163265306
454	0.66696875
453	0.665813953488372
452	0.5731442307692309
451	0.7185777777777775
473	0.5439117647058824
474	0.660813953488372
471	0.7358173076923078
472	0.5564259259259261
477	0.6677788461538461
478	0.48070652173913037
475	0.39377777777777767
476	0.3921530612244898
465	0.54846875
466	0.5266388888888889
463	0.5470425531914894
464	0.6145283018867924
469	0.5929693877551021
470	0.50434
467	0.5865816326530612
468	0.6438636363636365
492	0.32201639344262295
491	0.5724642857142858
494	0.4857075471698113
493	0.3819693877551021
488	0.5262826086956521
487	0.4134166666666667
490	0.46829347826086953
489	0.32606603773584913
484	0.7502395833333333
483	0.5423139534883721
486	0.7025106382978722
485	0.3881836734693877
480	0.5768529411764706
479	0.4942840909090909
482	0.7275754716981132
481	0.4227717391304348
507	0.47795918367346957
508	0.49899074074074057
509	0.6782653061224488
510	0.8156944444444446
503	0.3318103448275863
504	0.5246326530612246
505	0.8039799999999997
506	0.5969255319148936
499	0.693340909090909
500	0.4052363636363636
501	0.4694117647058823
502	0.3041354166666666
495	0.7147499999999998
496	0.5176346153846153
497	0.642641304347826
498	0.42475555555555555
526	0.681673469387755
525	0.6329285714285715
524	0.415465909090909
523	0.7485943396226415
522	0.621031914893617
521	0.7120762711864405
520	0.34815999999999986
519	0.5091300000000001
518	0.5108297872340427
517	0.5509146341463415
516	0.38748936170212755
515	0.5692659574468084
514	0.6385312499999999
513	0.5283333333333332
512	0.5815312499999999
511	0.35991304347826075
541	0.35147368421052627
542	0.6643444444444445
539	0.37024545454545466
540	0.6236222222222221
537	0.7564017857142853
538	0.46785714285714264
535	0.5935306122448982
536	0.6735975609756097
533	0.46411764705882347
534	0.4658043478260869
531	0.6605487804878046
532	0.6350416666666664
529	0.6546707317073169
530	0.6264999999999996
527	0.6485980392156864
528	0.2286770833333334
