98	0.5442542694497157
97	0.5826156787762903
96	0.576364779874214
95	0.5463963414634143
94	0.5751362683438156
93	0.648750487329434
92	0.5670380761523046
91	0.6167776717557258
90	0.5347331975560085
89	0.6915749999999999
88	0.6161986027944109
87	0.6099080578512405
86	0.5221790744466802
85	0.5482855711422846
84	0.5644208984374998
83	0.6033437499999997
99	0.5011837944664034
100	0.574715291750503
74	0.4248793774319066
73	0.5511639839034209
72	0.6344895238095236
71	0.4894869999999998
70	0.539852390852391
69	0.6574648594377515
68	0.6633073217726397
67	0.4624560546875
82	0.551978764478765
81	0.6019869739478958
80	0.5714704142011832
79	0.5133838912133892
78	0.5890787321063401
77	0.5604801587301587
76	0.6530386178861785
75	0.49955402750491124
57	0.423635728542914
58	0.3222835365853658
55	0.5283370901639346
56	0.5967657480314958
53	0.65991967871486
54	0.6611009708737856
51	0.4859277108433728
52	0.5072724489795918
65	0.616896090534979
66	0.6593600000000004
63	0.5202308447937125
64	0.48668061224489795
61	0.6526807465618859
62	0.6743978174603177
59	0.4874882583170252
60	0.5017545271629781
40	0.5716788461538462
39	0.5828735408560308
42	0.594354639175258
41	0.4841043737574553
36	0.6833599182004094
35	0.657314341846758
38	0.5829036144578312
37	0.4481990384615382
48	0.6137664609053493
47	0.577248962655602
50	0.6923983572895275
49	0.651146771037182
44	0.40987303149606286
43	0.4839569138276549
46	0.5676042884990249
45	0.5657974051896211
23	0.546934020618557
24	0.4200891393442621
25	0.5394035785288271
26	0.5805641025641033
19	0.5210792682926826
20	0.4861908023483368
21	0.6276457489878544
22	0.5404198717948722
31	0.6155079207920785
32	0.6737342158859471
33	0.4416659919028338
34	0.5650868686868686
27	0.6544526748971199
28	0.6036630218687878
29	0.6618897338403041
30	0.49161601642710445
6	0.592628155339806
5	0.5498705179282867
4	0.4477675619834707
3	0.5265681362725452
10	0.5965584158415841
9	0.4837410714285708
8	0.5079904214559386
7	0.5011260080645159
14	0.5907216796874994
13	0.4238434442270061
12	0.5838452611218569
11	0.5988171487603308
18	0.5007536382536384
17	0.46710537190082657
16	0.34840139442231055
15	0.434644050104384
1	0.5581153846153848
2	0.5356250000000001
