848	0.2815909090909091
847	0.5838500000000001
850	0.42275
849	0.7188518518518519
852	0.5675877192982457
851	0.4810762711864405
854	0.5522840909090911
853	0.4899999999999999
856	0.6354680851063829
855	0.5845760869565217
858	0.5028018867924527
857	0.36387500000000006
860	0.43069491525423714
859	0.40897321428571426
862	0.5346818181818181
861	0.6768947368421052
831	0.4876086956521736
832	0.6149326923076923
833	0.5714318181818182
834	0.674625
835	0.574488888888889
836	0.6531754385964913
837	0.6140918367346938
838	0.535704081632653
839	0.4830573770491803
840	0.5941886792452832
841	0.17590217391304355
842	0.19067777777777778
843	0.6553055555555555
844	0.6124204545454548
845	0.6765510204081635
846	0.4509
818	0.5659807692307691
817	0.62705
816	0.6182307692307691
815	0.5748181818181819
822	0.5050204081632653
821	0.4616304347826085
820	0.545109090909091
819	0.41635555555555565
826	0.43165306122448976
825	0.5320116279069768
824	0.776546511627907
823	0.540591836734694
830	0.7003942307692307
829	0.4128909090909091
828	0.4251020408163265
827	0.6008018867924528
801	0.7349999999999999
802	0.5544555555555557
799	0.5916888888888887
800	0.6299561403508774
805	0.5109411764705883
806	0.6332857142857143
803	0.49946874999999996
804	0.7455357142857143
809	0.5935204081632653
810	0.40282999999999985
807	0.4404270833333333
808	0.6101276595744682
813	0.44827906976744175
814	0.34057142857142864
811	0.7367075471698112
812	0.46405555555555544
916	0.6010686274509803
915	0.36710999999999994
918	0.535801724137931
917	0.6193799999999999
912	0.8185762711864407
911	0.5506333333333333
914	0.5286315789473686
913	0.6639705882352942
924	0.31493478260869584
923	0.47065178571428573
926	0.505198275862069
925	0.43670212765957434
920	0.44453921568627447
919	0.6645204081632651
922	0.5710232558139535
921	0.42084615384615376
899	0.5611637931034484
900	0.5080490196078432
901	0.5819791666666667
902	0.7332033898305086
895	0.6023333333333334
896	0.47592857142857126
897	0.4926326530612244
898	0.533794117647059
907	0.7090943396226416
908	0.6513374999999998
909	0.41877083333333337
910	0.4725882352941174
903	0.47739361702127636
904	0.5162545454545456
905	0.37922093023255804
906	0.6213083333333334
886	0.6844673913043477
885	0.45346078431372533
884	0.7470729166666666
883	0.3942674418604651
882	0.5749528301886792
881	0.6250283018867921
880	0.6476454545454545
879	0.5458846153846155
894	0.6023673469387754
893	0.82275
892	0.5641590909090909
891	0.4796530612244896
890	0.6558660714285715
889	0.4174999999999999
888	0.5589473684210529
887	0.40780357142857143
869	0.39657608695652175
870	0.7681607142857141
867	0.20706481481481484
868	0.434375
865	0.5060937499999999
866	0.4869262295081968
863	0.5590961538461537
864	0.732304347826087
877	0.8766170212765958
878	0.5689500000000001
875	0.8230686274509804
876	0.7527307692307695
873	0.7663305084745762
874	0.4664347826086956
871	0.5510681818181818
872	0.5155363636363636
727	0.5920384615384615
728	0.6977105263157893
729	0.5116186440677964
730	0.8022222222222221
731	0.6847395833333332
732	0.3425384615384617
733	0.5829268292682929
734	0.4383749999999999
719	0.6936818181818182
720	0.3625000000000001
721	0.4659363636363635
722	0.4991206896551724
723	0.4729519230769231
724	0.2703214285714286
725	0.48224107142857137
726	0.5229716981132075
712	0.6261122448979592
711	0.6510166666666667
714	0.6186250000000002
713	0.5624454545454547
716	0.5860416666666667
715	0.38053061224489815
718	0.7817272727272727
717	0.6065980392156863
704	0.4486382978723404
703	0.6257264150943398
706	0.5368854166666667
705	0.4463400000000001
708	0.44863829787234055
707	0.5095760869565215
710	0.278204081632653
709	0.4987999999999999
697	0.585125
698	0.6091521739130435
695	0.5445384615384617
696	0.3612765957446808
701	0.4521929824561403
702	0.45128124999999986
699	0.6698207547169813
700	0.41717
689	0.5516603773584905
690	0.4447254901960784
687	0.7118061224489797
688	0.5412708333333334
693	0.7741900000000002
694	0.3792685185185185
691	0.30773999999999996
692	0.48097058823529415
682	0.6022553191489364
681	0.5106395348837207
680	0.518264705882353
679	0.3837788461538461
686	0.48894791666666665
685	0.6468108108108107
684	0.5180624999999999
683	0.6700943396226418
674	0.45914999999999995
673	0.5754905660377356
672	0.42175000000000007
671	0.7252666666666668
678	0.26169607843137255
677	0.5175232558139534
676	0.5321886792452831
675	0.7193690476190477
795	0.6904807692307694
796	0.385359649122807
797	0.2989180327868852
798	0.5505208333333333
791	0.7597692307692309
792	0.6335283018867924
793	0.7100480769230769
794	0.7334183673469391
787	0.46869642857142857
788	0.6162899999999998
789	0.7028979591836736
790	0.4607291666666668
783	0.7063999999999997
784	0.45002222222222216
785	0.33360465116279076
786	0.4779285714285715
780	0.5853265306122448
779	0.6168295454545454
782	0.4068823529411766
781	0.6787040816326532
776	0.3645465116279069
775	0.6349711538461538
778	0.42899090909090914
777	0.46810784313725495
772	0.6086981132075471
771	0.47080263157894725
774	0.11246363636363639
773	0.7227962962962964
768	0.3439722222222223
767	0.3100333333333334
770	0.48865853658536584
769	0.49587254901960776
765	0.5089888888888889
766	0.4416041666666668
763	0.5150555555555557
764	0.5594354838709676
761	0.6184351851851851
762	0.5135465116279069
759	0.5921603773584905
760	0.491609090909091
757	0.7237254901960783
758	0.7962045454545454
755	0.4657181818181818
756	0.5498055555555557
753	0.4065188679245282
754	0.660820754716981
751	0.6555849056603773
752	0.5568846153846154
750	0.579790909090909
749	0.6073023255813953
748	0.5894673913043477
747	0.4817830188679244
746	0.692298076923077
745	0.5933076923076923
744	0.5900999999999998
743	0.5832340425531914
742	0.6394528301886793
741	0.45146511627906977
740	0.5395568181818181
739	0.4462653061224488
738	0.6451428571428572
737	0.44357272727272745
736	0.3336964285714286
735	0.5964062499999998
69	0.6999310344827587
70	0.5615697674418603
67	0.3409489795918368
68	0.6545357142857143
65	0.44443269230769233
66	0.6350090909090909
63	0.6007403846153848
64	0.46219767441860465
77	0.6067444444444444
78	0.5329433962264152
75	0.4712719298245613
76	0.6681545454545456
73	0.42360714285714307
74	0.5842682926829269
71	0.4541339285714285
72	0.6036979166666666
86	0.7187692307692308
85	0.5436979166666666
84	0.5825098039215686
83	0.5925701754385964
82	0.8120462962962963
81	0.6070119047619047
80	0.4397790697674419
79	0.6135681818181818
94	0.643156862745098
93	0.4526463414634146
92	0.42553999999999986
91	0.6536764705882351
90	0.5666666666666667
89	0.4083870967741935
88	0.4611145833333334
87	0.680698275862069
35	0.5538333333333333
36	0.8696354166666668
37	0.45586842105263164
38	0.3089803921568628
31	0.46655769230769245
32	0.4533333333333332
33	0.5733510638297873
34	0.5667586206896553
43	0.6009083333333333
44	0.5739528301886793
45	0.6697692307692308
46	0.4151792452830189
39	0.5645510204081634
40	0.5088061224489797
41	0.5730673076923076
42	0.6763240740740741
52	0.6822653061224487
51	0.5563095238095237
54	0.6599761904761904
53	0.5466847826086956
48	0.5651489361702129
47	0.5692551020408162
50	0.7342727272727273
49	0.3921355932203391
60	0.65519
59	0.5024777777777778
62	0.5841976744186046
61	0.6269166666666667
56	0.32044999999999996
55	0.672811320754717
58	0.5011120689655172
57	0.5495222222222224
129	0.48518269230769234
130	0.5451326530612244
127	0.6274051724137933
128	0.5132500000000001
133	0.5091979166666668
134	0.5500851063829788
131	0.48880851063829794
132	0.7125217391304348
137	0.5035897435897435
138	0.7532499999999998
135	0.6695624999999998
136	0.6052452830188679
141	0.4041458333333335
142	0.6426222222222222
139	0.48975
140	0.6817272727272728
146	0.5577692307692308
145	0.508826530612245
144	0.483093220338983
143	0.7334999999999998
150	0.4318583333333333
149	0.6471792452830187
148	0.33766363636363644
147	0.44165
154	0.4490555555555556
153	0.44816999999999996
152	0.6623815789473685
151	0.6985729166666669
158	0.6393859649122808
157	0.7768653846153846
156	0.48351851851851846
155	0.7258055555555555
95	0.5125232558139534
96	0.6454464285714288
97	0.66825
98	0.47732653061224484
99	0.5596666666666665
100	0.5811000000000002
101	0.5629433962264151
102	0.579245283018868
103	0.3942700000000001
104	0.6650546875000001
105	0.5746847826086957
106	0.5702843137254903
107	0.5000116279069768
108	0.8055588235294117
109	0.5792894736842105
110	0.39163709677419356
112	0.6916052631578947
111	0.585566037735849
114	0.6009361702127661
113	0.608
116	0.5451410256410256
115	0.6535636363636365
118	0.49645918367346925
117	0.7559673913043478
120	0.45052884615384625
119	0.38721276595744686
122	0.593516949152542
121	0.6767608695652172
124	0.5308363636363637
123	0.7325961538461538
126	0.6059901960784313
125	0.4236634615384616
970	0.6833584905660378
969	0.6054900000000001
968	0.6464767441860466
967	0.5579435483870969
974	0.6011842105263158
973	0.6046250000000001
972	0.51646875
971	0.7708557692307689
962	0.7089313725490194
961	0.4279607843137256
960	0.7082045454545456
959	0.5890106382978723
966	0.5839489795918368
965	0.4713392857142856
964	0.52263
963	0.5959117647058824
985	0.5653921568627451
986	0.7144433962264154
983	0.32293220338983053
984	0.34953260869565206
989	0.6907553191489363
990	0.51581914893617
987	0.42151785714285717
988	0.6279374999999998
977	0.4381382978723404
978	0.7665408163265304
975	0.4894285714285714
976	0.5543265306122449
981	0.5297916666666667
982	0.6265212765957447
979	0.572343137254902
980	0.5829722222222221
936	0.7249888888888888
935	0.43976666666666675
938	0.5817352941176471
937	0.4227636363636363
940	0.529575
939	0.6789693877551022
942	0.8635196078431373
941	0.46214130434782613
928	0.36640625
927	0.47520408163265293
930	0.49165957446808506
929	0.5474903846153846
932	0.6901346153846154
931	0.5394999999999999
934	0.6913
933	0.38735964912280696
951	0.5361100000000001
952	0.4230740740740742
953	0.6330849056603772
954	0.5533365384615384
955	0.5513823529411764
956	0.503030612244898
957	0.5456500000000002
958	0.7597924528301884
943	0.4093404255319147
944	0.5884444444444444
945	0.5307291666666666
946	0.7561764705882351
947	0.5924100000000002
948	0.4323888888888888
949	0.4535365853658536
950	0.33268367346938776
10	0.5322692307692308
9	0.6147280701754386
8	0.6222962962962962
7	0.47431896551724145
14	0.49702678571428577
13	0.521188679245283
12	0.7408627450980393
11	0.5161395348837209
2	0.5336190476190478
1	0.5268962264150944
6	0.6918163265306121
5	0.519548076923077
4	0.43513888888888874
3	0.6056
25	0.5258999999999999
26	0.6522765957446809
23	0.36232352941176466
24	0.5181627906976743
29	0.5078369565217392
30	0.3285769230769231
27	0.5430769230769231
28	0.5544387755102037
17	0.578908163265306
18	0.7742840909090909
15	0.6254761904761905
16	0.555282608695652
21	0.539298076923077
22	0.48203124999999986
19	0.8594583333333331
20	0.6851530612244896
1000	0.4717884615384617
999	0.3502037037037037
996	0.5582444444444444
995	0.4324883720930232
998	0.5978541666666667
997	0.5666562500000001
992	0.4943636363636364
991	0.5647888888888889
994	0.4879615384615385
993	0.38642857142857145
306	0.5098152173913044
305	0.5142717391304348
304	0.7509056603773585
303	0.6002250000000003
310	0.5543068181818183
309	0.746653846153846
308	0.22728260869565214
307	0.5922234042553189
314	0.4211382978723403
313	0.5641370967741934
312	0.6042999999999998
311	0.366304347826087
318	0.7264375000000001
317	0.5245283018867924
316	0.44797872340425526
315	0.6410699999999998
289	0.6572333333333334
290	0.399127659574468
287	0.55809
288	0.5400384615384617
293	0.5647555555555555
294	0.6871842105263162
291	0.6713636363636363
292	0.8488953488372091
297	0.5862027027027029
298	0.6272282608695653
295	0.5069642857142858
296	0.5758625
301	0.6535576923076923
302	0.7290961538461539
299	0.7108936170212766
300	0.46427450980392154
336	0.6538200000000001
335	0.6235833333333334
338	0.7772857142857145
337	0.45100862068965514
340	0.5496923076923078
339	0.7702395833333333
342	0.5718020833333333
341	0.608590909090909
344	0.5042446808510638
343	0.5492499999999999
346	0.6771382978723406
345	0.48277450980392167
348	0.6225108695652174
347	0.5410677966101696
350	0.7015476190476191
349	0.4639811320754717
319	0.6772978723404254
320	0.41872115384615394
321	0.4598301886792452
322	0.4677549019607843
323	0.34161016949152545
324	0.6201403508771928
325	0.7462352941176469
326	0.5921363636363636
327	0.4570625
328	0.6724285714285715
329	0.46088636363636354
330	0.6074791666666667
331	0.6532978723404255
332	0.3933510638297872
333	0.4487868852459017
334	0.36425
374	0.6435111111111113
373	0.5218679245283019
372	0.46605172413793094
371	0.4938490566037735
370	0.5779537037037037
369	0.4689693877551022
368	0.40730769230769226
367	0.6902083333333334
382	0.7510344827586206
381	0.7327446808510637
380	0.5157555555555555
379	0.32240425531914896
378	0.6779545454545456
377	0.446575471698113
376	0.6930128205128203
375	0.5067410714285713
357	0.5450299999999999
358	0.5757604166666667
355	0.6707542372881359
356	0.6695686274509806
353	0.5582333333333334
354	0.6061078431372547
351	0.4763679245283017
352	0.9128584905660377
365	0.6398229166666667
366	0.6009886363636364
363	0.6754782608695652
364	0.5686694915254239
361	0.5675877192982456
362	0.7137700000000001
359	0.5503723404255317
360	0.5181509433962264
404	0.5061413043478262
403	0.2669479166666667
406	0.3457857142857143
405	0.42724489795918374
400	0.4901578947368422
399	0.3613061224489797
402	0.34326
401	0.47826530612244894
412	0.7403100000000002
411	0.5579148936170212
414	0.47242156862745105
413	0.6235648148148151
408	0.4741276595744681
407	0.5249891304347826
410	0.7335
409	0.4931785714285714
387	0.6690384615384615
388	0.6727358490566037
389	0.7136037735849058
390	0.6730937499999999
383	0.3799880952380953
384	0.5984910714285714
385	0.7727589285714288
386	0.5200636363636364
395	0.5628529411764706
396	0.5052272727272727
397	0.5121111111111111
398	0.4926037735849056
391	0.508159574468085
392	0.6128137254901961
393	0.4913529411764708
394	0.5503653846153848
185	0.41467307692307676
186	0.4876458333333331
183	0.44339583333333343
184	0.49483673469387757
189	0.5294687499999998
190	0.7005660377358492
187	0.6481224489795919
188	0.4741428571428571
177	0.5353799999999999
178	0.392329268292683
175	0.5620124999999999
176	0.4020299999999999
181	0.8583999999999998
182	0.4063269230769232
179	0.473965909090909
180	0.4483700000000001
170	0.3531886792452829
169	0.29981249999999987
168	0.47434693877551015
167	0.5079999999999999
174	0.22299056603773584
173	0.5569400000000001
172	0.6009999999999999
171	0.5700625000000001
162	0.5685865384615384
161	0.7037363636363636
160	0.5005106382978722
159	0.6737592592592593
166	0.24821951219512198
165	0.49712244897959185
164	0.24942592592592594
163	0.47429166666666683
215	0.487409090909091
216	0.5086315789473683
217	0.5036057692307693
218	0.696673469387755
219	0.5319215686274509
220	0.4043977272727273
221	0.8616272727272727
222	0.5241956521739131
207	0.7575384615384615
208	0.5522021276595743
209	0.6028965517241377
210	0.5482941176470589
211	0.65872
212	0.429625
213	0.5549069767441861
214	0.47020000000000006
200	0.777175
199	0.5837291666666667
202	0.6745300000000001
201	0.20366346153846152
204	0.8099042553191488
203	0.8097307692307691
206	0.6828695652173913
205	0.5345909090909091
192	0.54031
191	0.4970754716981131
194	0.5634999999999999
193	0.47352040816326524
196	0.42063999999999985
195	0.6096442307692309
198	0.6721545454545453
197	0.8249454545454546
253	0.5809322033898308
254	0.5055729166666668
251	0.338298076923077
252	0.7449411764705884
249	0.7997596153846158
250	0.4294347826086958
247	0.7283170731707314
248	0.769301886792453
245	0.5752700000000001
246	0.5396862745098039
243	0.17823404255319153
244	0.7128039215686274
241	0.4530892857142857
242	0.5937282608695654
239	0.6622169811320755
240	0.4886607142857143
238	0.69565
237	0.3664700000000001
236	0.6927272727272727
235	0.794
234	0.7959363636363638
233	0.5054999999999998
232	0.5133255813953489
231	0.6939333333333332
230	0.5133301886792452
229	0.3053235294117647
228	0.5412254901960782
227	0.3422799999999999
226	0.5325666666666667
225	0.5862982456140349
224	0.5941249999999998
223	0.5759519230769231
283	0.1937857142857143
284	0.656159574468085
285	0.3921160714285716
286	0.6479622641509434
279	0.33783333333333326
280	0.8070462962962965
281	0.6629122807017542
282	0.5736203703703705
275	0.5262
276	0.49867857142857147
277	0.551965909090909
278	0.5453095238095238
271	0.43969047619047624
272	0.7214700000000002
273	0.5622173913043477
274	0.5167659574468086
268	0.6417553191489362
267	0.4385217391304346
270	0.5480175438596492
269	0.5507386363636363
264	0.6908529411764707
263	0.5113125
266	0.5186065573770492
265	0.5434100000000001
260	0.5706818181818182
259	0.5334649122807018
262	0.5885795454545455
261	0.5627093023255815
256	0.6188510638297873
255	0.4266101694915256
258	0.2703888888888889
257	0.2705882352941177
543	0.5811810344827586
544	0.5695
545	0.5270833333333335
546	0.40018627450980393
547	0.7402019230769229
548	0.6929787234042554
549	0.7550510204081632
550	0.49281914893617024
551	0.699788888888889
552	0.5862924528301887
553	0.716490740740741
554	0.641219298245614
555	0.5301276595744682
556	0.5191874999999999
557	0.5830217391304346
558	0.58664
560	0.3671444444444445
559	0.63275
562	0.33425892857142875
561	0.86941
564	0.7588921568627449
563	0.8514310344827587
566	0.614298245614035
565	0.7468636363636364
568	0.4288124999999998
567	0.5916636363636362
570	0.4986274509803921
569	0.567265306122449
572	0.49465217391304334
571	0.46376249999999997
574	0.5529313725490196
573	0.5814107142857143
577	0.5945612244897959
578	0.6587159090909092
575	0.42737254901960775
576	0.8442261904761904
581	0.4718095238095237
582	0.6595795454545453
579	0.5655350877192983
580	0.7982500000000001
585	0.6193653846153848
586	0.3260400000000001
583	0.7875272727272726
584	0.6516300000000002
589	0.5273536585365853
590	0.601638888888889
587	0.33053191489361705
588	0.5773301886792452
594	0.5700446428571425
593	0.5202037037037036
592	0.7665566037735848
591	0.7418020833333333
598	0.7263055555555555
597	0.5462830188679246
596	0.41253125000000007
595	0.5354270833333333
602	0.5582558139534883
601	0.6805471698113207
600	0.2766219512195122
599	0.7147403846153846
606	0.35768085106382996
605	0.5081170212765957
604	0.6136083333333332
603	0.4931979166666666
611	0.47503508771929803
612	0.3962099999999999
613	0.8084326923076923
614	0.8888684210526314
607	0.6533958333333335
608	0.5467065217391304
609	0.6855425531914894
610	0.8293205128205126
619	0.5004999999999998
620	0.29256666666666664
621	0.6127380952380952
622	0.535861111111111
615	0.5785319148936171
616	0.855471153846154
617	0.5668888888888889
618	0.5656875
628	0.5480446428571428
627	0.5049285714285714
630	0.5465348837209302
629	0.5164347826086957
624	0.4344736842105264
623	0.5165916666666667
626	0.5981999999999998
625	0.5413020833333334
636	0.4125000000000002
635	0.5363673469387755
638	0.5691979166666666
637	0.639066037735849
632	0.6650918367346939
631	0.455951219512195
634	0.56859375
633	0.6623125
645	0.7028586956521741
646	0.5336607142857142
643	0.4031754385964912
644	0.6237127659574467
641	0.4434000000000001
642	0.5393020833333334
639	0.7722857142857146
640	0.7171078431372548
653	0.6867924528301886
654	0.6794272727272728
651	0.7053611111111111
652	0.37169811320754714
649	0.5087446808510638
650	0.7739181818181818
647	0.6029791666666665
648	0.6453673469387755
662	0.5714807692307692
661	0.5491063829787235
660	0.45678181818181807
659	0.5178163265306124
658	0.20858333333333334
657	0.6856176470588236
656	0.5044180327868852
655	0.5330454545454546
670	0.5543981481481483
669	0.738212962962963
668	0.6046489361702125
667	0.5315754716981134
666	0.5645636363636364
665	0.496990566037736
664	0.6119259259259259
663	0.6158305084745764
424	0.5473425925925925
423	0.51275
426	0.6618854166666667
425	0.6110425531914896
428	0.46318367346938777
427	0.44181730769230787
430	0.669767857142857
429	0.7141590909090909
416	0.5198181818181818
415	0.5920648148148149
418	0.5559912280701754
417	0.5162019230769231
420	0.5024782608695653
419	0.39525000000000005
422	0.6339732142857141
421	0.31091346153846156
439	0.6332777777777777
440	0.43482352941176455
441	0.5448823529411765
442	0.6200727272727272
443	0.6237254901960785
444	0.6612978723404256
445	0.4552604166666668
446	0.6003333333333333
431	0.5056568627450979
432	0.38685555555555556
433	0.530063829787234
434	0.456690909090909
435	0.7930392156862742
436	0.6079545454545454
437	0.2201304347826087
438	0.6761727272727271
458	0.6718936170212765
457	0.6211929824561404
456	0.7128877551020407
455	0.6477187499999999
462	0.2319895833333334
461	0.6855957446808507
460	0.5357978723404254
459	0.40853061224489784
450	0.6026749999999997
449	0.5626041666666667
448	0.6604454545454543
447	0.7112118644067796
454	0.644355769230769
453	0.658581395348837
452	0.6062692307692309
451	0.694127659574468
473	0.4807843137254902
474	0.59475
471	0.7408
472	0.5780344827586209
477	0.6703725490196079
478	0.5243240740740741
475	0.32553125
476	0.4436122448979591
465	0.5216346153846155
466	0.49263888888888896
463	0.5632596153846154
464	0.6303363636363636
469	0.6136595744680852
470	0.510125
467	0.5471545454545454
468	0.6543636363636363
492	0.3179659090909091
491	0.5689791666666665
494	0.47022448979591824
493	0.3967391304347827
488	0.5475531914893617
487	0.4410833333333333
490	0.46876999999999996
489	0.3435111111111112
484	0.7617717391304346
483	0.5696607142857142
486	0.6789117647058822
485	0.4968269230769231
480	0.5460086206896552
479	0.5258055555555554
482	0.71367
481	0.4409107142857142
507	0.5018854166666665
508	0.5354574468085106
509	0.6712372881355934
510	0.7888333333333335
503	0.3271090909090909
504	0.5462755102040816
505	0.8262314814814812
506	0.56061
499	0.6777692307692309
500	0.4374893617021277
501	0.46701724137931017
502	0.3397403846153847
495	0.7333061224489793
496	0.5277758620689653
497	0.591530612244898
498	0.4254545454545454
526	0.6567395833333333
525	0.5498775510204081
524	0.41757608695652165
523	0.7756122448979592
522	0.6257666666666666
521	0.7018571428571428
520	0.41876530612244894
519	0.48648076923076916
518	0.5029361702127662
517	0.5918829787234042
516	0.30735999999999997
515	0.6021599999999999
514	0.6203367346938775
513	0.5364
512	0.5019499999999999
511	0.36848148148148163
541	0.3607155172413793
542	0.6175333333333333
539	0.3271320754716981
540	0.5894999999999998
537	0.674548076923077
538	0.3809
535	0.6155833333333334
536	0.6651020408163267
533	0.4088365384615384
534	0.48155660377358495
531	0.6294375
532	0.5767738095238095
529	0.6603706896551723
530	0.6798599999999998
527	0.6109222222222221
528	0.2661022727272727
